090  3200  1317      NaN    0.000    0.000
095  3059  1328    5.063    0.977    2.987
098  3032  1356      NaN    0.000    0.000
099  2999  1358      NaN    0.000    0.000
100  3217  1381    4.168    1.032    2.316
101  3107  1356      NaN    0.000    0.000
102  2760  1349      NaN    0.629    1.961
104  3233  1367      NaN    0.000    0.000
105  3237  1373      NaN    0.000    0.000
106  3263  1400      NaN    0.000    0.000
108  3021  1393      NaN    0.000    0.000
112  2983  1404      NaN    0.000    0.000
114  3131  1419      NaN    0.000    0.000
115  3462  1403    2.944    1.435    3.029
116  3021  1407      NaN    0.000    0.000
119  3023  1427      NaN    0.000    0.000
121  3188  1437      NaN    0.000    0.000
127  3132  1460      NaN    0.000    0.000
129  2968  1482      NaN    0.910    3.023
130  3295  1458      NaN    0.413    2.900
131  3074  1497      NaN    0.000    0.000
133  3067  1527      NaN    0.000    0.000
135  3136  1544    3.221    0.848    2.777
136  3216  1505      NaN    0.000    0.000
137  3155  1523    5.526    0.000    0.000
138  3292  1565      NaN    0.000    0.000
140  2998  1568      NaN    0.784    3.161
143  3206  1582      NaN    0.000    0.000
146  3042  1589      NaN    0.000    0.000
152  3285  1618      NaN    0.000    0.000
155  3201  1662      NaN    0.000    0.000
156  3013  1662      NaN    0.000    0.000
159  3253  1669    5.970    0.000    0.000
162  3186  1698      NaN    0.000    0.000
164  2945  1670    5.734    0.835    2.903
165  2956  1702      NaN    0.000    0.000
168  3108  1710      NaN    0.000    0.000
169  2852  1716      NaN    0.000    0.000
170  2992  1749      NaN    0.384    2.519
172  2980  1642    5.711    0.681    3.397
174  3066  1679    4.570    0.326    2.832
175  2949  1740    4.641    0.477    2.094
184  2972  1847      NaN    0.000    0.000
185  2931  1872      NaN    0.000    0.000
187  3012  1862      NaN    0.810    2.358
188  3012  1862      NaN    0.810    2.358
189  2976  1877      NaN    0.000    0.000
192  3141  1663      NaN    0.000    0.000
201  2963  1378    2.010    0.932    3.384
202  3080  1402      NaN    0.000    0.000
203  3079  1427    4.837    0.887    3.094
211  3156  1338      NaN    0.977    2.577
212  3124  1380    5.832    0.432    2.303
214  3273  1416    3.600    0.397    2.935
216  3248  1438    5.281    0.000    0.000
217  3209  1414      NaN    0.532    2.223
221  3159  1439    5.328    1.016    2.845
226  3107  1514    5.414    0.858    2.887
232  3039  1482    5.238    0.874    3.106
235  2975  1532      NaN    0.823    3.129
236  3016  1538    5.017    0.848    3.045
238  3079  1557    5.366    0.000    0.000
243  2993  1599    6.035    0.671    3.181
244  3057  1612    5.643    0.874    2.735
245  3010  1618      NaN    0.000    0.000
247  3062  1636    5.843    0.752    2.871
248  3083  1607    3.727    0.887    2.784
251  2991  1633    6.181    0.658    3.494
252  2967  1649    6.003    0.745    3.274
253  3237  1656      NaN    0.000    0.000
254  3039  1639    4.062    0.797    2.839
255  3212  1656      NaN    0.000    0.000
256  3052  1673      NaN    0.742    3.258
257  3251  1647    6.151    0.000    0.000
258  3049  1708      NaN    0.768    3.371
258  3049  1708      NaN    0.768    3.371
259  2999  1723    6.262    0.652    3.603
260  3016  1716    6.218    0.000    0.000
261  2977  1731    6.304    0.690    3.555
262  3056  1724      NaN    0.861    3.461
263  3169  1645    6.040    0.771    3.061
264  3108  1624    6.137    0.761    2.881
265  3012  1862      NaN    0.810    2.358
266  3102  1687      NaN    0.000    0.000
271  3239  1463    5.043    0.516    2.284
272  3195  1471      NaN    0.000    0.000
273  3154  1499    3.024    0.000    0.000
276  3254  1521    6.321    0.358    2.719
277  3295  1509    6.638    0.365    2.690
278  3214  1529      NaN    0.000    0.000
279  3173  1554      NaN    0.000    0.000
281  3244  1572    5.573    0.858    3.206
283  3272  1589    6.011    0.890    3.410
284  3127  1606    5.494    0.784    2.787
285  3156  1618      NaN    0.797    3.003
288  3220  1626      NaN    0.000    0.000
289  3123  1635    5.993    0.771    3.065
294  3205  1694    4.915    0.455    2.794
295  3129  1702      NaN    0.471    2.906
003  3406   862      NaN    0.848    2.984
005  3171   918    1.617    0.452    0.794
008  3340   921      NaN    0.000    0.000
014  3012   921    3.799    0.929    1.694
016  3156   964      NaN    0.000    0.000
020  2980  1013    3.112    0.690    1.503
022  3154  1030    3.768    1.148    1.932
025  3271  1046      NaN    0.490    2.355
028  2794  1071      NaN    0.987    2.897
031  3053  1080    3.737    1.045    1.571
035  2732  1110      NaN    0.000    0.000
037  2829  1123    4.487    0.945    2.961
039  2941  1102    4.855    1.006    2.545
041  3087  1128    5.316    1.013    2.555
046  3158  1117    4.736    0.000    0.000
050  2874  1164      NaN    0.868    3.058
052  2986  1209    4.832    0.948    2.442
055  3074  1212      NaN    0.532    2.445
058  2889  1229      NaN    0.000    0.000
060  2844  1265      NaN    0.000    0.000
061  3158  1263    5.542    0.000    0.000
065  2887  1287      NaN    0.000    0.000
067  2973  1289    4.640    0.884    2.945
068  2788  1328    5.060    1.265    2.755
069  2879  1341      NaN    0.794    3.235
070  2976  1349    4.956    0.781    3.400
075  3057  1298    5.213    1.023    2.442
