090  3200  1317      NaN    0.000    0.000
095  3059  1328    6.344    2.855    4.045
098  3032  1356      NaN    0.000    0.000
099  2999  1358      NaN    0.000    0.000
100  3217  1381    6.687    2.239    5.661
101  3107  1356      NaN    0.000    0.000
102  2760  1349      NaN    6.274    7.397
104  3233  1367      NaN    0.000    0.000
105  3237  1373      NaN    0.000    0.000
106  3263  1400      NaN    0.000    0.000
108  3021  1393      NaN    0.000    0.000
112  2983  1404      NaN    0.000    0.000
114  3131  1419      NaN    0.000    0.000
115  3462  1403    5.478    3.374    5.165
116  3021  1407      NaN    0.000    0.000
119  3023  1427      NaN    0.000    0.000
121  3188  1437      NaN    0.000    0.000
127  3132  1460      NaN    0.000    0.000
129  2968  1482      NaN    3.429    5.445
130  3295  1458      NaN    1.419    5.335
131  3074  1497      NaN    0.000    0.000
133  3067  1527      NaN    0.000    0.000
135  3136  1544    4.951    4.394    6.213
136  3216  1505      NaN    0.000    0.000
137  3155  1523    6.135    0.000    0.000
138  3292  1565      NaN    0.000    0.000
140  2998  1568      NaN    2.813    5.755
143  3206  1582      NaN    0.000    0.000
146  3042  1589      NaN    0.000    0.000
152  3285  1618      NaN    0.000    0.000
155  3201  1662      NaN    0.000    0.000
156  3013  1662      NaN    0.000    0.000
159  3253  1669      NaN    0.000    0.000
162  3186  1698      NaN    0.000    0.000
164  2945  1670      NaN    3.384    5.923
165  2956  1702      NaN    0.000    0.000
168  3108  1710      NaN    0.000    0.000
169  2852  1716      NaN    0.000    0.000
170  2992  1749      NaN    4.113    6.568
172  2980  1642    5.031    2.445    5.858
174  3066  1679    5.055    5.071    6.774
175  2949  1740    5.145    5.829    7.597
184  2972  1847      NaN    0.000    0.000
185  2931  1872      NaN    0.000    0.000
187  3012  1862      NaN    2.119    4.029
188  3012  1862      NaN    2.119    4.029
189  2976  1877      NaN    0.000    0.000
192  3141  1663      NaN    0.000    0.000
201  2963  1378    4.390    1.932    4.574
202  3080  1402      NaN    0.000    0.000
203  3079  1427    4.681    2.435    4.645
211  3156  1338      NaN    3.348    4.632
212  3124  1380    6.050    2.523    4.158
214  3273  1416    4.039    3.745    6.616
216  3248  1438    6.832    0.000    0.000
217  3209  1414      NaN    4.719    6.023
221  3159  1439    5.927    2.258    4.552
226  3107  1514    5.517    3.113    5.416
232  3039  1482    4.599    2.558    5.152
235  2975  1532    5.746    2.903    5.487
236  3016  1538    4.851    2.374    5.552
238  3079  1557    5.524    0.000    0.000
243  2993  1599    5.515    2.761    6.013
244  3057  1612    5.291    2.542    5.377
245  3010  1618      NaN    0.000    0.000
247  3062  1636    4.896    3.345    4.923
248  3083  1607    4.717    2.287    5.200
251  2991  1633    5.865    2.452    5.868
252  2967  1649    5.024    1.984    6.358
253  3237  1656      NaN    0.000    0.000
254  3039  1639    3.971    2.494    4.997
255  3212  1656      NaN    0.000    0.000
256  3052  1673      NaN    2.935    5.561
257  3251  1647    6.140    0.000    0.000
258  3049  1708      NaN    4.077    5.745
258  3049  1708      NaN    4.077    5.745
259  2999  1723    6.522    3.094    5.532
260  3016  1716    5.522    0.000    0.000
261  2977  1731    5.143    2.681    5.481
262  3056  1724    3.586    3.871    6.035
263  3169  1645    4.682    3.168    5.871
264  3108  1624    5.870    5.694    6.997
265  3012  1862      NaN    2.119    4.029
266  3102  1687      NaN    0.000    0.000
271  3239  1463    4.132    4.565    6.058
272  3195  1471      NaN    0.000    0.000
273  3154  1499    5.142    0.000    0.000
276  3254  1521    6.299    2.026    4.813
277  3295  1509    5.925    2.913    5.652
278  3214  1529      NaN    0.000    0.000
279  3173  1554      NaN    0.000    0.000
281  3244  1572    4.144    2.390    6.084
283  3272  1589    5.501    2.548    6.877
284  3127  1606    5.896    2.429    5.500
285  3156  1618      NaN    2.945    5.619
288  3220  1626      NaN    0.000    0.000
289  3123  1635      NaN    3.052    5.758
294  3205  1694    6.689    2.303    5.294
295  3129  1702      NaN    3.271    5.700
003  3406   862      NaN    2.855    6.419
005  3171   918    5.551    2.245    4.161
008  3340   921      NaN    0.000    0.000
014  3012   921    5.615    2.210    3.981
016  3156   964      NaN    0.000    0.000
020  2980  1013    6.118    1.181    2.606
022  3154  1030    6.536    2.539    4.042
025  3271  1046      NaN    1.045    5.016
028  2794  1071      NaN    1.968    3.661
031  3053  1080    5.940    1.468    2.968
035  2732  1110      NaN    0.000    0.000
037  2829  1123    5.963    1.723    4.506
039  2941  1102    5.852    1.629    3.735
041  3087  1128    5.910    2.626    6.494
046  3158  1117      NaN    0.000    0.000
050  2874  1164      NaN    2.035    5.094
052  2986  1209    6.553    1.677    3.852
055  3074  1212      NaN    1.594    4.629
058  2889  1229      NaN    0.000    0.000
060  2844  1265      NaN    0.000    0.000
061  3158  1263    7.595    0.000    0.000
065  2887  1287      NaN    0.000    0.000
067  2973  1289    4.784    2.035    4.165
068  2788  1328    6.078    2.019    3.810
069  2879  1341    5.412    2.074    5.342
070  2976  1349    5.557    2.100    5.232
075  3057  1298    5.689    1.865    4.306
