090  3200  1317      NaN    0.000    0.000
095  3059  1328    3.420    0.843    2.050
098  3032  1356      NaN    0.000    0.000
099  2999  1358      NaN    0.000    0.000
100  3217  1381    3.109    0.832    1.500
101  3107  1356      NaN    0.000    0.000
102  2760  1349      NaN    0.361    1.218
104  3233  1367      NaN    0.000    0.000
105  3237  1373      NaN    0.000    0.000
106  3263  1400      NaN    0.000    0.000
108  3021  1393      NaN    0.000    0.000
112  2983  1404      NaN    0.000    0.000
114  3131  1419      NaN    0.000    0.000
115  3462  1403    1.010    1.121    2.089
116  3021  1407      NaN    0.000    0.000
119  3023  1427      NaN    0.000    0.000
121  3188  1437      NaN    0.000    0.000
127  3132  1460      NaN    0.000    0.000
129  2968  1482      NaN    0.782    2.129
130  3295  1458      NaN    0.429    2.196
131  3074  1497      NaN    0.000    0.000
133  3067  1527      NaN    0.000    0.000
135  3136  1544    2.022    0.739    2.129
136  3216  1505      NaN    0.000    0.000
137  3155  1523    3.627    0.000    0.000
138  3292  1565      NaN    0.000    0.000
140  2998  1568      NaN    0.850    2.286
143  3206  1582      NaN    0.000    0.000
146  3042  1589      NaN    0.000    0.000
152  3285  1618      NaN    0.000    0.000
155  3201  1662      NaN    0.000    0.000
156  3013  1662      NaN    0.000    0.000
159  3253  1669    4.292    0.000    0.000
162  3186  1698      NaN    0.000    0.000
164  2945  1670    3.332    0.786    2.079
165  2956  1702      NaN    0.000    0.000
168  3108  1710      NaN    0.000    0.000
169  2852  1716      NaN    0.000    0.000
170  2992  1749      NaN    0.293    2.057
172  2980  1642    3.495    0.761    2.150
174  3066  1679    3.200    0.346    2.036
175  2949  1740    2.513    0.321    1.761
184  2972  1847      NaN    0.000    0.000
185  2931  1872      NaN    0.000    0.000
187  3012  1862      NaN    0.493    1.711
188  3012  1862      NaN    0.493    1.711
189  2976  1877      NaN    0.000    0.000
192  3141  1663      NaN    0.000    0.000
201  2963  1378    0.856    0.846    2.232
202  3080  1402      NaN    0.000    0.000
203  3079  1427    3.226    0.736    2.211
211  3156  1338      NaN    0.807    1.964
212  3124  1380    3.938    0.339    1.971
214  3273  1416    2.424    0.368    2.161
216  3248  1438    3.929    0.000    0.000
217  3209  1414      NaN    0.446    1.657
221  3159  1439    3.789    0.854    2.004
226  3107  1514    3.577    0.743    2.164
232  3039  1482    3.448    0.746    2.232
235  2975  1532      NaN    0.764    2.264
236  3016  1538    3.482    0.786    2.193
238  3079  1557    3.623    0.000    0.000
243  2993  1599    3.663    0.718    2.264
244  3057  1612    3.663    0.864    1.950
245  3010  1618      NaN    0.000    0.000
247  3062  1636    4.124    0.707    2.089
248  3083  1607    2.699    0.832    2.014
251  2991  1633    3.993    0.721    2.232
252  2967  1649    3.536    0.829    2.029
253  3237  1656      NaN    0.000    0.000
254  3039  1639    2.763    0.739    2.107
255  3212  1656      NaN    0.000    0.000
256  3052  1673      NaN    0.736    2.300
257  3251  1647    4.499    0.000    0.000
258  3049  1708      NaN    0.843    2.296
258  3049  1708      NaN    0.843    2.296
259  2999  1723    4.598    0.750    2.246
260  3016  1716    4.376    0.000    0.000
261  2977  1731    4.103    0.739    2.207
262  3056  1724      NaN    0.857    2.293
263  3169  1645    4.445    0.814    2.193
264  3108  1624    4.180    0.771    2.171
265  3012  1862      NaN    0.493    1.711
266  3102  1687      NaN    0.000    0.000
271  3239  1463    3.703    0.339    1.332
272  3195  1471      NaN    0.000    0.000
273  3154  1499    1.757    0.000    0.000
276  3254  1521    4.237    0.357    2.254
277  3295  1509    4.616    0.357    2.211
278  3214  1529      NaN    0.000    0.000
279  3173  1554      NaN    0.000    0.000
281  3244  1572    3.987    0.871    2.229
283  3272  1589    4.358    0.932    2.414
284  3127  1606    4.096    0.782    2.054
285  3156  1618      NaN    0.771    2.200
288  3220  1626      NaN    0.000    0.000
289  3123  1635    4.302    0.739    2.254
294  3205  1694    4.854    0.371    2.343
295  3129  1702      NaN    0.479    1.986
003  3406   862      NaN    0.839    1.911
005  3171   918    1.667    0.307    0.468
008  3340   921      NaN    0.000    0.000
014  3012   921    1.645    0.550    0.739
016  3156   964      NaN    0.000    0.000
020  2980  1013    1.712    0.371    0.786
022  3154  1030    2.309    0.779    1.339
025  3271  1046      NaN    0.536    1.243
028  2794  1071      NaN    0.836    1.793
031  3053  1080    2.320    0.657    1.075
035  2732  1110      NaN    0.000    0.000
037  2829  1123    3.263    0.861    1.861
039  2941  1102    2.682    0.804    1.671
041  3087  1128    2.851    0.814    1.700
046  3158  1117    2.698    0.000    0.000
050  2874  1164      NaN    0.736    1.661
052  2986  1209    2.770    0.768    1.682
055  3074  1212      NaN    0.532    1.671
058  2889  1229      NaN    0.000    0.000
060  2844  1265      NaN    0.000    0.000
061  3158  1263    3.195    0.000    0.000
065  2887  1287      NaN    0.000    0.000
067  2973  1289    2.600    0.814    2.029
068  2788  1328    3.358    0.982    1.996
069  2879  1341      NaN    0.818    2.193
070  2976  1349    2.919    0.618    1.871
075  3057  1298    2.555    0.896    1.821
