090    3200  1317      NaN    0.000    0.000
095    3059  1328    6.189    1.548    5.135
098    3032  1356      NaN    0.000    0.000
099    2999  1358      NaN    0.000    0.000
100    3217  1381    6.523    1.590    5.329
101    3107  1356      NaN    0.000    0.000
102    2760  1349      NaN    3.516    5.184
104    3233  1367      NaN    0.000    0.000
105    3237  1373      NaN    0.000    0.000
106    3263  1400      NaN    0.000    0.000
108    3021  1393      NaN    0.000    0.000
112    2983  1404      NaN    0.000    0.000
114    3131  1419      NaN    0.000    0.000
115    3462  1403    7.669    3.168    5.474
116    3021  1407      NaN    0.000    0.000
119    3023  1427      NaN    0.000    0.000
121    3188  1437      NaN    0.000    0.000
127    3132  1460      NaN    0.000    0.000
129    2968  1482      NaN    1.600    5.448
130    3295  1458      NaN    1.610    5.955
131    3074  1497      NaN    0.000    0.000
133    3067  1527      NaN    0.000    0.000
135    3136  1544    5.660    2.019    5.494
136    3216  1505      NaN    0.000    0.000
137    3155  1523    7.264    0.000    0.000
138    3292  1565      NaN    0.000    0.000
140    2998  1568      NaN    1.865    5.939
143    3206  1582      NaN    0.000    0.000
146    3042  1589      NaN    0.000    0.000
152    3285  1618      NaN    0.000    0.000
155    3201  1662      NaN    0.000    0.000
156    3013  1662      NaN    0.000    0.000
159    3253  1669      NaN    0.000    0.000
162    3186  1698      NaN    0.000    0.000
164    2945  1670      NaN    2.410    5.500
165    2956  1702      NaN    0.000    0.000
168    3108  1710      NaN    0.000    0.000
169    2852  1716      NaN    0.000    0.000
170    2992  1749      NaN    2.210    5.835
172    2980  1642    5.698    1.352    5.697
174    3066  1679    5.810    2.313    5.603
175    2949  1740    6.546    3.613    5.787
184    2972  1847      NaN    0.000    0.000
185    2931  1872      NaN    0.000    0.000
187    3012  1862      NaN    2.200    6.403
188    3012  1862      NaN    2.200    6.403
189    2976  1877      NaN    0.000    0.000
192    3141  1663      NaN    0.000    0.000
201    2963  1378      NaN    1.616    5.245
202    3080  1402      NaN    0.000    0.000
203    3079  1427    5.093    1.639    5.052
211    3156  1338      NaN    2.071    4.945
212    3124  1380    6.270    2.042    4.865
214    3273  1416    5.905    2.587    5.806
216    3248  1438    6.487    0.000    0.000
217    3209  1414      NaN    2.394    5.065
221    3159  1439    6.843    1.658    5.158
226    3107  1514    6.715    2.061    5.497
232    3039  1482    6.358    1.868    5.368
235    2975  1532      NaN    1.671    5.539
236    3016  1538      NaN    1.700    5.548
238    3079  1557    6.196    0.000    0.000
243    2993  1599    6.189    1.613    5.732
244    3057  1612    6.649    1.403    5.471
245    3010  1618      NaN    0.000    0.000
247    3062  1636    6.269    1.794    5.458
248    3083  1607    5.285    1.439    5.584
251    2991  1633    6.376    1.461    5.713
252    2967  1649    6.291    1.442    5.639
253    3237  1656      NaN    0.000    0.000
254    3039  1639    3.209    1.590    5.523
255    3212  1656      NaN    0.000    0.000
256    3052  1673      NaN    1.835    5.694
257    3251  1647    7.008    0.000    0.000
258    3049  1708      NaN    2.465    5.977
258    3049  1708      NaN    2.465    5.977
259    2999  1723    6.767    1.758    5.984
260    3016  1716    6.786    0.000    0.000
261    2977  1731    6.475    1.658    5.865
262    3056  1724    5.200    2.716    6.174
263    3169  1645    5.750    1.487    5.606
264    3108  1624    6.845    2.997    5.739
265    3012  1862      NaN    2.200    6.403
266    3102  1687      NaN    0.000    0.000
271    3239  1463    4.271    2.361    5.223
272    3195  1471      NaN    0.000    0.000
273    3154  1499    5.310    0.000    0.000
276    3254  1521    6.982    2.835    5.552
277    3295  1509    6.950    1.742    5.568
278    3214  1529      NaN    0.000    0.000
279    3173  1554      NaN    0.000    0.000
281    3244  1572    6.373    1.226    5.758
283    3272  1589    6.907    1.223    6.065
284    3127  1606    6.511    1.442    5.387
285    3156  1618      NaN    1.835    5.610
288    3220  1626      NaN    0.000    0.000
289    3123  1635    7.174    2.035    5.642
294    3205  1694    6.573    2.513    5.848
295    3129  1702      NaN    3.500    5.784
003    3406   862      NaN    1.552    5.126
005    3171   918    4.956    1.587    4.768
008    3340   921      NaN    0.000    0.000
014    3012   921    6.462    1.390    5.277
016    3156   964      NaN    0.000    0.000
020    2980  1013    5.952    1.506    4.900
022    3154  1030    6.365    1.255    4.768
025    3271  1046      NaN    1.565    5.697
028    2794  1071      NaN    1.365    5.287
031    3053  1080    6.294    1.581    4.542
035    2732  1110      NaN    0.000    0.000
037    2829  1123    5.814    1.335    5.332
039    2941  1102    6.023    1.481    5.103
041    3087  1128    5.740    1.252    5.339
046    3158  1117      NaN    0.000    0.000
050    2874  1164      NaN    1.281    5.732
052    2986  1209    6.949    1.490    4.923
055    3074  1212      NaN    1.206    5.813
058    2889  1229      NaN    0.000    0.000
060    2844  1265      NaN    0.000    0.000
061    3158  1263    7.714    0.000    0.000
065    2887  1287      NaN    0.000    0.000
067    2973  1289    5.536    1.497    5.168
068    2788  1328    6.683    2.452    5.035
069    2879  1341    6.358    1.323    5.468
070    2976  1349    5.934    1.268    5.348
075    3057  1298    5.952    1.152    5.035
