090  3200  1317      NaN    0.000    0.000
095  3059  1328    6.684    1.216    5.087
098  3032  1356      NaN    0.000    0.000
099  2999  1358      NaN    0.000    0.000
100  3217  1381    6.509    1.355    4.652
101  3107  1356      NaN    0.000    0.000
102  2760  1349      NaN    3.281    5.148
104  3233  1367      NaN    0.000    0.000
105  3237  1373      NaN    0.000    0.000
106  3263  1400      NaN    0.000    0.000
108  3021  1393      NaN    0.000    0.000
112  2983  1404      NaN    0.000    0.000
114  3131  1419      NaN    0.000    0.000
115  3462  1403      NaN    2.965    4.526
116  3021  1407      NaN    0.000    0.000
119  3023  1427      NaN    0.000    0.000
121  3188  1437      NaN    0.000    0.000
127  3132  1460      NaN    0.000    0.000
129  2968  1482      NaN    1.055    5.861
130  3295  1458      NaN    1.410    5.039
131  3074  1497      NaN    0.000    0.000
133  3067  1527      NaN    0.000    0.000
135  3136  1544    5.915    1.797    4.923
136  3216  1505      NaN    0.000    0.000
137  3155  1523    7.281    0.000    0.000
138  3292  1565      NaN    0.000    0.000
140  2998  1568      NaN    1.397    5.848
143  3206  1582      NaN    0.000    0.000
146  3042  1589      NaN    0.000    0.000
152  3285  1618      NaN    0.000    0.000
155  3201  1662      NaN    0.000    0.000
156  3013  1662      NaN    0.000    0.000
159  3253  1669      NaN    0.000    0.000
162  3186  1698      NaN    0.000    0.000
164  2945  1670      NaN    2.232    5.300
165  2956  1702      NaN    0.000    0.000
168  3108  1710      NaN    0.000    0.000
169  2852  1716      NaN    0.000    0.000
170  2992  1749      NaN    1.990    5.203
172  2980  1642    6.279    1.326    5.506
174  3066  1679    6.153    2.632    4.910
175  2949  1740      NaN    3.255    5.100
184  2972  1847      NaN    0.000    0.000
185  2931  1872      NaN    0.000    0.000
187  3012  1862      NaN    2.265    5.252
188  3012  1862      NaN    2.265    5.252
189  2976  1877      NaN    0.000    0.000
192  3141  1663      NaN    0.000    0.000
201  2963  1378      NaN    1.206    5.558
202  3080  1402      NaN    0.000    0.000
203  3079  1427    6.200    1.184    5.126
211  3156  1338      NaN    1.558    4.519
212  3124  1380    7.651    1.658    4.519
214  3273  1416    6.416    2.126    4.910
216  3248  1438    7.174    0.000    0.000
217  3209  1414      NaN    2.039    4.432
221  3159  1439    7.269    1.448    4.906
226  3107  1514    7.048    1.748    5.097
232  3039  1482    7.081    1.526    5.206
235  2975  1532      NaN    1.239    5.690
236  3016  1538      NaN    1.142    5.597
238  3079  1557    7.121    0.000    0.000
243  2993  1599    6.817    1.316    5.639
244  3057  1612    6.736    1.539    4.835
245  3010  1618      NaN    0.000    0.000
247  3062  1636    7.354    1.929    4.794
248  3083  1607    5.663    1.613    4.971
251  2991  1633    6.908    1.384    5.555
252  2967  1649    6.691    1.306    5.429
253  3237  1656      NaN    0.000    0.000
254  3039  1639    4.381    1.635    4.910
255  3212  1656      NaN    0.000    0.000
256  3052  1673    8.132    2.003    4.932
257  3251  1647    7.041    0.000    0.000
258  3049  1708      NaN    2.452    5.016
258  3049  1708      NaN    2.452    5.016
259  2999  1723      NaN    1.790    5.323
260  3016  1716    7.005    0.000    0.000
261  2977  1731    6.614    1.500    5.281
262  3056  1724      NaN    2.403    5.161
263  3169  1645    6.805    1.752    4.745
264  3108  1624    7.720    2.765    5.094
265  3012  1862      NaN    2.265    5.252
266  3102  1687      NaN    0.000    0.000
271  3239  1463    5.914    2.300    4.455
272  3195  1471      NaN    0.000    0.000
273  3154  1499    5.513    0.000    0.000
276  3254  1521    7.470    2.029    4.829
277  3295  1509    7.824    1.755    4.755
278  3214  1529      NaN    0.000    0.000
279  3173  1554      NaN    0.000    0.000
281  3244  1572    6.723    1.506    5.077
283  3272  1589    7.552    1.694    5.113
284  3127  1606    7.069    1.694    4.719
285  3156  1618      NaN    1.871    4.819
288  3220  1626      NaN    0.000    0.000
289  3123  1635    7.501    2.026    4.839
294  3205  1694    7.190    2.416    4.765
295  3129  1702      NaN    3.135    4.913
003  3406   862      NaN    1.603    4.516
005  3171   918    6.240    1.461    4.403
008  3340   921      NaN    0.000    0.000
014  3012   921    6.321    1.400    5.000
016  3156   964      NaN    0.000    0.000
020  2980  1013    6.311    1.535    4.674
022  3154  1030    6.768    1.565    4.419
025  3271  1046      NaN    1.574    5.339
028  2794  1071      NaN    1.145    5.671
031  3053  1080    7.282    1.881    4.152
035  2732  1110      NaN    0.000    0.000
037  2829  1123    6.449    1.235    5.539
039  2941  1102    6.740    1.510    4.974
041  3087  1128      NaN    1.474    5.106
046  3158  1117      NaN    0.000    0.000
050  2874  1164      NaN    1.155    5.755
052  2986  1209    6.950    1.626    4.874
055  3074  1212      NaN    1.219    5.765
058  2889  1229      NaN    0.000    0.000
060  2844  1265      NaN    0.000    0.000
061  3158  1263    8.317    0.000    0.000
065  2887  1287      NaN    0.000    0.000
067  2973  1289    6.942    1.194    5.223
068  2788  1328      NaN    1.571    5.568
069  2879  1341      NaN    1.058    5.655
070  2976  1349    6.919    0.974    5.539
075  3057  1298    6.975    1.165    4.810
