090    3200  1317      NaN    0.000    0.000
095    3059  1328    5.576    1.377    3.897
098    3032  1356      NaN    0.000    0.000
099    2999  1358      NaN    0.000    0.000
100    3217  1381    5.340    1.473    3.800
101    3107  1356      NaN    0.000    0.000
102    2760  1349      NaN    1.977    4.030
104    3233  1367      NaN    0.000    0.000
105    3237  1373      NaN    0.000    0.000
106    3263  1400      NaN    0.000    0.000
108    3021  1393      NaN    0.000    0.000
112    2983  1404      NaN    0.000    0.000
114    3131  1419      NaN    0.000    0.000
115    3462  1403    5.477    2.190    4.377
116    3021  1407      NaN    0.000    0.000
119    3023  1427      NaN    0.000    0.000
121    3188  1437      NaN    0.000    0.000
127    3132  1460      NaN    0.000    0.000
129    2968  1482      NaN    1.273    4.270
130    3295  1458      NaN    1.123    4.403
131    3074  1497      NaN    0.000    0.000
133    3067  1527      NaN    0.000    0.000
135    3136  1544    3.381    1.310    4.040
136    3216  1505      NaN    0.000    0.000
137    3155  1523    5.853    0.000    0.000
138    3292  1565      NaN    0.000    0.000
140    2998  1568      NaN    1.100    4.613
143    3206  1582      NaN    0.000    0.000
146    3042  1589      NaN    0.000    0.000
152    3285  1618      NaN    0.000    0.000
155    3201  1662      NaN    0.000    0.000
156    3013  1662      NaN    0.000    0.000
159    3253  1669      NaN    0.000    0.000
162    3186  1698      NaN    0.000    0.000
164    2945  1670      NaN    1.457    4.197
165    2956  1702      NaN    0.000    0.000
168    3108  1710      NaN    0.000    0.000
169    2852  1716      NaN    0.000    0.000
170    2992  1749      NaN    1.150    4.393
172    2980  1642    5.427    0.920    4.510
174    3066  1679    4.589    1.180    4.383
175    2949  1740    4.825    1.357    4.290
184    2972  1847      NaN    0.000    0.000
185    2931  1872      NaN    0.000    0.000
187    3012  1862      NaN    1.757    4.630
188    3012  1862      NaN    1.757    4.630
189    2976  1877      NaN    0.000    0.000
192    3141  1663      NaN    0.000    0.000
201    2963  1378      NaN    1.287    4.217
202    3080  1402      NaN    0.000    0.000
203    3079  1427    5.027    1.160    3.963
211    3156  1338      NaN    1.430    3.700
212    3124  1380    5.809    1.273    3.613
214    3273  1416    4.743    1.260    4.283
216    3248  1438    6.203    0.000    0.000
217    3209  1414      NaN    1.383    3.637
221    3159  1439    5.320    1.467    3.777
226    3107  1514    5.517    1.270    4.057
232    3039  1482    5.308    1.177    4.197
235    2975  1532      NaN    1.170    4.370
236    3016  1538      NaN    1.083    4.343
238    3079  1557    5.468    0.000    0.000
243    2993  1599    6.004    1.020    4.547
244    3057  1612    5.541    1.193    4.170
245    3010  1618      NaN    0.000    0.000
247    3062  1636    5.013    1.200    4.133
248    3083  1607    3.070    1.187    4.257
251    2991  1633    5.625    0.933    4.560
252    2967  1649    5.633    0.997    4.543
253    3237  1656      NaN    0.000    0.000
254    3039  1639    2.400    1.150    4.240
255    3212  1656      NaN    0.000    0.000
256    3052  1673      NaN    1.103    4.420
257    3251  1647    6.385    0.000    0.000
258    3049  1708      NaN    1.730    4.200
258    3049  1708      NaN    1.730    4.200
259    2999  1723    6.257    1.027    4.443
260    3016  1716    5.733    0.000    0.000
261    2977  1731    5.986    0.937    4.387
262    3056  1724    4.848    1.413    4.433
263    3169  1645    5.441    1.120    4.233
264    3108  1624    6.140    1.297    4.213
265    3012  1862      NaN    1.757    4.630
266    3102  1687      NaN    0.000    0.000
271    3239  1463    4.136    1.287    3.743
272    3195  1471      NaN    0.000    0.000
273    3154  1499    3.491    0.000    0.000
276    3254  1521    6.120    1.160    4.203
277    3295  1509    6.376    1.117    4.163
278    3214  1529      NaN    0.000    0.000
279    3173  1554      NaN    0.000    0.000
281    3244  1572    5.140    1.020    4.263
283    3272  1589    5.931    1.050    4.507
284    3127  1606    5.469    1.087    4.083
285    3156  1618      NaN    1.160    4.263
288    3220  1626      NaN    0.000    0.000
289    3123  1635    5.938    1.123    4.267
294    3205  1694    6.059    1.310    4.540
295    3129  1702      NaN    1.363    4.480
003    3406   862      NaN    1.010    4.027
005    3171   918    2.214    1.637    2.567
008    3340   921      NaN    0.000    0.000
014    3012   921    4.829    1.450    2.997
016    3156   964      NaN    0.000    0.000
020    2980  1013    4.049    1.310    2.870
022    3154  1030    4.814    1.540    3.053
025    3271  1046      NaN    1.047    4.457
028    2794  1071      NaN    1.273    4.087
031    3053  1080    5.093    1.723    2.920
035    2732  1110      NaN    0.000    0.000
037    2829  1123    5.475    1.133    4.210
039    2941  1102    5.516    1.287    3.813
041    3087  1128    4.873    1.190    3.997
046    3158  1117      NaN    0.000    0.000
050    2874  1164      NaN    1.077    4.517
052    2986  1209    5.902    1.417    3.740
055    3074  1212      NaN    1.093    4.257
058    2889  1229      NaN    0.000    0.000
060    2844  1265      NaN    0.000    0.000
061    3158  1263    6.129    0.000    0.000
065    2887  1287      NaN    0.000    0.000
067    2973  1289    4.996    1.333    3.997
068    2788  1328    5.811    1.820    4.087
069    2879  1341    5.502    1.077    4.460
070    2976  1349    5.682    1.207    4.293
075    3057  1298    5.541    1.343    3.850
