090  3200  1317      NaN    0.000    0.000
095  3059  1328    5.070    2.287    3.835
098  3032  1356      NaN    0.000    0.000
099  2999  1358      NaN    0.000    0.000
100  3217  1381    6.417    1.961    4.161
101  3107  1356      NaN    0.000    0.000
102  2760  1349      NaN    6.200    7.710
104  3233  1367      NaN    0.000    0.000
105  3237  1373      NaN    0.000    0.000
106  3263  1400      NaN    0.000    0.000
108  3021  1393      NaN    0.000    0.000
112  2983  1404      NaN    0.000    0.000
114  3131  1419      NaN    0.000    0.000
115  3462  1403    5.685    3.242    5.116
116  3021  1407      NaN    0.000    0.000
119  3023  1427      NaN    0.000    0.000
121  3188  1437      NaN    0.000    0.000
127  3132  1460      NaN    0.000    0.000
129  2968  1482      NaN    3.613    5.165
130  3295  1458      NaN    2.139    4.842
131  3074  1497      NaN    0.000    0.000
133  3067  1527      NaN    0.000    0.000
135  3136  1544    3.858    4.026    5.448
136  3216  1505      NaN    0.000    0.000
137  3155  1523    5.429    0.000    0.000
138  3292  1565      NaN    0.000    0.000
140  2998  1568      NaN    2.606    5.119
143  3206  1582      NaN    0.000    0.000
146  3042  1589      NaN    0.000    0.000
152  3285  1618      NaN    0.000    0.000
155  3201  1662      NaN    0.000    0.000
156  3013  1662      NaN    0.000    0.000
159  3253  1669      NaN    0.000    0.000
162  3186  1698      NaN    0.000    0.000
164  2945  1670      NaN    2.632    5.432
165  2956  1702      NaN    0.000    0.000
168  3108  1710      NaN    0.000    0.000
169  2852  1716      NaN    0.000    0.000
170  2992  1749      NaN    1.726    4.584
172  2980  1642    4.195    2.013    4.839
174  3066  1679    3.966    4.481    5.913
175  2949  1740    3.725    5.406    7.029
184  2972  1847      NaN    0.000    0.000
185  2931  1872      NaN    0.000    0.000
187  3012  1862      NaN    1.790    4.394
188  3012  1862      NaN    1.790    4.394
189  2976  1877      NaN    0.000    0.000
192  3141  1663      NaN    0.000    0.000
201  2963  1378    3.932    1.955    4.461
202  3080  1402      NaN    0.000    0.000
203  3079  1427    3.382    2.142    4.158
211  3156  1338      NaN    2.274    3.648
212  3124  1380    5.126    1.471    3.135
214  3273  1416    5.155    4.981    6.703
216  3248  1438    5.480    0.000    0.000
217  3209  1414      NaN    5.148    6.197
221  3159  1439    4.998    1.852    3.752
226  3107  1514    4.741    2.919    4.694
232  3039  1482    4.531    2.429    4.229
235  2975  1532    5.290    2.506    4.710
236  3016  1538    4.794    2.016    4.835
238  3079  1557    4.744    0.000    0.000
243  2993  1599    4.739    2.119    5.161
244  3057  1612    5.079    1.887    4.155
245  3010  1618      NaN    0.000    0.000
247  3062  1636    3.167    3.019    4.168
248  3083  1607    4.303    1.713    3.832
251  2991  1633    5.210    1.942    4.955
252  2967  1649    5.106    1.500    5.577
253  3237  1656      NaN    0.000    0.000
254  3039  1639    3.793    2.026    3.916
255  3212  1656      NaN    0.000    0.000
256  3052  1673      NaN    2.519    4.497
257  3251  1647    5.416    0.000    0.000
258  3049  1708      NaN    4.171    5.310
258  3049  1708      NaN    4.171    5.310
259  2999  1723    5.600    2.690    5.119
260  3016  1716    5.149    0.000    0.000
261  2977  1731    4.352    2.590    5.026
262  3056  1724    3.967    2.987    6.090
263  3169  1645    3.336    2.816    4.477
264  3108  1624    5.322    5.842    6.648
265  3012  1862      NaN    1.790    4.394
266  3102  1687      NaN    0.000    0.000
271  3239  1463    4.308    5.265    6.452
272  3195  1471      NaN    0.000    0.000
273  3154  1499    3.933    0.000    0.000
276  3254  1521    5.914    4.555    6.116
277  3295  1509    5.701    1.829    4.223
278  3214  1529      NaN    0.000    0.000
279  3173  1554      NaN    0.000    0.000
281  3244  1572    4.371    2.106    4.913
283  3272  1589    4.962    2.184    6.203
284  3127  1606    5.509    2.016    3.755
285  3156  1618      NaN    1.845    4.245
288  3220  1626      NaN    0.000    0.000
289  3123  1635    5.583    2.558    4.152
294  3205  1694    6.482    1.445    4.471
295  3129  1702      NaN    4.948    6.623
003  3406   862      NaN    2.955    5.765
005  3171   918    5.523    2.526    4.339
008  3340   921      NaN    0.000    0.000
014  3012   921    5.647    2.310    3.910
016  3156   964      NaN    0.000    0.000
020  2980  1013    5.866    1.300    3.484
022  3154  1030    6.343    2.413    3.868
025  3271  1046      NaN    1.265    4.032
028  2794  1071      NaN    2.542    4.235
031  3053  1080    5.231    1.610    3.068
035  2732  1110      NaN    0.000    0.000
037  2829  1123    4.977    2.339    5.448
039  2941  1102    5.026    2.103    4.087
041  3087  1128    4.547    2.071    5.606
046  3158  1117      NaN    0.000    0.000
050  2874  1164      NaN    2.229    5.503
052  2986  1209    5.323    1.774    3.832
055  3074  1212      NaN    1.435    4.290
058  2889  1229      NaN    0.000    0.000
060  2844  1265      NaN    0.000    0.000
061  3158  1263    7.961    0.000    0.000
065  2887  1287      NaN    0.000    0.000
067  2973  1289    4.508    2.481    3.868
068  2788  1328    5.344    2.132    5.681
069  2879  1341    5.466    2.474    4.961
070  2976  1349    5.116    2.094    4.755
075  3057  1298    5.430    1.906    3.523
