090    3200  1317      NaN    0.000    0.000
095    3059  1328    2.366    0.867    1.760
098    3032  1356      NaN    0.000    0.000
099    2999  1358      NaN    0.000    0.000
100    3217  1381    2.847    0.847    1.757
101    3107  1356      NaN    0.000    0.000
102    2760  1349      NaN    0.770    1.607
104    3233  1367      NaN    0.000    0.000
105    3237  1373      NaN    0.000    0.000
106    3263  1400      NaN    0.000    0.000
108    3021  1393      NaN    0.000    0.000
112    2983  1404      NaN    0.000    0.000
114    3131  1419      NaN    0.000    0.000
115    3462  1403    1.838    1.070    2.503
116    3021  1407      NaN    0.000    0.000
119    3023  1427      NaN    0.000    0.000
121    3188  1437      NaN    0.000    0.000
127    3132  1460      NaN    0.000    0.000
129    2968  1482      NaN    0.797    2.223
130    3295  1458      NaN    0.610    2.017
131    3074  1497      NaN    0.000    0.000
133    3067  1527      NaN    0.000    0.000
135    3136  1544    1.370    0.633    2.037
136    3216  1505      NaN    0.000    0.000
137    3155  1523    2.729    0.000    0.000
138    3292  1565      NaN    0.000    0.000
140    2998  1568      NaN    0.783    2.347
143    3206  1582      NaN    0.000    0.000
146    3042  1589      NaN    0.000    0.000
152    3285  1618      NaN    0.000    0.000
155    3201  1662      NaN    0.000    0.000
156    3013  1662      NaN    0.000    0.000
159    3253  1669      NaN    0.000    0.000
162    3186  1698      NaN    0.000    0.000
164    2945  1670      NaN    0.910    2.217
165    2956  1702      NaN    0.000    0.000
168    3108  1710      NaN    0.000    0.000
169    2852  1716      NaN    0.000    0.000
170    2992  1749      NaN    0.813    2.117
172    2980  1642    2.667    0.677    2.327
174    3066  1679    2.786    0.553    2.290
175    2949  1740    1.759    0.807    2.160
184    2972  1847      NaN    0.000    0.000
185    2931  1872      NaN    0.000    0.000
187    3012  1862      NaN    0.907    2.523
188    3012  1862      NaN    0.907    2.523
189    2976  1877      NaN    0.000    0.000
192    3141  1663      NaN    0.000    0.000
201    2963  1378    0.238    0.740    2.080
202    3080  1402      NaN    0.000    0.000
203    3079  1427    2.201    0.800    1.957
211    3156  1338      NaN    0.860    1.630
212    3124  1380    2.771    0.667    1.497
214    3273  1416    1.624    0.690    1.887
216    3248  1438    3.217    0.000    0.000
217    3209  1414      NaN    0.793    1.677
221    3159  1439    2.671    0.780    1.743
226    3107  1514    2.851    0.660    2.090
232    3039  1482    2.610    0.700    2.087
235    2975  1532    2.801    0.750    2.220
236    3016  1538    2.501    0.763    2.290
238    3079  1557    2.670    0.000    0.000
243    2993  1599    2.286    0.753    2.357
244    3057  1612    2.890    0.680    2.337
245    3010  1618      NaN    0.000    0.000
247    3062  1636    2.659    0.630    2.150
248    3083  1607    1.776    0.610    2.237
251    2991  1633    2.730    0.707    2.397
252    2967  1649    2.672    0.747    2.450
253    3237  1656      NaN    0.000    0.000
254    3039  1639    1.729    0.643    2.240
255    3212  1656      NaN    0.000    0.000
256    3052  1673      NaN    0.623    2.477
257    3251  1647    3.213    0.000    0.000
258    3049  1708      NaN    0.660    2.597
258    3049  1708      NaN    0.660    2.597
259    2999  1723    2.974    0.690    2.673
260    3016  1716    2.849    0.000    0.000
261    2977  1731    2.710    0.727    2.587
262    3056  1724    1.630    0.907    2.340
263    3169  1645    2.812    0.573    2.467
264    3108  1624    3.243    0.667    2.327
265    3012  1862      NaN    0.907    2.523
266    3102  1687      NaN    0.000    0.000
271    3239  1463    2.422    0.630    1.417
272    3195  1471      NaN    0.000    0.000
273    3154  1499    1.454    0.000    0.000
276    3254  1521    3.372    0.597    2.043
277    3295  1509    2.913    0.683    1.837
278    3214  1529      NaN    0.000    0.000
279    3173  1554      NaN    0.000    0.000
281    3244  1572    2.815    0.603    2.307
283    3272  1589    2.997    0.627    2.470
284    3127  1606    3.291    0.567    2.270
285    3156  1618      NaN    0.597    2.430
288    3220  1626      NaN    0.000    0.000
289    3123  1635    3.416    0.603    2.383
294    3205  1694    3.714    0.703    2.383
295    3129  1702      NaN    0.673    2.307
003    3406   862      NaN    0.743    1.570
005    3171   918    1.312    0.523    0.863
008    3340   921      NaN    0.000    0.000
014    3012   921    1.478    0.680    1.007
016    3156   964      NaN    0.000    0.000
020    2980  1013    1.922    0.673    1.033
022    3154  1030    2.014    0.697    1.173
025    3271  1046      NaN    0.793    2.190
028    2794  1071      NaN    0.847    1.493
031    3053  1080    2.057    0.787    1.117
035    2732  1110      NaN    0.000    0.000
037    2829  1123    2.182    0.920    1.703
039    2941  1102    2.241    0.927    1.523
041    3087  1128    1.893    0.877    1.807
046    3158  1117      NaN    0.000    0.000
050    2874  1164      NaN    0.943    1.997
052    2986  1209    2.450    0.857    1.597
055    3074  1212      NaN    0.777    2.063
058    2889  1229      NaN    0.000    0.000
060    2844  1265      NaN    0.000    0.000
061    3158  1263    2.726    0.000    0.000
065    2887  1287      NaN    0.000    0.000
067    2973  1289    2.200    0.763    1.817
068    2788  1328    2.074    1.007    2.297
069    2879  1341    2.098    0.700    2.063
070    2976  1349    2.282    0.717    2.117
075    3057  1298    2.466    0.823    1.710
