090    3200  1317      NaN    0.000    0.000
095    3059  1328    3.305    1.043    1.536
098    3032  1356      NaN    0.000    0.000
099    2999  1358      NaN    0.000    0.000
100    3217  1381    2.287    1.089    1.829
101    3107  1356      NaN    0.000    0.000
102    2760  1349      NaN    0.625    1.336
104    3233  1367      NaN    0.000    0.000
105    3237  1373      NaN    0.000    0.000
106    3263  1400      NaN    0.000    0.000
108    3021  1393      NaN    0.000    0.000
112    2983  1404      NaN    0.000    0.000
114    3131  1419      NaN    0.000    0.000
115    3462  1403    0.649    1.229    1.961
116    3021  1407      NaN    0.000    0.000
119    3023  1427      NaN    0.000    0.000
121    3188  1437      NaN    0.000    0.000
127    3132  1460      NaN    0.000    0.000
129    2968  1482      NaN    0.971    1.832
130    3295  1458      NaN    0.671    1.964
131    3074  1497      NaN    0.000    0.000
133    3067  1527      NaN    0.000    0.000
135    3136  1544    1.880    0.943    1.871
136    3216  1505      NaN    0.000    0.000
137    3155  1523    3.592    0.000    0.000
138    3292  1565      NaN    0.000    0.000
140    2998  1568      NaN    0.914    2.193
143    3206  1582      NaN    0.000    0.000
146    3042  1589      NaN    0.000    0.000
152    3285  1618      NaN    0.000    0.000
155    3201  1662      NaN    0.000    0.000
156    3013  1662      NaN    0.000    0.000
159    3253  1669      NaN    0.000    0.000
162    3186  1698      NaN    0.000    0.000
164    2945  1670      NaN    0.950    2.164
165    2956  1702      NaN    0.000    0.000
168    3108  1710      NaN    0.000    0.000
169    2852  1716      NaN    0.000    0.000
170    2992  1749      NaN    0.668    2.293
172    2980  1642    3.270    0.875    2.336
174    3066  1679    2.425    0.736    2.214
175    2949  1740    1.746    0.736    2.107
184    2972  1847      NaN    0.000    0.000
185    2931  1872      NaN    0.000    0.000
187    3012  1862      NaN    0.989    2.450
188    3012  1862      NaN    0.989    2.450
189    2976  1877      NaN    0.000    0.000
192    3141  1663      NaN    0.000    0.000
201    2963  1378    0.907    1.018    1.743
202    3080  1402      NaN    0.000    0.000
203    3079  1427    3.215    1.011    1.896
211    3156  1338      NaN    1.075    1.571
212    3124  1380    3.919    0.829    1.600
214    3273  1416    1.968    0.657    1.804
216    3248  1438    3.908    0.000    0.000
217    3209  1414      NaN    0.843    1.661
221    3159  1439    3.646    1.021    1.757
226    3107  1514    3.806    0.975    1.857
232    3039  1482    3.543    0.982    1.932
235    2975  1532    3.759    0.946    1.950
236    3016  1538    3.362    0.957    1.986
238    3079  1557    3.792    0.000    0.000
243    2993  1599    3.863    0.868    2.250
244    3057  1612    3.948    1.086    2.096
245    3010  1618      NaN    0.000    0.000
247    3062  1636    3.635    0.939    2.021
248    3083  1607    2.360    1.086    2.121
251    2991  1633    3.898    0.789    2.264
252    2967  1649    3.525    0.886    2.336
253    3237  1656      NaN    0.000    0.000
254    3039  1639    2.083    0.964    2.093
255    3212  1656      NaN    0.000    0.000
256    3052  1673      NaN    0.854    2.271
257    3251  1647    4.037    0.000    0.000
258    3049  1708      NaN    0.814    2.261
258    3049  1708      NaN    0.814    2.261
259    2999  1723    4.169    0.746    2.418
260    3016  1716    3.865    0.000    0.000
261    2977  1731    3.779    0.761    2.446
262    3056  1724    2.023    0.836    2.286
263    3169  1645    3.801    0.896    2.221
264    3108  1624    4.037    0.907    2.121
265    3012  1862      NaN    0.989    2.450
266    3102  1687      NaN    0.000    0.000
271    3239  1463    2.784    0.521    1.539
272    3195  1471      NaN    0.000    0.000
273    3154  1499    1.946    0.000    0.000
276    3254  1521    4.514    0.661    1.957
277    3295  1509    3.832    0.607    1.911
278    3214  1529      NaN    0.000    0.000
279    3173  1554      NaN    0.000    0.000
281    3244  1572    3.733    0.896    2.157
283    3272  1589    4.122    0.839    2.286
284    3127  1606    4.018    0.921    2.068
285    3156  1618      NaN    0.893    2.143
288    3220  1626      NaN    0.000    0.000
289    3123  1635    4.058    0.854    2.121
294    3205  1694    4.341    0.661    2.296
295    3129  1702      NaN    0.761    2.289
003    3406   862      NaN    0.746    1.189
005    3171   918    1.118    0.493    0.550
008    3340   921      NaN    0.000    0.000
014    3012   921    1.846    0.439    0.457
016    3156   964      NaN    0.000    0.000
020    2980  1013    1.851    0.586    0.671
022    3154  1030    2.114    0.571    0.679
025    3271  1046      NaN    0.864    1.504
028    2794  1071      NaN    0.789    0.939
031    3053  1080      NaN    0.589    0.654
035    2732  1110      NaN    0.000    0.000
037    2829  1123    2.467    0.800    1.139
039    2941  1102    2.658    0.925    1.189
041    3087  1128    2.661    0.868    1.254
046    3158  1117      NaN    0.000    0.000
050    2874  1164      NaN    0.868    1.382
052    2986  1209    3.200    0.932    1.164
055    3074  1212      NaN    0.746    1.496
058    2889  1229      NaN    0.000    0.000
060    2844  1265      NaN    0.000    0.000
061    3158  1263    3.645    0.000    0.000
065    2887  1287      NaN    0.000    0.000
067    2973  1289    2.895    0.975    1.529
068    2788  1328    2.751    1.057    1.593
069    2879  1341    3.132    0.943    1.657
070    2976  1349    3.320    0.896    1.529
075    3057  1298    2.153    0.768    0.871
