090  3200  1317      NaN    0.000    0.000
095  3059  1328    1.852    0.677    1.239
098  3032  1356      NaN    0.000    0.000
099  2999  1358      NaN    0.000    0.000
100  3217  1381    1.549    0.603    0.868
101  3107  1356      NaN    0.000    0.000
102  2760  1349      NaN    0.187    0.629
104  3233  1367      NaN    0.000    0.000
105  3237  1373      NaN    0.000    0.000
106  3263  1400      NaN    0.000    0.000
108  3021  1393      NaN    0.000    0.000
112  2983  1404      NaN    0.000    0.000
114  3131  1419      NaN    0.000    0.000
115  3462  1403    0.005    0.665    1.013
116  3021  1407      NaN    0.000    0.000
119  3023  1427      NaN    0.000    0.000
121  3188  1437      NaN    0.000    0.000
127  3132  1460      NaN    0.000    0.000
129  2968  1482      NaN    0.697    1.355
130  3295  1458      NaN    0.271    1.190
131  3074  1497      NaN    0.000    0.000
133  3067  1527      NaN    0.000    0.000
135  3136  1544    1.458    0.594    1.342
136  3216  1505      NaN    0.000    0.000
137  3155  1523    2.790    0.000    0.000
138  3292  1565      NaN    0.000    0.000
140  2998  1568      NaN    0.635    1.435
143  3206  1582      NaN    0.000    0.000
146  3042  1589      NaN    0.000    0.000
152  3285  1618      NaN    0.000    0.000
155  3201  1662      NaN    0.000    0.000
156  3013  1662      NaN    0.000    0.000
159  3253  1669    3.031    0.000    0.000
162  3186  1698      NaN    0.000    0.000
164  2945  1670    1.981    0.600    1.484
165  2956  1702      NaN    0.000    0.000
168  3108  1710      NaN    0.000    0.000
169  2852  1716      NaN    0.000    0.000
170  2992  1749      NaN    0.184    1.574
172  2980  1642    1.959    0.619    1.448
174  3066  1679    2.511    0.268    1.235
175  2949  1740    1.576    0.213    1.390
184  2972  1847      NaN    0.000    0.000
185  2931  1872      NaN    0.000    0.000
187  3012  1862      NaN    0.332    1.342
188  3012  1862      NaN    0.332    1.342
189  2976  1877      NaN    0.000    0.000
192  3141  1663      NaN    0.000    0.000
201  2963  1378    0.243    0.806    1.397
202  3080  1402      NaN    0.000    0.000
203  3079  1427    2.322    0.648    1.429
211  3156  1338      NaN    0.639    1.023
212  3124  1380    2.915    0.255    1.029
214  3273  1416    1.281    0.216    1.084
216  3248  1438    2.598    0.000    0.000
217  3209  1414      NaN    0.284    0.861
221  3159  1439    2.670    0.706    1.319
226  3107  1514    2.839    0.645    1.361
232  3039  1482    2.310    0.684    1.458
235  2975  1532      NaN    0.674    1.429
236  3016  1538    2.544    0.681    1.416
238  3079  1557    2.811    0.000    0.000
243  2993  1599    2.189    0.584    1.477
244  3057  1612    2.469    0.735    1.358
245  3010  1618      NaN    0.000    0.000
247  3062  1636    2.819    0.590    1.400
248  3083  1607    1.586    0.719    1.358
251  2991  1633    2.381    0.584    1.494
252  2967  1649    2.461    0.655    1.387
253  3237  1656      NaN    0.000    0.000
254  3039  1639    1.451    0.600    1.429
255  3212  1656      NaN    0.000    0.000
256  3052  1673      NaN    0.577    1.600
257  3251  1647    3.410    0.000    0.000
258  3049  1708      NaN    0.681    1.584
258  3049  1708      NaN    0.681    1.584
259  2999  1723    3.294    0.577    1.761
260  3016  1716    2.941    0.000    0.000
261  2977  1731    3.023    0.574    1.739
262  3056  1724      NaN    0.690    1.619
263  3169  1645    3.411    0.626    1.565
264  3108  1624    3.255    0.639    1.497
265  3012  1862      NaN    0.332    1.342
266  3102  1687      NaN    0.000    0.000
271  3239  1463    2.701    0.229    1.094
272  3195  1471      NaN    0.000    0.000
273  3154  1499    1.355    0.000    0.000
276  3254  1521    3.482    0.252    1.303
277  3295  1509    3.470    0.203    1.352
278  3214  1529      NaN    0.000    0.000
279  3173  1554      NaN    0.000    0.000
281  3244  1572    3.100    0.729    1.539
283  3272  1589    3.303    0.771    1.677
284  3127  1606    3.201    0.577    1.455
285  3156  1618      NaN    0.661    1.510
288  3220  1626      NaN    0.000    0.000
289  3123  1635    3.254    0.600    1.532
294  3205  1694    3.651    0.239    1.616
295  3129  1702      NaN    0.355    1.274
003  3406   862      NaN    0.626    1.100
005  3171   918    0.993    0.197    0.271
008  3340   921      NaN    0.000    0.000
014  3012   921    0.806    0.339    0.377
016  3156   964      NaN    0.000    0.000
020  2980  1013    0.999    0.216    0.435
022  3154  1030    1.540    0.565    0.887
025  3271  1046      NaN    0.323    0.510
028  2794  1071      NaN    0.661    1.113
031  3053  1080    1.209    0.477    0.703
035  2732  1110      NaN    0.000    0.000
037  2829  1123    1.849    0.719    1.190
039  2941  1102    1.854    0.584    1.042
041  3087  1128    1.663    0.648    0.952
046  3158  1117    1.596    0.000    0.000
050  2874  1164      NaN    0.613    0.965
052  2986  1209    1.658    0.561    0.919
055  3074  1212      NaN    0.384    0.777
058  2889  1229      NaN    0.000    0.000
060  2844  1265      NaN    0.000    0.000
061  3158  1263    2.129    0.000    0.000
065  2887  1287      NaN    0.000    0.000
067  2973  1289    1.711    0.703    1.223
068  2788  1328    2.157    0.771    1.242
069  2879  1341      NaN    0.797    1.316
070  2976  1349    1.816    0.497    0.848
075  3057  1298    1.368    0.635    0.994
