090    3200  1317      NaN    0.000    0.000
095    3059  1328    1.631    0.826    1.042
098    3032  1356      NaN    0.000    0.000
099    2999  1358      NaN    0.000    0.000
100    3217  1381    1.765    0.790    1.090
101    3107  1356      NaN    0.000    0.000
102    2760  1349      NaN    0.594    1.084
104    3233  1367      NaN    0.000    0.000
105    3237  1373      NaN    0.000    0.000
106    3263  1400      NaN    0.000    0.000
108    3021  1393      NaN    0.000    0.000
112    2983  1404      NaN    0.000    0.000
114    3131  1419      NaN    0.000    0.000
115    3462  1403    0.435    1.032    1.729
116    3021  1407      NaN    0.000    0.000
119    3023  1427      NaN    0.000    0.000
121    3188  1437      NaN    0.000    0.000
127    3132  1460      NaN    0.000    0.000
129    2968  1482      NaN    0.903    1.635
130    3295  1458      NaN    0.613    1.306
131    3074  1497      NaN    0.000    0.000
133    3067  1527      NaN    0.000    0.000
135    3136  1544    0.525    0.645    1.290
136    3216  1505      NaN    0.000    0.000
137    3155  1523    2.136    0.000    0.000
138    3292  1565      NaN    0.000    0.000
140    2998  1568      NaN    0.916    1.781
143    3206  1582      NaN    0.000    0.000
146    3042  1589      NaN    0.000    0.000
152    3285  1618      NaN    0.000    0.000
155    3201  1662      NaN    0.000    0.000
156    3013  1662      NaN    0.000    0.000
159    3253  1669      NaN    0.000    0.000
162    3186  1698      NaN    0.000    0.000
164    2945  1670      NaN    0.855    1.726
165    2956  1702      NaN    0.000    0.000
168    3108  1710      NaN    0.000    0.000
169    2852  1716      NaN    0.000    0.000
170    2992  1749      NaN    0.616    1.610
172    2980  1642    1.904    0.800    1.755
174    3066  1679    1.643    0.548    1.590
175    2949  1740    1.273    0.674    1.626
184    2972  1847      NaN    0.000    0.000
185    2931  1872      NaN    0.000    0.000
187    3012  1862      NaN    0.848    1.990
188    3012  1862      NaN    0.848    1.990
189    2976  1877      NaN    0.000    0.000
192    3141  1663      NaN    0.000    0.000
201    2963  1378    0.135    0.981    1.548
202    3080  1402      NaN    0.000    0.000
203    3079  1427    1.797    0.842    1.339
211    3156  1338      NaN    0.742    0.935
212    3124  1380    2.245    0.590    0.887
214    3273  1416    0.377    0.610    1.174
216    3248  1438    2.371    0.000    0.000
217    3209  1414      NaN    0.668    0.974
221    3159  1439    2.164    0.800    1.119
226    3107  1514    2.001    0.742    1.358
232    3039  1482    1.786    0.845    1.494
235    2975  1532    1.970    0.877    1.677
236    3016  1538    1.727    0.919    1.703
238    3079  1557    2.036    0.000    0.000
243    2993  1599    2.084    0.884    1.794
244    3057  1612    2.138    0.816    1.619
245    3010  1618      NaN    0.000    0.000
247    3062  1636    2.209    0.681    1.497
248    3083  1607    0.890    0.739    1.526
251    2991  1633    2.158    0.819    1.794
252    2967  1649    1.962    0.852    1.848
253    3237  1656      NaN    0.000    0.000
254    3039  1639    0.394    0.723    1.552
255    3212  1656      NaN    0.000    0.000
256    3052  1673      NaN    0.661    1.761
257    3251  1647    2.636    0.000    0.000
258    3049  1708      NaN    0.765    1.816
258    3049  1708      NaN    0.765    1.816
259    2999  1723    2.444    0.768    1.955
260    3016  1716    2.352    0.000    0.000
261    2977  1731    2.337    0.768    1.958
262    3056  1724    1.034    0.774    1.710
263    3169  1645    2.447    0.658    1.581
264    3108  1624    2.607    0.690    1.584
265    3012  1862      NaN    0.848    1.990
266    3102  1687      NaN    0.000    0.000
271    3239  1463    1.357    0.435    0.852
272    3195  1471      NaN    0.000    0.000
273    3154  1499    0.621    0.000    0.000
276    3254  1521    2.808    0.552    1.255
277    3295  1509    2.410    0.516    1.194
278    3214  1529      NaN    0.000    0.000
279    3173  1554      NaN    0.000    0.000
281    3244  1572    2.244    0.732    1.552
283    3272  1589    2.481    0.726    1.616
284    3127  1606    2.505    0.655    1.490
285    3156  1618      NaN    0.661    1.577
288    3220  1626      NaN    0.000    0.000
289    3123  1635    2.822    0.658    1.571
294    3205  1694    2.914    0.594    1.655
295    3129  1702      NaN    0.671    1.642
003    3406   862      NaN    0.587    0.813
005    3171   918    0.638    0.368    0.394
008    3340   921      NaN    0.000    0.000
014    3012   921    0.921    0.319    0.329
016    3156   964      NaN    0.000    0.000
020    2980  1013    0.991    0.423    0.461
022    3154  1030    1.207    0.435    0.452
025    3271  1046      NaN    0.852    1.410
028    2794  1071      NaN    0.765    1.055
031    3053  1080    0.564    0.542    0.610
035    2732  1110      NaN    0.000    0.000
037    2829  1123    1.528    0.819    1.187
039    2941  1102    1.383    0.645    0.823
041    3087  1128    1.304    0.797    1.026
046    3158  1117      NaN    0.000    0.000
050    2874  1164      NaN    0.877    1.339
052    2986  1209    1.712    0.684    0.855
055    3074  1212      NaN    0.671    1.048
058    2889  1229      NaN    0.000    0.000
060    2844  1265      NaN    0.000    0.000
061    3158  1263    1.992    0.000    0.000
065    2887  1287      NaN    0.000    0.000
067    2973  1289    1.565    0.806    1.110
068    2788  1328    1.600    0.987    1.635
069    2879  1341    1.609    0.816    1.390
070    2976  1349    1.635    0.710    1.048
075    3057  1298    1.487    0.810    0.968
