090    3200  1317      NaN    0.000    0.000
095    3059  1328    4.885    3.397    5.110
098    3032  1356      NaN    0.000    0.000
099    2999  1358      NaN    0.000    0.000
100    3217  1381    5.498    3.097    5.300
101    3107  1356      NaN    0.000    0.000
102    2760  1349      NaN    4.729    6.113
104    3233  1367      NaN    0.000    0.000
105    3237  1373      NaN    0.000    0.000
106    3263  1400      NaN    0.000    0.000
108    3021  1393      NaN    0.000    0.000
112    2983  1404      NaN    0.000    0.000
114    3131  1419      NaN    0.000    0.000
115    3462  1403    4.839    3.619    7.429
116    3021  1407      NaN    0.000    0.000
119    3023  1427      NaN    0.000    0.000
121    3188  1437      NaN    0.000    0.000
127    3132  1460      NaN    0.000    0.000
129    2968  1482      NaN    4.374    6.016
130    3295  1458      NaN    2.277    6.719
131    3074  1497      NaN    0.000    0.000
133    3067  1527      NaN    0.000    0.000
135    3136  1544    4.281    4.235    6.294
136    3216  1505      NaN    0.000    0.000
137    3155  1523    5.401    0.000    0.000
138    3292  1565      NaN    0.000    0.000
140    2998  1568      NaN    3.832    6.616
143    3206  1582      NaN    0.000    0.000
146    3042  1589      NaN    0.000    0.000
152    3285  1618      NaN    0.000    0.000
155    3201  1662      NaN    0.000    0.000
156    3013  1662      NaN    0.000    0.000
159    3253  1669      NaN    0.000    0.000
162    3186  1698      NaN    0.000    0.000
164    2945  1670      NaN    4.216    6.732
165    2956  1702      NaN    0.000    0.000
168    3108  1710      NaN    0.000    0.000
169    2852  1716      NaN    0.000    0.000
170    2992  1749      NaN    3.645    6.461
172    2980  1642    4.055    2.387    5.990
174    3066  1679    4.403    3.829    6.126
175    2949  1740    3.266    4.284    6.555
184    2972  1847      NaN    0.000    0.000
185    2931  1872      NaN    0.000    0.000
187    3012  1862      NaN    2.174    7.123
188    3012  1862      NaN    2.174    7.123
189    2976  1877      NaN    0.000    0.000
192    3141  1663      NaN    0.000    0.000
201    2963  1378    4.077    2.942    5.742
202    3080  1402      NaN    0.000    0.000
203    3079  1427    4.128    3.326    5.358
211    3156  1338      NaN    3.568    5.203
212    3124  1380    5.606    3.268    5.003
214    3273  1416    4.037    4.248    6.600
216    3248  1438    4.515    0.000    0.000
217    3209  1414      NaN    4.161    5.545
221    3159  1439    5.130    3.555    5.187
226    3107  1514    4.885    3.871    6.171
232    3039  1482    4.560    3.000    5.865
235    2975  1532    5.083    3.616    6.168
236    3016  1538    5.060    2.752    6.123
238    3079  1557    4.914    0.000    0.000
243    2993  1599    4.948    3.477    6.297
244    3057  1612    5.005    2.658    5.781
245    3010  1618      NaN    0.000    0.000
247    3062  1636    3.947    4.400    6.065
248    3083  1607    3.984    2.971    5.823
251    2991  1633    5.355    3.000    6.297
252    2967  1649    4.676    2.390    6.077
253    3237  1656      NaN    0.000    0.000
254    3039  1639    2.897    3.426    6.019
255    3212  1656      NaN    0.000    0.000
256    3052  1673      NaN    4.806    6.132
257    3251  1647    5.592    0.000    0.000
258    3049  1708      NaN    4.268    6.345
258    3049  1708      NaN    4.268    6.345
259    2999  1723    5.402    4.074    6.294
260    3016  1716    4.637    0.000    0.000
261    2977  1731    4.260    3.981    6.235
262    3056  1724    3.120    3.781    6.955
263    3169  1645    3.894    3.481    5.871
264    3108  1624    5.265    4.129    6.410
265    3012  1862      NaN    2.174    7.123
266    3102  1687      NaN    0.000    0.000
271    3239  1463    3.653    4.555    6.010
272    3195  1471      NaN    0.000    0.000
273    3154  1499    4.271    0.000    0.000
276    3254  1521    5.370    3.952    6.277
277    3295  1509    4.948    2.681    6.400
278    3214  1529      NaN    0.000    0.000
279    3173  1554      NaN    0.000    0.000
281    3244  1572    4.303    2.594    6.132
283    3272  1589    4.774    3.068    6.377
284    3127  1606    5.185    2.961    5.665
285    3156  1618      NaN    3.068    5.916
288    3220  1626      NaN    0.000    0.000
289    3123  1635    5.784    3.735    6.035
294    3205  1694    6.590    2.626    6.500
295    3129  1702      NaN    4.010    6.329
003    3406   862      NaN    3.526    6.135
005    3171   918    6.250    2.884    4.587
008    3340   921      NaN    0.000    0.000
014    3012   921    5.405    2.732    4.300
016    3156   964      NaN    0.000    0.000
020    2980  1013    5.503    2.603    4.384
022    3154  1030    6.938    3.081    4.813
025    3271  1046      NaN    1.497    6.516
028    2794  1071      NaN    3.013    4.523
031    3053  1080    6.050    2.771    4.410
035    2732  1110      NaN    0.000    0.000
037    2829  1123    4.618    2.835    4.797
039    2941  1102    5.012    3.213    4.845
041    3087  1128    4.150    2.474    5.213
046    3158  1117      NaN    0.000    0.000
050    2874  1164      NaN    2.974    5.426
052    2986  1209    5.725    3.245    4.897
055    3074  1212      NaN    2.581    5.852
058    2889  1229      NaN    0.000    0.000
060    2844  1265      NaN    0.000    0.000
061    3158  1263    6.217    0.000    0.000
065    2887  1287      NaN    0.000    0.000
067    2973  1289    4.534    3.529    5.145
068    2788  1328    5.549    2.839    5.703
069    2879  1341    5.271    3.229    5.813
070    2976  1349    5.015    2.971    5.639
075    3057  1298    4.953    3.142    4.868
