090  3200  1317      NaN    0.000    0.000
095  3059  1328    6.345    0.947    3.903
098  3032  1356      NaN    0.000    0.000
099  2999  1358      NaN    0.000    0.000
100  3217  1381    6.098    1.140    4.093
101  3107  1356      NaN    0.000    0.000
102  2760  1349      NaN    1.703    3.567
104  3233  1367      NaN    0.000    0.000
105  3237  1373      NaN    0.000    0.000
106  3263  1400      NaN    0.000    0.000
108  3021  1393      NaN    0.000    0.000
112  2983  1404      NaN    0.000    0.000
114  3131  1419      NaN    0.000    0.000
115  3462  1403      NaN    2.063    4.440
116  3021  1407      NaN    0.000    0.000
119  3023  1427      NaN    0.000    0.000
121  3188  1437      NaN    0.000    0.000
127  3132  1460      NaN    0.000    0.000
129  2968  1482      NaN    0.917    4.190
130  3295  1458      NaN    1.027    4.593
131  3074  1497      NaN    0.000    0.000
133  3067  1527      NaN    0.000    0.000
135  3136  1544    3.241    1.017    4.443
136  3216  1505      NaN    0.000    0.000
137  3155  1523    6.692    0.000    0.000
138  3292  1565      NaN    0.000    0.000
140  2998  1568      NaN    0.943    4.540
143  3206  1582      NaN    0.000    0.000
146  3042  1589      NaN    0.000    0.000
152  3285  1618      NaN    0.000    0.000
155  3201  1662      NaN    0.000    0.000
156  3013  1662      NaN    0.000    0.000
159  3253  1669      NaN    0.000    0.000
162  3186  1698      NaN    0.000    0.000
164  2945  1670      NaN    1.440    4.263
165  2956  1702      NaN    0.000    0.000
168  3108  1710      NaN    0.000    0.000
169  2852  1716      NaN    0.000    0.000
170  2992  1749      NaN    1.200    4.663
172  2980  1642    6.492    0.787    4.470
174  3066  1679    4.568    0.987    4.537
175  2949  1740      NaN    1.337    4.547
184  2972  1847      NaN    0.000    0.000
185  2931  1872      NaN    0.000    0.000
187  3012  1862      NaN    1.497    5.233
188  3012  1862      NaN    1.497    5.233
189  2976  1877      NaN    0.000    0.000
192  3141  1663      NaN    0.000    0.000
201  2963  1378      NaN    0.967    4.113
202  3080  1402      NaN    0.000    0.000
203  3079  1427    5.949    0.823    4.110
211  3156  1338      NaN    1.060    3.820
212  3124  1380    6.657    0.943    3.733
214  3273  1416    5.160    1.217    4.467
216  3248  1438    6.444    0.000    0.000
217  3209  1414      NaN    1.097    3.867
221  3159  1439    6.138    0.973    4.130
226  3107  1514    6.357    0.947    4.370
232  3039  1482    6.226    0.847    4.267
235  2975  1532      NaN    0.887    4.277
236  3016  1538      NaN    0.850    4.377
238  3079  1557    6.254    0.000    0.000
243  2993  1599    6.775    0.863    4.460
244  3057  1612    6.341    1.010    4.413
245  3010  1618      NaN    0.000    0.000
247  3062  1636    6.703    1.050    4.290
248  3083  1607    3.181    0.993    4.477
251  2991  1633    7.181    0.847    4.553
252  2967  1649    6.646    0.793    4.500
253  3237  1656      NaN    0.000    0.000
254  3039  1639    3.107    1.000    4.380
255  3212  1656      NaN    0.000    0.000
256  3052  1673    7.528    0.990    4.560
257  3251  1647    7.020    0.000    0.000
258  3049  1708      NaN    1.327    4.567
258  3049  1708      NaN    1.327    4.567
259  2999  1723      NaN    1.137    4.637
260  3016  1716    6.651    0.000    0.000
261  2977  1731    6.941    0.927    4.740
262  3056  1724      NaN    1.237    4.833
263  3169  1645    6.617    0.950    4.397
264  3108  1624    6.949    1.110    4.387
265  3012  1862      NaN    1.497    5.233
266  3102  1687      NaN    0.000    0.000
271  3239  1463    4.213    1.147    3.970
272  3195  1471      NaN    0.000    0.000
273  3154  1499    3.104    0.000    0.000
276  3254  1521    7.008    1.087    4.463
277  3295  1509    7.061    1.103    4.393
278  3214  1529      NaN    0.000    0.000
279  3173  1554      NaN    0.000    0.000
281  3244  1572    6.023    0.943    4.697
283  3272  1589    6.406    1.063    4.773
284  3127  1606    6.720    0.950    4.347
285  3156  1618      NaN    0.970    4.473
288  3220  1626      NaN    0.000    0.000
289  3123  1635    6.991    0.990    4.397
294  3205  1694    6.792    1.263    4.637
295  3129  1702      NaN    1.223    4.707
003  3406   862      NaN    0.763    4.630
005  3171   918    3.967    1.127    3.417
008  3340   921      NaN    0.000    0.000
014  3012   921    5.656    1.180    3.740
016  3156   964      NaN    0.000    0.000
020  2980  1013    5.382    1.187    3.600
022  3154  1030    5.453    1.267    3.730
025  3271  1046      NaN    0.870    4.760
028  2794  1071      NaN    1.010    4.073
031  3053  1080    5.963    1.420    3.313
035  2732  1110      NaN    0.000    0.000
037  2829  1123    6.353    1.020    4.043
039  2941  1102    6.348    1.153    4.013
041  3087  1128      NaN    0.950    4.360
046  3158  1117      NaN    0.000    0.000
050  2874  1164      NaN    0.930    4.323
052  2986  1209    6.168    1.213    3.897
055  3074  1212      NaN    0.890    4.707
058  2889  1229      NaN    0.000    0.000
060  2844  1265      NaN    0.000    0.000
061  3158  1263    6.660    0.000    0.000
065  2887  1287      NaN    0.000    0.000
067  2973  1289    5.700    1.050    4.027
068  2788  1328      NaN    1.840    3.797
069  2879  1341      NaN    0.823    4.233
070  2976  1349    6.126    0.833    4.243
075  3057  1298    6.359    1.100    3.850
