090    3200  1317      NaN    0.000    0.000
095    3059  1328    6.186    2.733    5.873
098    3032  1356      NaN    0.000    0.000
099    2999  1358      NaN    0.000    0.000
100    3217  1381    6.561    2.350    5.537
101    3107  1356      NaN    0.000    0.000
102    2760  1349      NaN    4.830    6.417
104    3233  1367      NaN    0.000    0.000
105    3237  1373      NaN    0.000    0.000
106    3263  1400      NaN    0.000    0.000
108    3021  1393      NaN    0.000    0.000
112    2983  1404      NaN    0.000    0.000
114    3131  1419      NaN    0.000    0.000
115    3462  1403    7.012    4.607    5.860
116    3021  1407      NaN    0.000    0.000
119    3023  1427      NaN    0.000    0.000
121    3188  1437      NaN    0.000    0.000
127    3132  1460      NaN    0.000    0.000
129    2968  1482      NaN    1.873    6.577
130    3295  1458      NaN    2.310    6.153
131    3074  1497      NaN    0.000    0.000
133    3067  1527      NaN    0.000    0.000
135    3136  1544    5.762    2.930    5.900
136    3216  1505      NaN    0.000    0.000
137    3155  1523    7.240    0.000    0.000
138    3292  1565      NaN    0.000    0.000
140    2998  1568      NaN    2.357    6.680
143    3206  1582      NaN    0.000    0.000
146    3042  1589      NaN    0.000    0.000
152    3285  1618      NaN    0.000    0.000
155    3201  1662      NaN    0.000    0.000
156    3013  1662      NaN    0.000    0.000
159    3253  1669      NaN    0.000    0.000
162    3186  1698      NaN    0.000    0.000
164    2945  1670      NaN    2.867    6.617
165    2956  1702      NaN    0.000    0.000
168    3108  1710      NaN    0.000    0.000
169    2852  1716      NaN    0.000    0.000
170    2992  1749      NaN    3.147    6.567
172    2980  1642    5.281    1.707    6.367
174    3066  1679    6.265    3.327    6.263
175    2949  1740    5.029    5.027    6.680
184    2972  1847      NaN    0.000    0.000
185    2931  1872      NaN    0.000    0.000
187    3012  1862      NaN    3.503    5.960
188    3012  1862      NaN    3.503    5.960
189    2976  1877      NaN    0.000    0.000
192    3141  1663      NaN    0.000    0.000
201    2963  1378    4.622    1.897    6.637
202    3080  1402      NaN    0.000    0.000
203    3079  1427    5.030    2.530    5.960
211    3156  1338      NaN    3.083    5.640
212    3124  1380    6.336    3.140    5.560
214    3273  1416    6.318    3.893    6.173
216    3248  1438    7.296    0.000    0.000
217    3209  1414      NaN    3.787    5.597
221    3159  1439    6.823    2.697    5.603
226    3107  1514    6.584    2.927    6.027
232    3039  1482    5.959    2.547    6.220
235    2975  1532    6.536    1.870    6.353
236    3016  1538    5.272    1.910    6.390
238    3079  1557    5.884    0.000    0.000
243    2993  1599    5.453    1.753    6.520
244    3057  1612    6.372    1.760    6.083
245    3010  1618      NaN    0.000    0.000
247    3062  1636    5.903    2.773    5.983
248    3083  1607    6.338    1.990    6.007
251    2991  1633    6.237    1.537    6.407
252    2967  1649    5.665    1.823    6.447
253    3237  1656      NaN    0.000    0.000
254    3039  1639    3.826    2.557    6.290
255    3212  1656      NaN    0.000    0.000
256    3052  1673      NaN    2.357    6.410
257    3251  1647    6.841    0.000    0.000
258    3049  1708      NaN    1.690    6.813
258    3049  1708      NaN    1.690    6.813
259    2999  1723    6.627    2.263    6.790
260    3016  1716    6.601    0.000    0.000
261    2977  1731    5.949    2.320    6.580
262    3056  1724    4.350    3.683    6.687
263    3169  1645    6.157    2.240    5.977
264    3108  1624    7.147    4.093    6.453
265    3012  1862      NaN    3.503    5.960
266    3102  1687      NaN    0.000    0.000
271    3239  1463    5.413    3.937    5.630
272    3195  1471      NaN    0.000    0.000
273    3154  1499    6.481    0.000    0.000
276    3254  1521    7.549    3.987    5.933
277    3295  1509    7.082    2.383    5.940
278    3214  1529      NaN    0.000    0.000
279    3173  1554      NaN    0.000    0.000
281    3244  1572    5.731    1.983    5.857
283    3272  1589    6.386    1.917    6.153
284    3127  1606    6.734    2.170    5.717
285    3156  1618      NaN    2.753    6.000
288    3220  1626      NaN    0.000    0.000
289    3123  1635    7.157    2.907    6.067
294    3205  1694    6.948    2.763    5.823
295    3129  1702      NaN    4.093    6.227
003    3406   862      NaN    2.737    6.053
005    3171   918    5.159    3.303    5.657
008    3340   921      NaN    0.000    0.000
014    3012   921    6.965    2.440    5.760
016    3156   964      NaN    0.000    0.000
020    2980  1013    6.259    2.290    5.610
022    3154  1030    7.013    2.457    5.583
025    3271  1046      NaN    2.473    6.377
028    2794  1071      NaN    1.917    5.920
031    3053  1080    5.924    2.433    5.257
035    2732  1110      NaN    0.000    0.000
037    2829  1123    5.944    1.820    5.870
039    2941  1102    5.470    2.483    5.733
041    3087  1128    4.962    1.857    5.833
046    3158  1117      NaN    0.000    0.000
050    2874  1164      NaN    1.740    6.343
052    2986  1209    7.009    2.523    5.353
055    3074  1212      NaN    1.737    6.300
058    2889  1229      NaN    0.000    0.000
060    2844  1265      NaN    0.000    0.000
061    3158  1263    7.444    0.000    0.000
065    2887  1287      NaN    0.000    0.000
067    2973  1289    4.929    2.223    6.123
068    2788  1328    6.140    2.810    6.027
069    2879  1341    6.415    1.863    6.627
070    2976  1349    6.007    1.443    6.707
075    3057  1298    5.621    2.177    5.647
