090  3200  1317      NaN    0.000    0.000
095  3059  1328    2.311    0.653    1.583
098  3032  1356      NaN    0.000    0.000
099  2999  1358      NaN    0.000    0.000
100  3217  1381    2.605    0.677    1.587
101  3107  1356      NaN    0.000    0.000
102  2760  1349      NaN    0.393    0.980
104  3233  1367      NaN    0.000    0.000
105  3237  1373      NaN    0.000    0.000
106  3263  1400      NaN    0.000    0.000
108  3021  1393      NaN    0.000    0.000
112  2983  1404      NaN    0.000    0.000
114  3131  1419      NaN    0.000    0.000
115  3462  1403    1.744    0.630    2.063
116  3021  1407      NaN    0.000    0.000
119  3023  1427      NaN    0.000    0.000
121  3188  1437      NaN    0.000    0.000
127  3132  1460      NaN    0.000    0.000
129  2968  1482      NaN    0.677    1.713
130  3295  1458      NaN    0.217    1.747
131  3074  1497      NaN    0.000    0.000
133  3067  1527      NaN    0.000    0.000
135  3136  1544    1.418    0.570    1.887
136  3216  1505      NaN    0.000    0.000
137  3155  1523    2.461    0.000    0.000
138  3292  1565      NaN    0.000    0.000
140  2998  1568      NaN    0.543    2.083
143  3206  1582      NaN    0.000    0.000
146  3042  1589      NaN    0.000    0.000
152  3285  1618      NaN    0.000    0.000
155  3201  1662      NaN    0.000    0.000
156  3013  1662      NaN    0.000    0.000
159  3253  1669      NaN    0.000    0.000
162  3186  1698      NaN    0.000    0.000
164  2945  1670      NaN    0.353    2.220
165  2956  1702      NaN    0.000    0.000
168  3108  1710      NaN    0.000    0.000
169  2852  1716      NaN    0.000    0.000
170  2992  1749      NaN    0.337    1.497
172  2980  1642    2.137    0.473    2.260
174  3066  1679    2.392    0.213    1.673
175  2949  1740    1.213    0.350    1.377
184  2972  1847      NaN    0.000    0.000
185  2931  1872      NaN    0.000    0.000
187  3012  1862      NaN    0.397    1.983
188  3012  1862      NaN    0.397    1.983
189  2976  1877      NaN    0.000    0.000
192  3141  1663      NaN    0.000    0.000
201  2963  1378    0.240    0.863    1.847
202  3080  1402      NaN    0.000    0.000
203  3079  1427    2.186    0.610    1.823
211  3156  1338      NaN    0.710    1.593
212  3124  1380    2.477    0.240    1.310
214  3273  1416    1.670    0.187    1.617
216  3248  1438    2.864    0.000    0.000
217  3209  1414      NaN    0.280    1.223
221  3159  1439    2.484    0.663    1.583
226  3107  1514    2.329    0.573    1.760
232  3039  1482    2.159    0.617    1.797
235  2975  1532    2.312    0.617    1.863
236  3016  1538    2.074    0.627    1.870
238  3079  1557    2.370    0.000    0.000
243  2993  1599    2.203    0.497    2.080
244  3057  1612    2.675    0.583    1.900
245  3010  1618      NaN    0.000    0.000
247  3062  1636    2.565    0.470    1.953
248  3083  1607    1.717    0.577    1.930
251  2991  1633    2.595    0.467    2.260
252  2967  1649    2.067    0.433    2.293
253  3237  1656      NaN    0.000    0.000
254  3039  1639    1.243    0.510    1.980
255  3212  1656      NaN    0.000    0.000
256  3052  1673      NaN    0.517    2.297
257  3251  1647    3.025    0.000    0.000
258  3049  1708      NaN    0.597    2.613
258  3049  1708      NaN    0.597    2.613
259  2999  1723    2.554    0.433    2.583
260  3016  1716    2.546    0.000    0.000
261  2977  1731    2.036    0.437    2.627
262  3056  1724    1.678    0.653    2.360
263  3169  1645    2.698    0.517    2.193
264  3108  1624    2.876    0.490    2.080
265  3012  1862      NaN    0.397    1.983
266  3102  1687      NaN    0.000    0.000
271  3239  1463    2.080    0.373    1.103
272  3195  1471      NaN    0.000    0.000
273  3154  1499    1.279    0.000    0.000
276  3254  1521    2.929    0.243    1.547
277  3295  1509    2.996    0.247    1.433
278  3214  1529      NaN    0.000    0.000
279  3173  1554      NaN    0.000    0.000
281  3244  1572    2.489    0.610    2.240
283  3272  1589    2.588    0.697    2.410
284  3127  1606    2.832    0.457    2.027
285  3156  1618      NaN    0.517    2.150
288  3220  1626      NaN    0.000    0.000
289  3123  1635    2.848    0.513    2.130
294  3205  1694    3.326    0.303    1.817
295  3129  1702      NaN    0.290    1.860
003  3406   862      NaN    0.580    1.370
005  3171   918    1.158    0.297    0.500
008  3340   921      NaN    0.000    0.000
014  3012   921    1.387    0.553    0.767
016  3156   964      NaN    0.000    0.000
020  2980  1013    1.681    0.303    0.553
022  3154  1030    1.535    0.767    1.147
025  3271  1046      NaN    0.260    1.120
028  2794  1071      NaN    0.727    1.273
031  3053  1080    1.618    0.643    0.940
035  2732  1110      NaN    0.000    0.000
037  2829  1123    2.139    0.750    1.413
039  2941  1102    2.003    0.697    1.283
041  3087  1128    1.855    0.793    1.547
046  3158  1117      NaN    0.000    0.000
050  2874  1164      NaN    0.847    1.653
052  2986  1209    2.164    0.753    1.377
055  3074  1212      NaN    0.440    1.243
058  2889  1229      NaN    0.000    0.000
060  2844  1265      NaN    0.000    0.000
061  3158  1263    2.619    0.000    0.000
065  2887  1287      NaN    0.000    0.000
067  2973  1289    1.919    0.677    1.523
068  2788  1328    1.664    0.860    1.740
069  2879  1341    2.069    0.797    1.700
070  2976  1349    2.185    0.863    1.790
075  3057  1298    2.197    0.673    1.477
