090  3200  1317      NaN    0.000    0.000
095  3059  1328    6.214    2.417    5.627
098  3032  1356      NaN    0.000    0.000
099  2999  1358      NaN    0.000    0.000
100  3217  1381    7.991    1.880    5.850
101  3107  1356      NaN    0.000    0.000
102  2760  1349      NaN    4.020    5.357
104  3233  1367      NaN    0.000    0.000
105  3237  1373      NaN    0.000    0.000
106  3263  1400      NaN    0.000    0.000
108  3021  1393      NaN    0.000    0.000
112  2983  1404      NaN    0.000    0.000
114  3131  1419      NaN    0.000    0.000
115  3462  1403    6.953    4.337    6.207
116  3021  1407      NaN    0.000    0.000
119  3023  1427      NaN    0.000    0.000
121  3188  1437      NaN    0.000    0.000
127  3132  1460      NaN    0.000    0.000
129  2968  1482      NaN    1.600    5.967
130  3295  1458      NaN    2.093    6.667
131  3074  1497      NaN    0.000    0.000
133  3067  1527      NaN    0.000    0.000
135  3136  1544    5.205    3.040    6.013
136  3216  1505      NaN    0.000    0.000
137  3155  1523    7.616    0.000    0.000
138  3292  1565      NaN    0.000    0.000
140  2998  1568      NaN    2.067    5.987
143  3206  1582      NaN    0.000    0.000
146  3042  1589      NaN    0.000    0.000
152  3285  1618      NaN    0.000    0.000
155  3201  1662      NaN    0.000    0.000
156  3013  1662      NaN    0.000    0.000
159  3253  1669    6.533    0.000    0.000
162  3186  1698      NaN    0.000    0.000
164  2945  1670    5.931    2.843    5.530
165  2956  1702      NaN    0.000    0.000
168  3108  1710      NaN    0.000    0.000
169  2852  1716      NaN    0.000    0.000
170  2992  1749      NaN    2.310    5.677
172  2980  1642    5.573    1.767    5.673
174  3066  1679    5.216    3.083    5.370
175  2949  1740    4.681    3.770    5.533
184  2972  1847      NaN    0.000    0.000
185  2931  1872      NaN    0.000    0.000
187  3012  1862      NaN    3.720    5.243
188  3012  1862      NaN    3.720    5.243
189  2976  1877      NaN    0.000    0.000
192  3141  1663      NaN    0.000    0.000
201  2963  1378    4.261    1.627    5.650
202  3080  1402      NaN    0.000    0.000
203  3079  1427    5.294    2.007    5.697
211  3156  1338      NaN    2.720    5.373
212  3124  1380    7.100    2.383    5.480
214  3273  1416    6.812    3.800    6.727
216  3248  1438    7.766    0.000    0.000
217  3209  1414      NaN    3.517    5.620
221  3159  1439    6.807    1.977    5.973
226  3107  1514    6.583    2.790    6.093
232  3039  1482    6.520    2.340    5.767
235  2975  1532      NaN    1.793    5.813
236  3016  1538    5.803    1.723    5.807
238  3079  1557    6.301    0.000    0.000
243  2993  1599    6.565    1.680    5.793
244  3057  1612    6.235    1.973    5.443
245  3010  1618      NaN    0.000    0.000
247  3062  1636    6.635    2.737    5.593
248  3083  1607    6.205    2.103    5.530
251  2991  1633    6.291    1.880    5.750
252  2967  1649    6.426    1.813    5.620
253  3237  1656      NaN    0.000    0.000
254  3039  1639    2.704    2.307    5.480
255  3212  1656      NaN    0.000    0.000
256  3052  1673      NaN    2.833    5.607
257  3251  1647    6.615    0.000    0.000
258  3049  1708      NaN    2.283    5.857
258  3049  1708      NaN    2.283    5.857
259  2999  1723    7.828    2.237    5.883
260  3016  1716    5.941    0.000    0.000
261  2977  1731    6.457    2.187    5.727
262  3056  1724      NaN    3.653    5.760
263  3169  1645    7.087    2.307    5.537
264  3108  1624    7.657    4.027    5.953
265  3012  1862      NaN    3.720    5.243
266  3102  1687      NaN    0.000    0.000
271  3239  1463    6.224    3.687    5.993
272  3195  1471      NaN    0.000    0.000
273  3154  1499    4.707    0.000    0.000
276  3254  1521    7.897    4.180    6.250
277  3295  1509    7.890    2.447    6.167
278  3214  1529      NaN    0.000    0.000
279  3173  1554      NaN    0.000    0.000
281  3244  1572    6.703    1.747    5.830
283  3272  1589    7.300    2.027    6.003
284  3127  1606    7.549    2.350    5.410
285  3156  1618      NaN    2.580    5.473
288  3220  1626      NaN    0.000    0.000
289  3123  1635    8.021    2.957    5.593
294  3205  1694    8.078    2.973    5.350
295  3129  1702      NaN    3.590    5.443
003  3406   862      NaN    1.910    6.213
005  3171   918    7.537    2.147    5.023
008  3340   921      NaN    0.000    0.000
014  3012   921    6.953    2.360    5.257
016  3156   964      NaN    0.000    0.000
020  2980  1013    6.766    2.583    5.057
022  3154  1030    8.299    2.070    4.847
025  3271  1046      NaN    1.593    6.490
028  2794  1071      NaN    1.920    5.243
031  3053  1080    7.426    2.407    4.740
035  2732  1110      NaN    0.000    0.000
037  2829  1123    6.761    1.830    4.980
039  2941  1102    6.675    2.203    5.200
041  3087  1128    6.270    1.657    5.830
046  3158  1117    8.370    0.000    0.000
050  2874  1164      NaN    1.700    5.473
052  2986  1209    6.769    2.103    4.950
055  3074  1212      NaN    1.167    6.133
058  2889  1229      NaN    0.000    0.000
060  2844  1265      NaN    0.000    0.000
061  3158  1263    7.946    0.000    0.000
065  2887  1287      NaN    0.000    0.000
067  2973  1289    5.534    1.567    5.413
068  2788  1328    5.553    2.573    5.010
069  2879  1341      NaN    1.503    5.443
070  2976  1349    6.454    1.297    5.643
075  3057  1298    5.888    1.427    5.143
