090  3200  1317      NaN    0.000    0.000
095  3059  1328    3.758    0.948    2.984
098  3032  1356      NaN    0.000    0.000
099  2999  1358      NaN    0.000    0.000
100  3217  1381    4.687    0.910    2.961
101  3107  1356      NaN    0.000    0.000
102  2760  1349      NaN    1.574    2.690
104  3233  1367      NaN    0.000    0.000
105  3237  1373      NaN    0.000    0.000
106  3263  1400      NaN    0.000    0.000
108  3021  1393      NaN    0.000    0.000
112  2983  1404      NaN    0.000    0.000
114  3131  1419      NaN    0.000    0.000
115  3462  1403    2.560    1.029    3.806
116  3021  1407      NaN    0.000    0.000
119  3023  1427      NaN    0.000    0.000
121  3188  1437      NaN    0.000    0.000
127  3132  1460      NaN    0.000    0.000
129  2968  1482      NaN    1.123    3.084
130  3295  1458      NaN    0.955    3.097
131  3074  1497      NaN    0.000    0.000
133  3067  1527      NaN    0.000    0.000
135  3136  1544    3.665    1.368    2.952
136  3216  1505      NaN    0.000    0.000
137  3155  1523    4.639    0.000    0.000
138  3292  1565      NaN    0.000    0.000
140  2998  1568      NaN    1.055    3.335
143  3206  1582      NaN    0.000    0.000
146  3042  1589      NaN    0.000    0.000
152  3285  1618      NaN    0.000    0.000
155  3201  1662      NaN    0.000    0.000
156  3013  1662      NaN    0.000    0.000
159  3253  1669    4.061    0.000    0.000
162  3186  1698      NaN    0.000    0.000
164  2945  1670    3.326    1.306    3.103
165  2956  1702      NaN    0.000    0.000
168  3108  1710      NaN    0.000    0.000
169  2852  1716      NaN    0.000    0.000
170  2992  1749      NaN    1.332    3.139
172  2980  1642    3.626    0.932    3.287
174  3066  1679    4.222    1.213    3.094
175  2949  1740    2.478    1.903    2.923
184  2972  1847      NaN    0.000    0.000
185  2931  1872      NaN    0.000    0.000
187  3012  1862      NaN    1.035    4.110
188  3012  1862      NaN    1.035    4.110
189  2976  1877      NaN    0.000    0.000
192  3141  1663      NaN    0.000    0.000
201  2963  1378    1.964    0.932    3.132
202  3080  1402      NaN    0.000    0.000
203  3079  1427    3.511    1.123    3.042
211  3156  1338      NaN    1.045    2.803
212  3124  1380    4.530    1.003    2.687
214  3273  1416    3.968    1.181    2.913
216  3248  1438    4.720    0.000    0.000
217  3209  1414      NaN    1.052    2.765
221  3159  1439    4.420    1.003    2.939
226  3107  1514    4.184    1.226    3.084
232  3039  1482    3.800    1.119    3.090
235  2975  1532      NaN    1.090    3.226
236  3016  1538    3.821    0.984    3.226
238  3079  1557    4.268    0.000    0.000
243  2993  1599    3.783    0.919    3.381
244  3057  1612    4.344    1.058    3.126
245  3010  1618      NaN    0.000    0.000
247  3062  1636    4.156    1.274    2.929
248  3083  1607    3.824    1.090    3.139
251  2991  1633    4.310    0.890    3.387
252  2967  1649    3.658    0.829    3.387
253  3237  1656      NaN    0.000    0.000
254  3039  1639    2.868    1.081    3.110
255  3212  1656      NaN    0.000    0.000
256  3052  1673      NaN    1.235    3.190
257  3251  1647    4.334    0.000    0.000
258  3049  1708      NaN    0.945    3.500
258  3049  1708      NaN    0.945    3.500
259  2999  1723    4.113    0.829    3.510
260  3016  1716    3.576    0.000    0.000
261  2977  1731    3.750    0.906    3.371
262  3056  1724      NaN    1.316    3.468
263  3169  1645    4.285    0.974    3.210
264  3108  1624    4.762    1.519    3.123
265  3012  1862      NaN    1.035    4.110
266  3102  1687      NaN    0.000    0.000
271  3239  1463    4.440    1.297    2.597
272  3195  1471      NaN    0.000    0.000
273  3154  1499    4.061    0.000    0.000
276  3254  1521    4.943    1.352    2.916
277  3295  1509    4.772    1.235    2.932
278  3214  1529      NaN    0.000    0.000
279  3173  1554      NaN    0.000    0.000
281  3244  1572    4.217    0.977    3.210
283  3272  1589    4.185    1.023    3.390
284  3127  1606    4.483    1.045    2.997
285  3156  1618      NaN    1.090    3.190
288  3220  1626      NaN    0.000    0.000
289  3123  1635    5.098    1.190    3.113
294  3205  1694    4.984    1.526    3.026
295  3129  1702      NaN    1.339    3.077
003  3406   862      NaN    0.632    3.003
005  3171   918    3.796    0.668    2.277
008  3340   921      NaN    0.000    0.000
014  3012   921    3.457    0.855    2.594
016  3156   964      NaN    0.000    0.000
020  2980  1013    3.722    0.829    2.555
022  3154  1030    4.087    0.729    2.635
025  3271  1046      NaN    0.642    3.323
028  2794  1071      NaN    0.929    2.887
031  3053  1080    3.665    0.894    2.445
035  2732  1110      NaN    0.000    0.000
037  2829  1123    3.464    0.926    3.277
039  2941  1102    3.693    0.881    2.990
041  3087  1128    3.234    0.806    3.287
046  3158  1117    3.788    0.000    0.000
050  2874  1164      NaN    0.765    3.303
052  2986  1209    3.934    0.903    2.832
055  3074  1212      NaN    0.829    3.300
058  2889  1229      NaN    0.000    0.000
060  2844  1265      NaN    0.000    0.000
061  3158  1263    4.221    0.000    0.000
065  2887  1287      NaN    0.000    0.000
067  2973  1289    3.333    0.913    2.997
068  2788  1328    3.501    0.845    3.416
069  2879  1341      NaN    0.735    3.277
070  2976  1349    3.850    0.839    3.284
075  3057  1298    3.459    0.726    2.668
