090  3200  1317      NaN    0.000    0.000
095  3059  1328    5.352    1.157    5.673
098  3032  1356      NaN    0.000    0.000
099  2999  1358      NaN    0.000    0.000
100  3217  1381    6.258    1.327    5.787
101  3107  1356      NaN    0.000    0.000
102  2760  1349      NaN    0.877    2.730
104  3233  1367      NaN    0.000    0.000
105  3237  1373      NaN    0.000    0.000
106  3263  1400      NaN    0.000    0.000
108  3021  1393      NaN    0.000    0.000
112  2983  1404      NaN    0.000    0.000
114  3131  1419      NaN    0.000    0.000
115  3462  1403    5.885    1.970    4.403
116  3021  1407      NaN    0.000    0.000
119  3023  1427      NaN    0.000    0.000
121  3188  1437      NaN    0.000    0.000
127  3132  1460      NaN    0.000    0.000
129  2968  1482      NaN    1.133    5.730
130  3295  1458      NaN    0.587    4.373
131  3074  1497      NaN    0.000    0.000
133  3067  1527      NaN    0.000    0.000
135  3136  1544    3.340    1.403    5.417
136  3216  1505      NaN    0.000    0.000
137  3155  1523    5.746    0.000    0.000
138  3292  1565      NaN    0.000    0.000
140  2998  1568      NaN    1.137    6.657
143  3206  1582      NaN    0.000    0.000
146  3042  1589      NaN    0.000    0.000
152  3285  1618      NaN    0.000    0.000
155  3201  1662      NaN    0.000    0.000
156  3013  1662      NaN    0.000    0.000
159  3253  1669      NaN    0.000    0.000
162  3186  1698      NaN    0.000    0.000
164  2945  1670      NaN    1.390    5.137
165  2956  1702      NaN    0.000    0.000
168  3108  1710      NaN    0.000    0.000
169  2852  1716      NaN    0.000    0.000
170  2992  1749      NaN    0.820    3.767
172  2980  1642    5.821    1.073    6.977
174  3066  1679    4.650    0.763    3.807
175  2949  1740    4.559    0.983    3.800
184  2972  1847      NaN    0.000    0.000
185  2931  1872      NaN    0.000    0.000
187  3012  1862      NaN    1.270    3.640
188  3012  1862      NaN    1.270    3.640
189  2976  1877      NaN    0.000    0.000
192  3141  1663      NaN    0.000    0.000
201  2963  1378      NaN    1.197    5.703
202  3080  1402      NaN    0.000    0.000
203  3079  1427    5.324    1.223    6.120
211  3156  1338      NaN    1.247    4.977
212  3124  1380    6.068    0.707    2.900
214  3273  1416    5.569    0.790    3.740
216  3248  1438    6.276    0.000    0.000
217  3209  1414      NaN    0.667    3.703
221  3159  1439    6.185    1.280    5.397
226  3107  1514    5.753    1.257    5.880
232  3039  1482    5.727    1.093    6.143
235  2975  1532      NaN    1.083    6.047
236  3016  1538      NaN    1.097    6.183
238  3079  1557    5.579    0.000    0.000
243  2993  1599    6.588    1.050    6.847
244  3057  1612    6.357    1.420    5.777
245  3010  1618      NaN    0.000    0.000
247  3062  1636    5.612    1.257    5.753
248  3083  1607    3.191    1.340    5.817
251  2991  1633    6.176    1.040    7.030
252  2967  1649    6.183    1.247    6.977
253  3237  1656      NaN    0.000    0.000
254  3039  1639    2.992    1.370    6.117
255  3212  1656      NaN    0.000    0.000
256  3052  1673      NaN    1.217    6.510
257  3251  1647    6.804    0.000    0.000
258  3049  1708      NaN    1.677    5.220
258  3049  1708      NaN    1.677    5.220
259  2999  1723    6.431    1.113    6.303
260  3016  1716    6.128    0.000    0.000
261  2977  1731    6.002    1.090    6.507
262  3056  1724    4.274    1.507    5.663
263  3169  1645    5.816    1.220    6.257
264  3108  1624    6.621    1.397    5.963
265  3012  1862      NaN    1.270    3.640
266  3102  1687      NaN    0.000    0.000
271  3239  1463    4.161    0.770    3.103
272  3195  1471      NaN    0.000    0.000
273  3154  1499    2.946    0.000    0.000
276  3254  1521    6.701    0.610    4.327
277  3295  1509    6.779    0.703    3.720
278  3214  1529      NaN    0.000    0.000
279  3173  1554      NaN    0.000    0.000
281  3244  1572    5.766    1.283    6.857
283  3272  1589    6.397    1.170    6.840
284  3127  1606    6.403    1.210    6.127
285  3156  1618      NaN    1.293    6.297
288  3220  1626      NaN    0.000    0.000
289  3123  1635    6.798    1.247    6.227
294  3205  1694    6.162    0.940    3.843
295  3129  1702      NaN    1.020    4.230
003  3406   862      NaN    1.043    5.977
005  3171   918    2.643    0.560    3.240
008  3340   921      NaN    0.000    0.000
014  3012   921    5.125    1.250    5.193
016  3156   964      NaN    0.000    0.000
020  2980  1013    4.749    0.700    3.323
022  3154  1030    5.463    1.150    4.627
025  3271  1046      NaN    0.517    3.857
028  2794  1071      NaN    1.047    5.813
031  3053  1080    5.800    1.410    3.933
035  2732  1110      NaN    0.000    0.000
037  2829  1123    5.589    1.040    5.503
039  2941  1102    5.412    1.103    5.380
041  3087  1128    5.551    1.133    6.267
046  3158  1117      NaN    0.000    0.000
050  2874  1164      NaN    1.150    6.227
052  2986  1209    5.878    1.250    4.983
055  3074  1212      NaN    0.577    4.037
058  2889  1229      NaN    0.000    0.000
060  2844  1265      NaN    0.000    0.000
061  3158  1263    6.417    0.000    0.000
065  2887  1287      NaN    0.000    0.000
067  2973  1289    5.093    1.230    6.137
068  2788  1328    5.955    1.497    4.060
069  2879  1341    5.775    0.983    5.510
070  2976  1349    5.412    1.073    6.103
075  3057  1298    5.456    1.217    5.743
