090  3200  1317      NaN    0.000    0.000
095  3059  1328    5.951    2.360    7.597
098  3032  1356      NaN    0.000    0.000
099  2999  1358      NaN    0.000    0.000
100  3217  1381      NaN    2.173    6.543
101  3107  1356      NaN    0.000    0.000
102  2760  1349      NaN    5.953    7.803
104  3233  1367      NaN    0.000    0.000
105  3237  1373      NaN    0.000    0.000
106  3263  1400      NaN    0.000    0.000
108  3021  1393      NaN    0.000    0.000
112  2983  1404      NaN    0.000    0.000
114  3131  1419      NaN    0.000    0.000
115  3462  1403    6.491    3.237    4.417
116  3021  1407      NaN    0.000    0.000
119  3023  1427      NaN    0.000    0.000
121  3188  1437      NaN    0.000    0.000
127  3132  1460      NaN    0.000    0.000
129  2968  1482      NaN    0.747   10.637
130  3295  1458      NaN    1.230    5.360
131  3074  1497      NaN    0.000    0.000
133  3067  1527      NaN    0.000    0.000
135  3136  1544    5.656    3.253    7.043
136  3216  1505      NaN    0.000    0.000
137  3155  1523    7.003    0.000    0.000
138  3292  1565      NaN    0.000    0.000
140  2998  1568      NaN    2.157    8.707
143  3206  1582      NaN    0.000    0.000
146  3042  1589      NaN    0.000    0.000
152  3285  1618      NaN    0.000    0.000
155  3201  1662      NaN    0.000    0.000
156  3013  1662      NaN    0.000    0.000
159  3253  1669      NaN    0.000    0.000
162  3186  1698      NaN    0.000    0.000
164  2945  1670      NaN    2.200    7.367
165  2956  1702      NaN    0.000    0.000
168  3108  1710      NaN    0.000    0.000
169  2852  1716      NaN    0.000    0.000
170  2992  1749      NaN    3.710    6.020
172  2980  1642    5.313    0.713    9.190
174  3066  1679    5.827    2.437    4.927
175  2949  1740    6.032    4.457    6.313
184  2972  1847      NaN    0.000    0.000
185  2931  1872      NaN    0.000    0.000
187  3012  1862      NaN    2.310    4.233
188  3012  1862      NaN    2.310    4.233
189  2976  1877      NaN    0.000    0.000
192  3141  1663      NaN    0.000    0.000
201  2963  1378    4.075    0.867   10.007
202  3080  1402      NaN    0.000    0.000
203  3079  1427    4.928    2.093    8.323
211  3156  1338      NaN    4.130    5.463
212  3124  1380    6.129    1.980    4.600
214  3273  1416    6.547    2.760    5.650
216  3248  1438    5.863    0.000    0.000
217  3209  1414      NaN    4.380    5.787
221  3159  1439    6.387    1.937    8.317
226  3107  1514    6.139    2.753    7.490
232  3039  1482    5.807    2.120    8.093
235  2975  1532    6.871    1.603    9.447
236  3016  1538    5.555    0.683    9.610
238  3079  1557    5.831    0.000    0.000
243  2993  1599    5.411    1.230    9.150
244  3057  1612    6.233    1.733    7.237
245  3010  1618      NaN    0.000    0.000
247  3062  1636    5.363    2.740    5.590
248  3083  1607    5.738    1.727    7.760
251  2991  1633    5.637    1.613    8.447
252  2967  1649    5.349    0.817    8.827
253  3237  1656      NaN    0.000    0.000
254  3039  1639    3.526    2.253    6.473
255  3212  1656      NaN    0.000    0.000
256  3052  1673      NaN    2.217    6.353
257  3251  1647    6.462    0.000    0.000
258  3049  1708      NaN    2.483    6.467
258  3049  1708      NaN    2.483    6.467
259  2999  1723    6.479    1.583    8.150
260  3016  1716    6.362    0.000    0.000
261  2977  1731    5.479    1.440    8.067
262  3056  1724    4.617    3.510    6.083
263  3169  1645    5.415    2.107    6.783
264  3108  1624    6.515    4.090    6.357
265  3012  1862      NaN    2.310    4.233
266  3102  1687      NaN    0.000    0.000
271  3239  1463    5.027    3.413    5.407
272  3195  1471      NaN    0.000    0.000
273  3154  1499    6.031    0.000    0.000
276  3254  1521    7.350    3.117    5.603
277  3295  1509    6.691    2.230    5.290
278  3214  1529      NaN    0.000    0.000
279  3173  1554      NaN    0.000    0.000
281  3244  1572    5.924    1.207    8.200
283  3272  1589    6.112    2.170    7.293
284  3127  1606    6.570    2.207    6.053
285  3156  1618      NaN    2.673    5.977
288  3220  1626      NaN    0.000    0.000
289  3123  1635    5.658    2.497    5.910
294  3205  1694    7.362    2.723    5.237
295  3129  1702      NaN    4.807    6.410
003  3406   862      NaN    2.153    4.397
005  3171   918    6.481    1.460    3.263
008  3340   921      NaN    0.000    0.000
014  3012   921    6.224    2.080    5.590
016  3156   964      NaN    0.000    0.000
020  2980  1013    6.544    1.207    3.857
022  3154  1030    9.095    1.823    4.363
025  3271  1046      NaN    1.403    4.093
028  2794  1071      NaN    1.507    8.200
031  3053  1080    6.189    1.830    3.990
035  2732  1110      NaN    0.000    0.000
037  2829  1123    5.948    1.233    9.417
039  2941  1102    5.501    1.597    7.570
041  3087  1128    4.715    2.203    7.437
046  3158  1117      NaN    0.000    0.000
050  2874  1164      NaN    0.930   10.483
052  2986  1209    7.029    1.300    7.577
055  3074  1212      NaN    0.790    5.950
058  2889  1229      NaN    0.000    0.000
060  2844  1265      NaN    0.000    0.000
061  3158  1263    7.753    0.000    0.000
065  2887  1287      NaN    0.000    0.000
067  2973  1289    4.733    1.443    9.163
068  2788  1328    5.887    2.353    8.660
069  2879  1341    6.283    0.697   10.790
070  2976  1349    5.378    0.717   10.617
075  3057  1298    5.185    1.470    7.903
