090  3200  1317      NaN    0.000    0.000
095  3059  1328    5.315    1.867    4.047
098  3032  1356      NaN    0.000    0.000
099  2999  1358      NaN    0.000    0.000
100  3217  1381    6.762    1.773    3.930
101  3107  1356      NaN    0.000    0.000
102  2760  1349      NaN    3.043    4.107
104  3233  1367      NaN    0.000    0.000
105  3237  1373      NaN    0.000    0.000
106  3263  1400      NaN    0.000    0.000
108  3021  1393      NaN    0.000    0.000
112  2983  1404      NaN    0.000    0.000
114  3131  1419      NaN    0.000    0.000
115  3462  1403    5.142    2.463    5.063
116  3021  1407      NaN    0.000    0.000
119  3023  1427      NaN    0.000    0.000
121  3188  1437      NaN    0.000    0.000
127  3132  1460      NaN    0.000    0.000
129  2968  1482      NaN    2.493    4.233
130  3295  1458      NaN    1.927    4.780
131  3074  1497      NaN    0.000    0.000
133  3067  1527      NaN    0.000    0.000
135  3136  1544    5.587    3.003    4.773
136  3216  1505      NaN    0.000    0.000
137  3155  1523    6.059    0.000    0.000
138  3292  1565      NaN    0.000    0.000
140  2998  1568      NaN    2.160    4.887
143  3206  1582      NaN    0.000    0.000
146  3042  1589      NaN    0.000    0.000
152  3285  1618      NaN    0.000    0.000
155  3201  1662      NaN    0.000    0.000
156  3013  1662      NaN    0.000    0.000
159  3253  1669    5.350    0.000    0.000
162  3186  1698      NaN    0.000    0.000
164  2945  1670    4.559    2.460    5.023
165  2956  1702      NaN    0.000    0.000
168  3108  1710      NaN    0.000    0.000
169  2852  1716      NaN    0.000    0.000
170  2992  1749      NaN    3.540    5.357
172  2980  1642    5.152    1.977    4.923
174  3066  1679    5.645    3.197    5.163
175  2949  1740    3.659    3.363    5.313
184  2972  1847      NaN    0.000    0.000
185  2931  1872      NaN    0.000    0.000
187  3012  1862      NaN    1.560    6.440
188  3012  1862      NaN    1.560    6.440
189  2976  1877      NaN    0.000    0.000
192  3141  1663      NaN    0.000    0.000
201  2963  1378    4.129    1.847    4.137
202  3080  1402      NaN    0.000    0.000
203  3079  1427    4.318    2.090    4.127
211  3156  1338      NaN    2.093    3.893
212  3124  1380    5.897    2.007    3.943
214  3273  1416    5.877    2.680    4.437
216  3248  1438    5.820    0.000    0.000
217  3209  1414      NaN    2.557    3.917
221  3159  1439    5.512    2.007    4.043
226  3107  1514    5.535    2.710    4.627
232  3039  1482    5.444    2.237    4.350
235  2975  1532      NaN    2.183    4.510
236  3016  1538    5.394    1.617    4.570
238  3079  1557    5.539    0.000    0.000
243  2993  1599    5.738    2.113    4.827
244  3057  1612    5.589    2.083    4.620
245  3010  1618      NaN    0.000    0.000
247  3062  1636    5.456    3.020    4.753
248  3083  1607    5.308    2.303    4.667
251  2991  1633    6.201    1.913    5.053
252  2967  1649    5.583    1.597    5.150
253  3237  1656      NaN    0.000    0.000
254  3039  1639    4.826    2.510    4.733
255  3212  1656      NaN    0.000    0.000
256  3052  1673      NaN    2.930    5.150
257  3251  1647    5.316    0.000    0.000
258  3049  1708      NaN    2.827    5.293
258  3049  1708      NaN    2.827    5.293
259  2999  1723    5.564    2.317    5.400
260  3016  1716    5.074    0.000    0.000
261  2977  1731    5.254    2.317    5.353
262  3056  1724      NaN    2.490    5.677
263  3169  1645    5.285    2.393    4.837
264  3108  1624    5.974    3.637    5.357
265  3012  1862      NaN    1.560    6.440
266  3102  1687      NaN    0.000    0.000
271  3239  1463    5.879    3.097    4.260
272  3195  1471      NaN    0.000    0.000
273  3154  1499    6.018    0.000    0.000
276  3254  1521    6.649    3.050    4.670
277  3295  1509    5.778    2.323    4.637
278  3214  1529      NaN    0.000    0.000
279  3173  1554      NaN    0.000    0.000
281  3244  1572    5.423    2.250    4.713
283  3272  1589    5.839    2.493    4.803
284  3127  1606    6.083    2.250    4.610
285  3156  1618      NaN    2.300    4.983
288  3220  1626      NaN    0.000    0.000
289  3123  1635    6.974    2.470    4.917
294  3205  1694    6.592    2.420    5.243
295  3129  1702      NaN    3.247    5.193
003  3406   862      NaN    1.630    4.527
005  3171   918    5.821    1.483    3.743
008  3340   921      NaN    0.000    0.000
014  3012   921    6.003    1.377    3.660
016  3156   964      NaN    0.000    0.000
020  2980  1013    5.998    1.307    3.783
022  3154  1030    6.308    1.377    3.490
025  3271  1046      NaN    1.010    4.557
028  2794  1071      NaN    1.587    3.980
031  3053  1080    5.493    1.397    3.327
035  2732  1110      NaN    0.000    0.000
037  2829  1123    5.296    1.403    4.190
039  2941  1102    5.166    1.600    3.900
041  3087  1128    4.769    1.297    4.207
046  3158  1117    5.836    0.000    0.000
050  2874  1164      NaN    1.637    4.303
052  2986  1209    5.765    1.693    3.757
055  3074  1212      NaN    1.353    4.630
058  2889  1229      NaN    0.000    0.000
060  2844  1265      NaN    0.000    0.000
061  3158  1263    5.613    0.000    0.000
065  2887  1287      NaN    0.000    0.000
067  2973  1289    4.673    1.953    4.003
068  2788  1328    5.292    1.527    4.313
069  2879  1341      NaN    1.643    4.330
070  2976  1349    5.435    1.663    4.373
075  3057  1298    5.151    1.663    3.727
