090    3200  1317      NaN    0.000    0.000
095    3059  1328    3.438    1.045    3.077
098    3032  1356      NaN    0.000    0.000
099    2999  1358      NaN    0.000    0.000
100    3217  1381    4.146    1.142    2.955
101    3107  1356      NaN    0.000    0.000
102    2760  1349      NaN    1.777    2.871
104    3233  1367      NaN    0.000    0.000
105    3237  1373      NaN    0.000    0.000
106    3263  1400      NaN    0.000    0.000
108    3021  1393      NaN    0.000    0.000
112    2983  1404      NaN    0.000    0.000
114    3131  1419      NaN    0.000    0.000
115    3462  1403    3.412    1.494    3.568
116    3021  1407      NaN    0.000    0.000
119    3023  1427      NaN    0.000    0.000
121    3188  1437      NaN    0.000    0.000
127    3132  1460      NaN    0.000    0.000
129    2968  1482      NaN    1.006    3.390
130    3295  1458      NaN    1.155    3.155
131    3074  1497      NaN    0.000    0.000
133    3067  1527      NaN    0.000    0.000
135    3136  1544    3.614    1.413    3.323
136    3216  1505      NaN    0.000    0.000
137    3155  1523    4.118    0.000    0.000
138    3292  1565      NaN    0.000    0.000
140    2998  1568      NaN    1.139    3.668
143    3206  1582      NaN    0.000    0.000
146    3042  1589      NaN    0.000    0.000
152    3285  1618      NaN    0.000    0.000
155    3201  1662      NaN    0.000    0.000
156    3013  1662      NaN    0.000    0.000
159    3253  1669      NaN    0.000    0.000
162    3186  1698      NaN    0.000    0.000
164    2945  1670      NaN    1.345    3.516
165    2956  1702      NaN    0.000    0.000
168    3108  1710      NaN    0.000    0.000
169    2852  1716      NaN    0.000    0.000
170    2992  1749      NaN    1.332    3.465
172    2980  1642    3.338    0.855    3.774
174    3066  1679    4.511    1.271    3.565
175    2949  1740    3.098    2.306    3.197
184    2972  1847      NaN    0.000    0.000
185    2931  1872      NaN    0.000    0.000
187    3012  1862      NaN    1.384    4.142
188    3012  1862      NaN    1.384    4.142
189    2976  1877      NaN    0.000    0.000
192    3141  1663      NaN    0.000    0.000
201    2963  1378    2.001    0.868    3.316
202    3080  1402      NaN    0.000    0.000
203    3079  1427    3.144    1.110    3.174
211    3156  1338      NaN    1.226    2.903
212    3124  1380    3.739    1.210    2.829
214    3273  1416    3.872    1.255    2.897
216    3248  1438    4.535    0.000    0.000
217    3209  1414      NaN    1.226    2.739
221    3159  1439    4.117    1.123    3.058
226    3107  1514    3.951    1.148    3.371
232    3039  1482    3.733    1.100    3.403
235    2975  1532    3.815    0.952    3.619
236    3016  1538    3.384    0.835    3.661
238    3079  1557    3.751    0.000    0.000
243    2993  1599    3.256    0.861    3.806
244    3057  1612    4.074    0.800    3.674
245    3010  1618      NaN    0.000    0.000
247    3062  1636    3.663    1.152    3.445
248    3083  1607    3.379    0.929    3.590
251    2991  1633    3.717    0.939    3.829
252    2967  1649    3.493    0.806    3.868
253    3237  1656      NaN    0.000    0.000
254    3039  1639    2.635    0.971    3.648
255    3212  1656      NaN    0.000    0.000
256    3052  1673      NaN    1.200    3.739
257    3251  1647    4.071    0.000    0.000
258    3049  1708      NaN    0.919    4.000
258    3049  1708      NaN    0.919    4.000
259    2999  1723    3.935    0.826    3.887
260    3016  1716    3.687    0.000    0.000
261    2977  1731    3.763    1.084    3.616
262    3056  1724    2.929    1.694    3.739
263    3169  1645    3.441    1.010    3.600
264    3108  1624    4.794    1.706    3.526
265    3012  1862      NaN    1.384    4.142
266    3102  1687      NaN    0.000    0.000
271    3239  1463    3.255    1.623    2.687
272    3195  1471      NaN    0.000    0.000
273    3154  1499    3.718    0.000    0.000
276    3254  1521    4.504    1.310    3.135
277    3295  1509    4.249    1.348    2.965
278    3214  1529      NaN    0.000    0.000
279    3173  1554      NaN    0.000    0.000
281    3244  1572    3.568    1.090    3.377
283    3272  1589    3.699    1.158    3.439
284    3127  1606    4.166    1.026    3.374
285    3156  1618      NaN    1.042    3.561
288    3220  1626      NaN    0.000    0.000
289    3123  1635    4.896    1.171    3.519
294    3205  1694    4.957    1.723    3.448
295    3129  1702      NaN    1.452    3.506
003    3406   862      NaN    0.823    2.803
005    3171   918    2.358    0.645    2.326
008    3340   921      NaN    0.000    0.000
014    3012   921    3.437    0.813    2.642
016    3156   964      NaN    0.000    0.000
020    2980  1013    3.383    0.774    2.487
022    3154  1030    3.570    0.752    2.668
025    3271  1046      NaN    0.768    3.284
028    2794  1071      NaN    0.926    2.926
031    3053  1080    3.336    0.897    2.442
035    2732  1110      NaN    0.000    0.000
037    2829  1123    3.465    0.845    3.210
039    2941  1102    3.499    0.906    2.974
041    3087  1128    3.182    0.894    3.190
046    3158  1117      NaN    0.000    0.000
050    2874  1164      NaN    0.794    3.361
052    2986  1209    4.133    0.977    2.877
055    3074  1212      NaN    0.768    3.574
058    2889  1229      NaN    0.000    0.000
060    2844  1265      NaN    0.000    0.000
061    3158  1263    4.141    0.000    0.000
065    2887  1287      NaN    0.000    0.000
067    2973  1289    3.410    0.971    3.077
068    2788  1328    3.532    0.835    3.555
069    2879  1341    3.573    0.823    3.403
070    2976  1349    3.318    0.732    3.619
075    3057  1298    3.416    0.823    2.810
