090    3200  1317      NaN    0.000    0.000
095    3059  1328    5.491    3.658    4.745
098    3032  1356      NaN    0.000    0.000
099    2999  1358      NaN    0.000    0.000
100    3217  1381    5.731    3.339    5.139
101    3107  1356      NaN    0.000    0.000
102    2760  1349      NaN    4.229    5.132
104    3233  1367      NaN    0.000    0.000
105    3237  1373      NaN    0.000    0.000
106    3263  1400      NaN    0.000    0.000
108    3021  1393      NaN    0.000    0.000
112    2983  1404      NaN    0.000    0.000
114    3131  1419      NaN    0.000    0.000
115    3462  1403    5.470    4.700    6.700
116    3021  1407      NaN    0.000    0.000
119    3023  1427      NaN    0.000    0.000
121    3188  1437      NaN    0.000    0.000
127    3132  1460      NaN    0.000    0.000
129    2968  1482      NaN    4.035    5.929
130    3295  1458      NaN    2.981    6.439
131    3074  1497      NaN    0.000    0.000
133    3067  1527      NaN    0.000    0.000
135    3136  1544    4.355    4.439    6.190
136    3216  1505      NaN    0.000    0.000
137    3155  1523    6.100    0.000    0.000
138    3292  1565      NaN    0.000    0.000
140    2998  1568      NaN    3.677    6.177
143    3206  1582      NaN    0.000    0.000
146    3042  1589      NaN    0.000    0.000
152    3285  1618      NaN    0.000    0.000
155    3201  1662      NaN    0.000    0.000
156    3013  1662      NaN    0.000    0.000
159    3253  1669      NaN    0.000    0.000
162    3186  1698      NaN    0.000    0.000
164    2945  1670      NaN    4.381    6.555
165    2956  1702      NaN    0.000    0.000
168    3108  1710      NaN    0.000    0.000
169    2852  1716      NaN    0.000    0.000
170    2992  1749      NaN    3.974    6.865
172    2980  1642    4.964    3.003    6.100
174    3066  1679    4.504    3.503    6.290
175    2949  1740    4.521    4.561    6.826
184    2972  1847      NaN    0.000    0.000
185    2931  1872      NaN    0.000    0.000
187    3012  1862      NaN    4.016    7.045
188    3012  1862      NaN    4.016    7.045
189    2976  1877      NaN    0.000    0.000
192    3141  1663      NaN    0.000    0.000
201    2963  1378    5.277    3.061    5.235
202    3080  1402      NaN    0.000    0.000
203    3079  1427    5.469    3.416    5.055
211    3156  1338      NaN    3.529    4.835
212    3124  1380    5.767    3.481    4.765
214    3273  1416    4.373    4.484    6.723
216    3248  1438    6.167    0.000    0.000
217    3209  1414      NaN    4.103    5.303
221    3159  1439    5.903    3.503    4.855
226    3107  1514    5.497    4.026    5.832
232    3039  1482    4.701    3.545    5.513
235    2975  1532    5.122    3.574    5.865
236    3016  1538    4.899    3.310    5.765
238    3079  1557    4.615    0.000    0.000
243    2993  1599    4.608    3.413    6.255
244    3057  1612    5.111    3.303    5.465
245    3010  1618      NaN    0.000    0.000
247    3062  1636    4.825    4.190    6.000
248    3083  1607    5.194    3.419    5.503
251    2991  1633    5.981    3.026    6.232
252    2967  1649    4.696    2.919    6.084
253    3237  1656      NaN    0.000    0.000
254    3039  1639    4.335    3.874    5.955
255    3212  1656      NaN    0.000    0.000
256    3052  1673      NaN    3.397    6.274
257    3251  1647    5.995    0.000    0.000
258    3049  1708      NaN    4.348    6.797
258    3049  1708      NaN    4.348    6.797
259    2999  1723    6.137    3.710    6.897
260    3016  1716    5.068    0.000    0.000
261    2977  1731    5.069    3.684    6.771
262    3056  1724    4.131    4.445    7.423
263    3169  1645    4.942    3.394    6.035
264    3108  1624    5.900    4.226    6.539
265    3012  1862      NaN    4.016    7.045
266    3102  1687      NaN    0.000    0.000
271    3239  1463    4.015    4.400    5.748
272    3195  1471      NaN    0.000    0.000
273    3154  1499    6.057    0.000    0.000
276    3254  1521    4.853    4.519    6.419
277    3295  1509    6.071    2.948    6.397
278    3214  1529      NaN    0.000    0.000
279    3173  1554      NaN    0.000    0.000
281    3244  1572    4.873    2.961    6.135
283    3272  1589    5.163    2.977    6.542
284    3127  1606    5.786    3.058    5.629
285    3156  1618      NaN    3.194    5.897
288    3220  1626      NaN    0.000    0.000
289    3123  1635    6.451    3.800    6.026
294    3205  1694    6.600    3.284    6.481
295    3129  1702      NaN    4.523    6.594
003    3406   862      NaN    3.600    5.819
005    3171   918    5.426    3.219    4.558
008    3340   921      NaN    0.000    0.000
014    3012   921    6.107    3.310    4.555
016    3156   964      NaN    0.000    0.000
020    2980  1013    6.404    3.016    4.394
022    3154  1030    6.979    3.365    4.610
025    3271  1046      NaN    2.490    5.732
028    2794  1071      NaN    3.274    4.726
031    3053  1080    6.725    3.077    4.335
035    2732  1110      NaN    0.000    0.000
037    2829  1123    5.719    3.165    4.552
039    2941  1102    5.626    3.368    4.665
041    3087  1128    5.354    2.806    4.852
046    3158  1117      NaN    0.000    0.000
050    2874  1164      NaN    3.132    4.955
052    2986  1209    6.987    3.187    4.258
055    3074  1212      NaN    3.058    5.458
058    2889  1229      NaN    0.000    0.000
060    2844  1265      NaN    0.000    0.000
061    3158  1263    8.035    0.000    0.000
065    2887  1287      NaN    0.000    0.000
067    2973  1289    5.345    3.339    4.635
068    2788  1328    5.857    3.348    4.465
069    2879  1341    4.999    3.184    5.087
070    2976  1349    6.012    2.935    4.810
075    3057  1298    5.691    3.187    4.203
