090    3200  1317      NaN    0.000    0.000
095    3059  1328    4.759    1.381    2.919
098    3032  1356      NaN    0.000    0.000
099    2999  1358      NaN    0.000    0.000
100    3217  1381    4.538    1.342    3.145
101    3107  1356      NaN    0.000    0.000
102    2760  1349      NaN    1.184    2.413
104    3233  1367      NaN    0.000    0.000
105    3237  1373      NaN    0.000    0.000
106    3263  1400      NaN    0.000    0.000
108    3021  1393      NaN    0.000    0.000
112    2983  1404      NaN    0.000    0.000
114    3131  1419      NaN    0.000    0.000
115    3462  1403    2.109    1.735    3.342
116    3021  1407      NaN    0.000    0.000
119    3023  1427      NaN    0.000    0.000
121    3188  1437      NaN    0.000    0.000
127    3132  1460      NaN    0.000    0.000
129    2968  1482      NaN    1.310    3.184
130    3295  1458      NaN    0.865    3.445
131    3074  1497      NaN    0.000    0.000
133    3067  1527      NaN    0.000    0.000
135    3136  1544    2.722    1.129    3.287
136    3216  1505      NaN    0.000    0.000
137    3155  1523    4.860    0.000    0.000
138    3292  1565      NaN    0.000    0.000
140    2998  1568      NaN    1.039    3.613
143    3206  1582      NaN    0.000    0.000
146    3042  1589      NaN    0.000    0.000
152    3285  1618      NaN    0.000    0.000
155    3201  1662      NaN    0.000    0.000
156    3013  1662      NaN    0.000    0.000
159    3253  1669      NaN    0.000    0.000
162    3186  1698      NaN    0.000    0.000
164    2945  1670      NaN    1.290    3.306
165    2956  1702      NaN    0.000    0.000
168    3108  1710      NaN    0.000    0.000
169    2852  1716      NaN    0.000    0.000
170    2992  1749      NaN    0.935    3.606
172    2980  1642    4.591    0.858    3.642
174    3066  1679    3.498    0.900    3.542
175    2949  1740    3.245    1.106    3.435
184    2972  1847      NaN    0.000    0.000
185    2931  1872      NaN    0.000    0.000
187    3012  1862      NaN    1.474    3.619
188    3012  1862      NaN    1.474    3.619
189    2976  1877      NaN    0.000    0.000
192    3141  1663      NaN    0.000    0.000
201    2963  1378    1.538    1.326    3.016
202    3080  1402      NaN    0.000    0.000
203    3079  1427    4.554    1.252    3.219
211    3156  1338      NaN    1.326    2.900
212    3124  1380    5.123    1.055    2.910
214    3273  1416    3.499    0.906    3.255
216    3248  1438    5.010    0.000    0.000
217    3209  1414      NaN    1.168    3.039
221    3159  1439    4.546    1.390    3.181
226    3107  1514    4.817    1.203    3.290
232    3039  1482    4.689    1.216    3.319
235    2975  1532    5.270    1.197    3.358
236    3016  1538    4.442    1.161    3.390
238    3079  1557    4.586    0.000    0.000
243    2993  1599    5.252    0.939    3.606
244    3057  1612    4.987    1.203    3.413
245    3010  1618      NaN    0.000    0.000
247    3062  1636    5.014    1.081    3.316
248    3083  1607    3.171    1.168    3.432
251    2991  1633    5.061    0.829    3.668
252    2967  1649    5.013    0.955    3.687
253    3237  1656      NaN    0.000    0.000
254    3039  1639    2.276    1.097    3.442
255    3212  1656      NaN    0.000    0.000
256    3052  1673      NaN    0.971    3.590
257    3251  1647    5.322    0.000    0.000
258    3049  1708      NaN    1.074    3.432
258    3049  1708      NaN    1.074    3.432
259    2999  1723    5.227    0.887    3.674
260    3016  1716    5.108    0.000    0.000
261    2977  1731    4.875    0.848    3.613
262    3056  1724    3.113    1.119    3.603
263    3169  1645    4.914    0.932    3.532
264    3108  1624    5.189    0.994    3.474
265    3012  1862      NaN    1.474    3.619
266    3102  1687      NaN    0.000    0.000
271    3239  1463    3.948    1.029    3.061
272    3195  1471      NaN    0.000    0.000
273    3154  1499    2.489    0.000    0.000
276    3254  1521    5.264    0.887    3.377
277    3295  1509    5.094    0.861    3.310
278    3214  1529      NaN    0.000    0.000
279    3173  1554      NaN    0.000    0.000
281    3244  1572    4.613    0.906    3.548
283    3272  1589    4.771    0.884    3.668
284    3127  1606    4.894    0.977    3.416
285    3156  1618      NaN    0.932    3.535
288    3220  1626      NaN    0.000    0.000
289    3123  1635    5.190    0.945    3.506
294    3205  1694    5.826    0.939    3.626
295    3129  1702      NaN    1.006    3.623
003    3406   862      NaN    1.074    2.616
005    3171   918    1.262    1.081    1.274
008    3340   921      NaN    0.000    0.000
014    3012   921    3.579    1.052    1.197
016    3156   964      NaN    0.000    0.000
020    2980  1013    2.955    1.039    1.371
022    3154  1030    3.605    1.071    1.532
025    3271  1046      NaN    1.139    3.097
028    2794  1071      NaN    1.416    2.410
031    3053  1080    3.379    1.332    1.635
035    2732  1110      NaN    0.000    0.000
037    2829  1123    4.674    1.242    2.523
039    2941  1102    4.582    1.423    2.481
041    3087  1128    4.388    1.174    2.677
046    3158  1117      NaN    0.000    0.000
050    2874  1164      NaN    1.203    2.848
052    2986  1209    4.801    1.361    2.642
055    3074  1212      NaN    1.187    3.194
058    2889  1229      NaN    0.000    0.000
060    2844  1265      NaN    0.000    0.000
061    3158  1263    5.139    0.000    0.000
065    2887  1287      NaN    0.000    0.000
067    2973  1289    4.485    1.355    2.861
068    2788  1328    4.806    1.500    2.532
069    2879  1341    4.543    1.219    2.913
070    2976  1349    4.655    1.329    3.071
075    3057  1298    4.914    1.390    2.810
