090    3200  1317      NaN    0.000    0.000
095    3059  1328    4.395    1.880    3.793
098    3032  1356      NaN    0.000    0.000
099    2999  1358      NaN    0.000    0.000
100    3217  1381    5.052    1.553    3.960
101    3107  1356      NaN    0.000    0.000
102    2760  1349      NaN    2.983    4.193
104    3233  1367      NaN    0.000    0.000
105    3237  1373      NaN    0.000    0.000
106    3263  1400      NaN    0.000    0.000
108    3021  1393      NaN    0.000    0.000
112    2983  1404      NaN    0.000    0.000
114    3131  1419      NaN    0.000    0.000
115    3462  1403    4.611    2.113    5.357
116    3021  1407      NaN    0.000    0.000
119    3023  1427      NaN    0.000    0.000
121    3188  1437      NaN    0.000    0.000
127    3132  1460      NaN    0.000    0.000
129    2968  1482      NaN    2.490    4.237
130    3295  1458      NaN    1.607    4.620
131    3074  1497      NaN    0.000    0.000
133    3067  1527      NaN    0.000    0.000
135    3136  1544    4.167    2.897    4.677
136    3216  1505      NaN    0.000    0.000
137    3155  1523    4.931    0.000    0.000
138    3292  1565      NaN    0.000    0.000
140    2998  1568      NaN    2.070    4.973
143    3206  1582      NaN    0.000    0.000
146    3042  1589      NaN    0.000    0.000
152    3285  1618      NaN    0.000    0.000
155    3201  1662      NaN    0.000    0.000
156    3013  1662      NaN    0.000    0.000
159    3253  1669      NaN    0.000    0.000
162    3186  1698      NaN    0.000    0.000
164    2945  1670      NaN    2.553    4.890
165    2956  1702      NaN    0.000    0.000
168    3108  1710      NaN    0.000    0.000
169    2852  1716      NaN    0.000    0.000
170    2992  1749      NaN    2.140    5.057
172    2980  1642    3.975    1.857    4.893
174    3066  1679    4.638    2.813    4.803
175    2949  1740    3.812    3.393    4.800
184    2972  1847      NaN    0.000    0.000
185    2931  1872      NaN    0.000    0.000
187    3012  1862      NaN    1.810    6.007
188    3012  1862      NaN    1.810    6.007
189    2976  1877      NaN    0.000    0.000
192    3141  1663      NaN    0.000    0.000
201    2963  1378    3.512    1.833    4.057
202    3080  1402      NaN    0.000    0.000
203    3079  1427    3.635    2.110    4.033
211    3156  1338      NaN    2.047    3.690
212    3124  1380    4.874    2.067    3.787
214    3273  1416    4.731    2.800    4.143
216    3248  1438    5.537    0.000    0.000
217    3209  1414      NaN    2.657    3.883
221    3159  1439    4.764    2.007    4.023
226    3107  1514    4.455    2.417    4.643
232    3039  1482    4.269    2.070    4.457
235    2975  1532    4.647    2.457    4.600
236    3016  1538    4.140    1.857    4.790
238    3079  1557    4.231    0.000    0.000
243    2993  1599    4.289    2.080    4.890
244    3057  1612    4.664    1.347    4.993
245    3010  1618      NaN    0.000    0.000
247    3062  1636    4.137    2.443    4.677
248    3083  1607    4.172    1.567    4.887
251    2991  1633    4.699    1.910    5.023
252    2967  1649    4.334    1.503    5.063
253    3237  1656      NaN    0.000    0.000
254    3039  1639    3.359    2.033    4.937
255    3212  1656      NaN    0.000    0.000
256    3052  1673      NaN    2.477    4.897
257    3251  1647    4.931    0.000    0.000
258    3049  1708      NaN    2.533    5.030
258    3049  1708      NaN    2.533    5.030
259    2999  1723    4.460    1.900    4.987
260    3016  1716    4.258    0.000    0.000
261    2977  1731    4.326    2.370    4.870
262    3056  1724    2.950    2.753    5.293
263    3169  1645    3.544    2.223    4.730
264    3108  1624    4.878    3.503    5.077
265    3012  1862      NaN    1.810    6.007
266    3102  1687      NaN    0.000    0.000
271    3239  1463    4.598    2.970    4.200
272    3195  1471      NaN    0.000    0.000
273    3154  1499    4.831    0.000    0.000
276    3254  1521    5.353    2.713    4.547
277    3295  1509    5.106    2.053    4.507
278    3214  1529      NaN    0.000    0.000
279    3173  1554      NaN    0.000    0.000
281    3244  1572    4.131    1.873    4.713
283    3272  1589    4.643    1.910    4.837
284    3127  1606    4.924    1.857    4.673
285    3156  1618      NaN    2.090    4.880
288    3220  1626      NaN    0.000    0.000
289    3123  1635    5.596    2.273    4.923
294    3205  1694    5.628    2.143    5.023
295    3129  1702      NaN    2.933    4.950
003    3406   862      NaN    1.823    4.387
005    3171   918    4.763    1.607    3.753
008    3340   921      NaN    0.000    0.000
014    3012   921    4.430    1.347    3.893
016    3156   964      NaN    0.000    0.000
020    2980  1013    4.669    1.480    3.823
022    3154  1030    4.940    1.347    3.717
025    3271  1046      NaN    1.170    4.403
028    2794  1071      NaN    1.827    3.953
031    3053  1080    4.771    1.617    3.413
035    2732  1110      NaN    0.000    0.000
037    2829  1123    4.914    1.613    4.227
039    2941  1102    4.400    1.793    3.933
041    3087  1128    4.098    1.523    4.157
046    3158  1117      NaN    0.000    0.000
050    2874  1164      NaN    1.483    4.320
052    2986  1209    5.600    1.787    3.750
055    3074  1212      NaN    1.300    4.483
058    2889  1229      NaN    0.000    0.000
060    2844  1265      NaN    0.000    0.000
061    3158  1263    4.934    0.000    0.000
065    2887  1287      NaN    0.000    0.000
067    2973  1289    4.181    2.050    3.873
068    2788  1328    4.598    1.303    4.677
069    2879  1341    4.502    1.767    4.293
070    2976  1349    4.330    1.387    4.247
075    3057  1298    4.423    1.597    3.490
