090  3200  1317      NaN    0.000    0.000
095  3059  1328    1.812    0.655    0.790
098  3032  1356      NaN    0.000    0.000
099  2999  1358      NaN    0.000    0.000
100  3217  1381    1.474    0.781    0.994
101  3107  1356      NaN    0.000    0.000
102  2760  1349      NaN    0.710    0.826
104  3233  1367      NaN    0.000    0.000
105  3237  1373      NaN    0.000    0.000
106  3263  1400      NaN    0.000    0.000
108  3021  1393      NaN    0.000    0.000
112  2983  1404      NaN    0.000    0.000
114  3131  1419      NaN    0.000    0.000
115  3462  1403    0.005    0.971    1.332
116  3021  1407      NaN    0.000    0.000
119  3023  1427      NaN    0.000    0.000
121  3188  1437      NaN    0.000    0.000
127  3132  1460      NaN    0.000    0.000
129  2968  1482      NaN    0.719    0.894
130  3295  1458      NaN    0.565    1.119
131  3074  1497      NaN    0.000    0.000
133  3067  1527      NaN    0.000    0.000
135  3136  1544    1.071    0.648    0.932
136  3216  1505      NaN    0.000    0.000
137  3155  1523    2.063    0.000    0.000
138  3292  1565      NaN    0.000    0.000
140  2998  1568      NaN    0.774    1.142
143  3206  1582      NaN    0.000    0.000
146  3042  1589      NaN    0.000    0.000
152  3285  1618      NaN    0.000    0.000
155  3201  1662      NaN    0.000    0.000
156  3013  1662      NaN    0.000    0.000
159  3253  1669      NaN    0.000    0.000
162  3186  1698      NaN    0.000    0.000
164  2945  1670      NaN    0.797    1.200
165  2956  1702      NaN    0.000    0.000
168  3108  1710      NaN    0.000    0.000
169  2852  1716      NaN    0.000    0.000
170  2992  1749      NaN    0.606    1.268
172  2980  1642    1.658    0.745    1.210
174  3066  1679    1.946    0.635    1.206
175  2949  1740    1.632    0.629    1.142
184  2972  1847      NaN    0.000    0.000
185  2931  1872      NaN    0.000    0.000
187  3012  1862      NaN    0.858    1.523
188  3012  1862      NaN    0.858    1.523
189  2976  1877      NaN    0.000    0.000
192  3141  1663      NaN    0.000    0.000
201  2963  1378    0.650    0.671    0.797
202  3080  1402      NaN    0.000    0.000
203  3079  1427    2.003    0.655    0.845
211  3156  1338      NaN    0.635    0.758
212  3124  1380    2.430    0.497    0.745
214  3273  1416    0.538    0.548    0.961
216  3248  1438    2.249    0.000    0.000
217  3209  1414      NaN    0.613    0.874
221  3159  1439    2.162    0.681    0.845
226  3107  1514    2.253    0.668    0.942
232  3039  1482    1.917    0.729    0.955
235  2975  1532    1.851    0.784    1.087
236  3016  1538    1.758    0.774    1.026
238  3079  1557    2.040    0.000    0.000
243  2993  1599    1.716    0.761    1.148
244  3057  1612    2.027    0.816    1.135
245  3010  1618      NaN    0.000    0.000
247  3062  1636    2.301    0.694    1.055
248  3083  1607    1.340    0.823    1.145
251  2991  1633    1.731    0.806    1.294
252  2967  1649    1.854    0.810    1.219
253  3237  1656      NaN    0.000    0.000
254  3039  1639    0.974    0.774    1.123
255  3212  1656      NaN    0.000    0.000
256  3052  1673      NaN    0.735    1.265
257  3251  1647    2.592    0.000    0.000
258  3049  1708      NaN    0.777    1.300
258  3049  1708      NaN    0.777    1.300
259  2999  1723    2.260    0.803    1.490
260  3016  1716    2.213    0.000    0.000
261  2977  1731    2.059    0.800    1.497
262  3056  1724    0.932    0.777    1.274
263  3169  1645    2.253    0.687    1.200
264  3108  1624    2.362    0.726    1.174
265  3012  1862      NaN    0.858    1.523
266  3102  1687      NaN    0.000    0.000
271  3239  1463    1.415    0.361    0.729
272  3195  1471      NaN    0.000    0.000
273  3154  1499    1.288    0.000    0.000
276  3254  1521    2.398    0.545    1.045
277  3295  1509    2.061    0.477    0.997
278  3214  1529      NaN    0.000    0.000
279  3173  1554      NaN    0.000    0.000
281  3244  1572    2.165    0.752    1.226
283  3272  1589    2.405    0.758    1.368
284  3127  1606    2.140    0.629    1.052
285  3156  1618      NaN    0.684    1.177
288  3220  1626      NaN    0.000    0.000
289  3123  1635    2.500    0.755    1.226
294  3205  1694    2.576    0.603    1.265
295  3129  1702      NaN    0.719    1.271
003  3406   862      NaN    0.494    0.590
005  3171   918    1.000    0.313    0.339
008  3340   921      NaN    0.000    0.000
014  3012   921    1.013    0.245    0.258
016  3156   964      NaN    0.000    0.000
020  2980  1013    1.154    0.355    0.390
022  3154  1030    1.152    0.523    0.577
025  3271  1046      NaN    0.784    1.068
028  2794  1071      NaN    0.484    0.568
031  3053  1080    0.443    0.413    0.494
035  2732  1110      NaN    0.000    0.000
037  2829  1123    1.110    0.561    0.668
039  2941  1102    1.430    0.484    0.571
041  3087  1128    1.291    0.590    0.729
046  3158  1117      NaN    0.000    0.000
050  2874  1164      NaN    0.584    0.726
052  2986  1209    1.839    0.500    0.561
055  3074  1212      NaN    0.487    0.739
058  2889  1229      NaN    0.000    0.000
060  2844  1265      NaN    0.000    0.000
061  3158  1263    1.476    0.000    0.000
065  2887  1287      NaN    0.000    0.000
067  2973  1289    1.500    0.539    0.639
068  2788  1328    1.019    0.710    0.784
069  2879  1341    1.506    0.606    0.694
070  2976  1349    1.860    0.648    0.784
075  3057  1298    1.369    0.587    0.655
