090  3200  1317      NaN    0.000    0.000
095  3059  1328    4.339    3.126    4.500
098  3032  1356      NaN    0.000    0.000
099  2999  1358      NaN    0.000    0.000
100  3217  1381    6.740    3.042    4.716
101  3107  1356      NaN    0.000    0.000
102  2760  1349      NaN    3.768    4.845
104  3233  1367      NaN    0.000    0.000
105  3237  1373      NaN    0.000    0.000
106  3263  1400      NaN    0.000    0.000
108  3021  1393      NaN    0.000    0.000
112  2983  1404      NaN    0.000    0.000
114  3131  1419      NaN    0.000    0.000
115  3462  1403    4.330    4.545    6.294
116  3021  1407      NaN    0.000    0.000
119  3023  1427      NaN    0.000    0.000
121  3188  1437      NaN    0.000    0.000
127  3132  1460      NaN    0.000    0.000
129  2968  1482      NaN    3.535    4.971
130  3295  1458      NaN    2.590    5.677
131  3074  1497      NaN    0.000    0.000
133  3067  1527      NaN    0.000    0.000
135  3136  1544    3.102    3.984    5.242
136  3216  1505      NaN    0.000    0.000
137  3155  1523    5.008    0.000    0.000
138  3292  1565      NaN    0.000    0.000
140  2998  1568      NaN    3.239    5.145
143  3206  1582      NaN    0.000    0.000
146  3042  1589      NaN    0.000    0.000
152  3285  1618      NaN    0.000    0.000
155  3201  1662      NaN    0.000    0.000
156  3013  1662      NaN    0.000    0.000
159  3253  1669    5.646    0.000    0.000
162  3186  1698      NaN    0.000    0.000
164  2945  1670    3.488    4.116    5.952
165  2956  1702      NaN    0.000    0.000
168  3108  1710      NaN    0.000    0.000
169  2852  1716      NaN    0.000    0.000
170  2992  1749      NaN    4.142    6.058
172  2980  1642    3.472    3.319    5.139
174  3066  1679    3.695    3.894    5.326
175  2949  1740    2.328    3.942    5.994
184  2972  1847      NaN    0.000    0.000
185  2931  1872      NaN    0.000    0.000
187  3012  1862      NaN    3.523    6.358
188  3012  1862      NaN    3.523    6.358
189  2976  1877      NaN    0.000    0.000
192  3141  1663      NaN    0.000    0.000
201  2963  1378    2.206    3.132    4.774
202  3080  1402      NaN    0.000    0.000
203  3079  1427    3.004    3.345    4.710
211  3156  1338      NaN    3.139    4.535
212  3124  1380    5.541    3.035    4.487
214  3273  1416    3.253    3.690    5.942
216  3248  1438    6.096    0.000    0.000
217  3209  1414      NaN    3.658    4.890
221  3159  1439    4.316    3.123    4.490
226  3107  1514    3.686    3.684    5.048
232  3039  1482    4.063    3.426    4.829
235  2975  1532      NaN    3.232    4.877
236  3016  1538    4.042    3.094    4.848
238  3079  1557    3.968    0.000    0.000
243  2993  1599    3.482    3.403    5.181
244  3057  1612    4.217    3.245    4.526
245  3010  1618      NaN    0.000    0.000
247  3062  1636    3.331    3.932    5.081
248  3083  1607    4.247    3.239    4.590
251  2991  1633    4.758    3.326    5.258
252  2967  1649    4.052    3.219    5.152
253  3237  1656      NaN    0.000    0.000
254  3039  1639    2.927    3.742    5.016
255  3212  1656      NaN    0.000    0.000
256  3052  1673      NaN    3.919    5.303
257  3251  1647    4.872    0.000    0.000
258  3049  1708      NaN    4.300    5.787
258  3049  1708      NaN    4.300    5.787
259  2999  1723    4.591    3.584    5.777
260  3016  1716    4.034    0.000    0.000
261  2977  1731    4.048    3.858    5.839
262  3056  1724      NaN    4.126    6.229
263  3169  1645    4.018    3.690    5.081
264  3108  1624    4.838    4.603    5.790
265  3012  1862      NaN    3.523    6.358
266  3102  1687      NaN    0.000    0.000
271  3239  1463    3.794    4.000    5.229
272  3195  1471      NaN    0.000    0.000
273  3154  1499    2.098    0.000    0.000
276  3254  1521    5.150    3.900    5.539
277  3295  1509    4.970    3.403    5.529
278  3214  1529      NaN    0.000    0.000
279  3173  1554      NaN    0.000    0.000
281  3244  1572    3.715    3.210    5.084
283  3272  1589    4.491    2.861    5.465
284  3127  1606    4.150    3.032    4.510
285  3156  1618      NaN    3.345    4.855
288  3220  1626      NaN    0.000    0.000
289  3123  1635    5.162    3.310    4.781
294  3205  1694    6.031    3.252    5.548
295  3129  1702      NaN    3.468    5.219
003  3406   862      NaN    3.242    5.316
005  3171   918    6.448    2.397    4.390
008  3340   921      NaN    0.000    0.000
014  3012   921    4.933    2.797    4.374
016  3156   964      NaN    0.000    0.000
020  2980  1013    6.022    2.400    4.258
022  3154  1030    6.389    3.103    4.384
025  3271  1046      NaN    2.635    5.181
028  2794  1071      NaN    2.997    4.403
031  3053  1080    6.091    2.474    3.768
035  2732  1110      NaN    0.000    0.000
037  2829  1123    3.857    2.665    4.045
039  2941  1102    4.381    2.755    4.119
041  3087  1128    4.337    2.658    4.390
046  3158  1117    6.013    0.000    0.000
050  2874  1164      NaN    2.942    4.603
052  2986  1209    4.794    2.784    4.100
055  3074  1212      NaN    2.842    4.926
058  2889  1229      NaN    0.000    0.000
060  2844  1265      NaN    0.000    0.000
061  3158  1263    5.872    0.000    0.000
065  2887  1287      NaN    0.000    0.000
067  2973  1289    3.495    3.123    4.490
068  2788  1328    4.418    3.010    4.455
069  2879  1341      NaN    3.129    4.900
070  2976  1349    5.077    2.858    4.655
075  3057  1298    4.338    2.758    4.071
