090  3200  1317      NaN    0.000    0.000
095  3059  1328    5.039    3.339    4.594
098  3032  1356      NaN    0.000    0.000
099  2999  1358      NaN    0.000    0.000
100  3217  1381    5.699    3.129    4.474
101  3107  1356      NaN    0.000    0.000
102  2760  1349      NaN    4.119    5.013
104  3233  1367      NaN    0.000    0.000
105  3237  1373      NaN    0.000    0.000
106  3263  1400      NaN    0.000    0.000
108  3021  1393      NaN    0.000    0.000
112  2983  1404      NaN    0.000    0.000
114  3131  1419      NaN    0.000    0.000
115  3462  1403    5.227    4.839    5.935
116  3021  1407      NaN    0.000    0.000
119  3023  1427      NaN    0.000    0.000
121  3188  1437      NaN    0.000    0.000
127  3132  1460      NaN    0.000    0.000
129  2968  1482      NaN    3.668    5.119
130  3295  1458      NaN    3.029    5.632
131  3074  1497      NaN    0.000    0.000
133  3067  1527      NaN    0.000    0.000
135  3136  1544    3.606    4.090    5.458
136  3216  1505      NaN    0.000    0.000
137  3155  1523    6.103    0.000    0.000
138  3292  1565      NaN    0.000    0.000
140  2998  1568      NaN    3.481    5.419
143  3206  1582      NaN    0.000    0.000
146  3042  1589      NaN    0.000    0.000
152  3285  1618      NaN    0.000    0.000
155  3201  1662      NaN    0.000    0.000
156  3013  1662      NaN    0.000    0.000
159  3253  1669    7.024    0.000    0.000
162  3186  1698      NaN    0.000    0.000
164  2945  1670    4.975    4.013    5.968
165  2956  1702      NaN    0.000    0.000
168  3108  1710      NaN    0.000    0.000
169  2852  1716      NaN    0.000    0.000
170  2992  1749      NaN    3.642    6.219
172  2980  1642    4.530    3.448    5.529
174  3066  1679    4.288    4.303    5.771
175  2949  1740    4.021    3.597    5.929
184  2972  1847      NaN    0.000    0.000
185  2931  1872      NaN    0.000    0.000
187  3012  1862      NaN    4.103    6.552
188  3012  1862      NaN    4.103    6.552
189  2976  1877      NaN    0.000    0.000
192  3141  1663      NaN    0.000    0.000
201  2963  1378    3.528    3.113    4.506
202  3080  1402      NaN    0.000    0.000
203  3079  1427    4.080    3.271    4.655
211  3156  1338      NaN    3.223    4.519
212  3124  1380    6.340    3.035    4.419
214  3273  1416    5.696    3.616    5.913
216  3248  1438    6.208    0.000    0.000
217  3209  1414      NaN    3.152    4.471
221  3159  1439    5.773    3.190    4.465
226  3107  1514    5.317    3.842    5.232
232  3039  1482    5.407    3.461    4.916
235  2975  1532      NaN    3.581    5.171
236  3016  1538    5.166    3.361    5.065
238  3079  1557    4.930    0.000    0.000
243  2993  1599    5.294    3.413    5.432
244  3057  1612    5.096    3.410    4.806
245  3010  1618      NaN    0.000    0.000
247  3062  1636    5.009    3.935    5.265
248  3083  1607    4.413    3.429    4.865
251  2991  1633    5.858    3.503    5.600
252  2967  1649    5.171    3.306    5.455
253  3237  1656      NaN    0.000    0.000
254  3039  1639    2.640    3.894    5.274
255  3212  1656      NaN    0.000    0.000
256  3052  1673      NaN    4.052    5.648
257  3251  1647    6.462    0.000    0.000
258  3049  1708      NaN    4.503    6.106
258  3049  1708      NaN    4.503    6.106
259  2999  1723    6.165    3.719    6.197
260  3016  1716    4.900    0.000    0.000
261  2977  1731    5.140    3.461    6.035
262  3056  1724      NaN    4.329    6.458
263  3169  1645    5.833    3.852    5.532
264  3108  1624    5.756    4.277    5.774
265  3012  1862      NaN    4.103    6.552
266  3102  1687      NaN    0.000    0.000
271  3239  1463    4.777    3.987    5.171
272  3195  1471      NaN    0.000    0.000
273  3154  1499    4.568    0.000    0.000
276  3254  1521    6.780    4.394    5.861
277  3295  1509    7.258    3.203    5.642
278  3214  1529      NaN    0.000    0.000
279  3173  1554      NaN    0.000    0.000
281  3244  1572    5.592    3.181    5.387
283  3272  1589    6.262    2.800    6.029
284  3127  1606    6.113    3.148    4.861
285  3156  1618      NaN    3.410    5.094
288  3220  1626      NaN    0.000    0.000
289  3123  1635    7.149    3.390    5.139
294  3205  1694    6.893    3.487    6.132
295  3129  1702      NaN    4.316    6.129
003  3406   862      NaN    3.177    5.655
005  3171   918    5.896    2.668    5.006
008  3340   921      NaN    0.000    0.000
014  3012   921    5.602    3.197    5.052
016  3156   964      NaN    0.000    0.000
020  2980  1013    5.551    2.906    4.903
022  3154  1030    6.545    3.052    4.668
025  3271  1046      NaN    2.565    5.142
028  2794  1071      NaN    3.184    4.655
031  3053  1080    6.118    2.848    4.200
035  2732  1110      NaN    0.000    0.000
037  2829  1123    4.629    2.977    4.397
039  2941  1102    4.763    2.942    4.426
041  3087  1128    4.882    2.671    4.503
046  3158  1117    5.885    0.000    0.000
050  2874  1164      NaN    3.029    4.913
052  2986  1209    5.954    3.042    4.310
055  3074  1212      NaN    3.045    4.894
058  2889  1229      NaN    0.000    0.000
060  2844  1265      NaN    0.000    0.000
061  3158  1263    6.477    0.000    0.000
065  2887  1287      NaN    0.000    0.000
067  2973  1289    5.009    3.203    4.742
068  2788  1328    5.485    3.423    4.481
069  2879  1341      NaN    3.032    4.613
070  2976  1349    5.819    2.942    4.523
075  3057  1298    5.915    2.829    4.106
