090  3200  1317      NaN    0.000    0.000
095  3059  1328    6.363    1.135    8.632
098  3032  1356      NaN    0.000    0.000
099  2999  1358      NaN    0.000    0.000
100  3217  1381    6.615    1.168    8.197
101  3107  1356      NaN    0.000    0.000
102  2760  1349      NaN    4.632    6.510
104  3233  1367      NaN    0.000    0.000
105  3237  1373      NaN    0.000    0.000
106  3263  1400      NaN    0.000    0.000
108  3021  1393      NaN    0.000    0.000
112  2983  1404      NaN    0.000    0.000
114  3131  1419      NaN    0.000    0.000
115  3462  1403    7.889    2.490    4.797
116  3021  1407      NaN    0.000    0.000
119  3023  1427      NaN    0.000    0.000
121  3188  1437      NaN    0.000    0.000
127  3132  1460      NaN    0.000    0.000
129  2968  1482      NaN    1.016   10.142
130  3295  1458      NaN    1.035    5.219
131  3074  1497      NaN    0.000    0.000
133  3067  1527      NaN    0.000    0.000
135  3136  1544    5.092    2.210    6.619
136  3216  1505      NaN    0.000    0.000
137  3155  1523    6.689    0.000    0.000
138  3292  1565      NaN    0.000    0.000
140  2998  1568      NaN    1.077    9.148
143  3206  1582      NaN    0.000    0.000
146  3042  1589      NaN    0.000    0.000
152  3285  1618      NaN    0.000    0.000
155  3201  1662      NaN    0.000    0.000
156  3013  1662      NaN    0.000    0.000
159  3253  1669      NaN    0.000    0.000
162  3186  1698      NaN    0.000    0.000
164  2945  1670      NaN    2.116    6.874
165  2956  1702      NaN    0.000    0.000
168  3108  1710      NaN    0.000    0.000
169  2852  1716      NaN    0.000    0.000
170  2992  1749      NaN    2.106    5.455
172  2980  1642    5.497    0.781    9.371
174  3066  1679    5.502    2.087    5.100
175  2949  1740    5.791    4.700    6.423
184  2972  1847      NaN    0.000    0.000
185  2931  1872      NaN    0.000    0.000
187  3012  1862      NaN    1.652    5.074
188  3012  1862      NaN    1.652    5.074
189  2976  1877      NaN    0.000    0.000
192  3141  1663      NaN    0.000    0.000
201  2963  1378      NaN    1.035   10.035
202  3080  1402      NaN    0.000    0.000
203  3079  1427    5.389    1.132    9.158
211  3156  1338      NaN    1.945    5.732
212  3124  1380    6.375    1.690    4.584
214  3273  1416    6.717    2.426    5.506
216  3248  1438    7.349    0.000    0.000
217  3209  1414      NaN    2.671    4.723
221  3159  1439    6.754    1.206    8.503
226  3107  1514    6.340    2.284    7.013
232  3039  1482    5.830    1.923    8.032
235  2975  1532      NaN    0.926    9.777
236  3016  1538      NaN    0.845    9.442
238  3079  1557    6.159    0.000    0.000
243  2993  1599    6.093    0.790    9.458
244  3057  1612    6.477    1.158    8.303
245  3010  1618      NaN    0.000    0.000
247  3062  1636    5.866    2.142    6.987
248  3083  1607    5.249    1.155    8.445
251  2991  1633    5.991    0.687    9.210
252  2967  1649    5.749    0.903    9.245
253  3237  1656      NaN    0.000    0.000
254  3039  1639    3.340    1.810    7.697
255  3212  1656      NaN    0.000    0.000
256  3052  1673      NaN    2.113    7.226
257  3251  1647    6.505    0.000    0.000
258  3049  1708      NaN    2.658    6.858
258  3049  1708      NaN    2.658    6.858
259  2999  1723    6.472    1.526    8.616
260  3016  1716    6.522    0.000    0.000
261  2977  1731    6.145    1.003    9.161
262  3056  1724    4.425    3.032    7.003
263  3169  1645    5.481    1.932    7.287
264  3108  1624    6.675    3.874    6.435
265  3012  1862      NaN    1.652    5.074
266  3102  1687      NaN    0.000    0.000
271  3239  1463    4.890    1.939    4.639
272  3195  1471      NaN    0.000    0.000
273  3154  1499    5.414    0.000    0.000
276  3254  1521    6.866    2.768    5.300
277  3295  1509    7.056    1.410    5.116
278  3214  1529      NaN    0.000    0.000
279  3173  1554      NaN    0.000    0.000
281  3244  1572    5.891    1.019    8.613
283  3272  1589    6.456    1.016    8.923
284  3127  1606    6.487    1.568    7.510
285  3156  1618      NaN    2.139    7.177
288  3220  1626      NaN    0.000    0.000
289  3123  1635    6.759    2.377    6.784
294  3205  1694    6.500    2.513    5.519
295  3129  1702      NaN    4.116    6.190
003  3406   862      NaN    1.442    7.203
005  3171   918    4.978    0.916    3.929
008  3340   921      NaN    0.000    0.000
014  3012   921    6.117    1.332    8.471
016  3156   964      NaN    0.000    0.000
020  2980  1013    5.695    0.610    5.055
022  3154  1030    5.921    1.455    7.323
025  3271  1046      NaN    0.858    4.832
028  2794  1071      NaN    0.803    9.516
031  3053  1080    5.907    1.574    6.800
035  2732  1110      NaN    0.000    0.000
037  2829  1123    5.991    1.184    9.723
039  2941  1102    5.862    0.987    8.932
041  3087  1128    5.269    1.139    9.155
046  3158  1117      NaN    0.000    0.000
050  2874  1164      NaN    0.981   10.813
052  2986  1209    6.734    1.200    8.174
055  3074  1212      NaN    0.581    5.613
058  2889  1229      NaN    0.000    0.000
060  2844  1265      NaN    0.000    0.000
061  3158  1263    7.173    0.000    0.000
065  2887  1287      NaN    0.000    0.000
067  2973  1289    5.261    1.058    9.365
068  2788  1328    6.430    1.887    7.661
069  2879  1341    6.168    0.735   10.058
070  2976  1349    6.032    0.939   10.210
075  3057  1298    5.586    1.203    8.758
