090    3200  1317      NaN    0.000    0.000
095    3059  1328    1.836    0.603    0.652
098    3032  1356      NaN    0.000    0.000
099    2999  1358      NaN    0.000    0.000
100    3217  1381    1.923    0.858    0.971
101    3107  1356      NaN    0.000    0.000
102    2760  1349      NaN    0.526    0.758
104    3233  1367      NaN    0.000    0.000
105    3237  1373      NaN    0.000    0.000
106    3263  1400      NaN    0.000    0.000
108    3021  1393      NaN    0.000    0.000
112    2983  1404      NaN    0.000    0.000
114    3131  1419      NaN    0.000    0.000
115    3462  1403    0.005    1.110    1.642
116    3021  1407      NaN    0.000    0.000
119    3023  1427      NaN    0.000    0.000
121    3188  1437      NaN    0.000    0.000
127    3132  1460      NaN    0.000    0.000
129    2968  1482      NaN    0.910    1.181
130    3295  1458      NaN    0.658    1.245
131    3074  1497      NaN    0.000    0.000
133    3067  1527      NaN    0.000    0.000
135    3136  1544    1.573    0.758    0.997
136    3216  1505      NaN    0.000    0.000
137    3155  1523    2.494    0.000    0.000
138    3292  1565      NaN    0.000    0.000
140    2998  1568      NaN    0.974    1.445
143    3206  1582      NaN    0.000    0.000
146    3042  1589      NaN    0.000    0.000
152    3285  1618      NaN    0.000    0.000
155    3201  1662      NaN    0.000    0.000
156    3013  1662      NaN    0.000    0.000
159    3253  1669      NaN    0.000    0.000
162    3186  1698      NaN    0.000    0.000
164    2945  1670      NaN    0.926    1.494
165    2956  1702      NaN    0.000    0.000
168    3108  1710      NaN    0.000    0.000
169    2852  1716      NaN    0.000    0.000
170    2992  1749      NaN    0.658    1.500
172    2980  1642    1.959    0.990    1.545
174    3066  1679    1.915    0.771    1.435
175    2949  1740    1.402    0.761    1.487
184    2972  1847      NaN    0.000    0.000
185    2931  1872      NaN    0.000    0.000
187    3012  1862      NaN    0.903    1.787
188    3012  1862      NaN    0.903    1.787
189    2976  1877      NaN    0.000    0.000
192    3141  1663      NaN    0.000    0.000
201    2963  1378    0.391    0.845    0.997
202    3080  1402      NaN    0.000    0.000
203    3079  1427    2.150    0.823    1.023
211    3156  1338      NaN    0.668    0.739
212    3124  1380    2.765    0.626    0.790
214    3273  1416    0.920    0.626    1.110
216    3248  1438    2.501    0.000    0.000
217    3209  1414      NaN    0.674    0.858
221    3159  1439    2.474    0.716    0.816
226    3107  1514    2.504    0.842    1.032
232    3039  1482    1.953    0.929    1.177
235    2975  1532    2.237    0.903    1.223
236    3016  1538    2.028    0.865    1.174
238    3079  1557    2.501    0.000    0.000
243    2993  1599    1.705    0.871    1.352
244    3057  1612    2.523    0.839    1.132
245    3010  1618      NaN    0.000    0.000
247    3062  1636    2.551    0.842    1.184
248    3083  1607    1.261    0.839    1.129
251    2991  1633    2.597    0.923    1.461
252    2967  1649    2.212    1.032    1.655
253    3237  1656      NaN    0.000    0.000
254    3039  1639    1.111    0.816    1.194
255    3212  1656      NaN    0.000    0.000
256    3052  1673      NaN    0.832    1.455
257    3251  1647    3.052    0.000    0.000
258    3049  1708      NaN    0.819    1.477
258    3049  1708      NaN    0.819    1.477
259    2999  1723    2.804    0.861    1.723
260    3016  1716    2.706    0.000    0.000
261    2977  1731    2.522    0.871    1.729
262    3056  1724    1.276    0.839    1.565
263    3169  1645    2.825    0.816    1.403
264    3108  1624    3.040    0.790    1.290
265    3012  1862      NaN    0.903    1.787
266    3102  1687      NaN    0.000    0.000
271    3239  1463    2.218    0.574    0.855
272    3195  1471      NaN    0.000    0.000
273    3154  1499    1.411    0.000    0.000
276    3254  1521    2.987    0.574    1.171
277    3295  1509    2.784    0.552    1.171
278    3214  1529      NaN    0.000    0.000
279    3173  1554      NaN    0.000    0.000
281    3244  1572    2.657    0.897    1.413
283    3272  1589    2.998    0.842    1.555
284    3127  1606    2.773    0.832    1.229
285    3156  1618      NaN    0.823    1.339
288    3220  1626      NaN    0.000    0.000
289    3123  1635    3.016    0.742    1.287
294    3205  1694    3.058    0.626    1.542
295    3129  1702      NaN    0.745    1.497
003    3406   862      NaN    0.565    0.681
005    3171   918    0.534    0.345    0.368
008    3340   921      NaN    0.000    0.000
014    3012   921    1.074    0.294    0.303
016    3156   964      NaN    0.000    0.000
020    2980  1013    1.111    0.423    0.452
022    3154  1030    1.577    0.426    0.455
025    3271  1046      NaN    0.819    1.094
028    2794  1071      NaN    0.442    0.465
031    3053  1080      NaN    0.384    0.406
035    2732  1110      NaN    0.000    0.000
037    2829  1123    1.373    0.529    0.568
039    2941  1102    1.591    0.555    0.603
041    3087  1128    1.592    0.613    0.713
046    3158  1117      NaN    0.000    0.000
050    2874  1164      NaN    0.658    0.729
052    2986  1209    2.018    0.500    0.532
055    3074  1212      NaN    0.594    0.771
058    2889  1229      NaN    0.000    0.000
060    2844  1265      NaN    0.000    0.000
061    3158  1263    1.964    0.000    0.000
065    2887  1287      NaN    0.000    0.000
067    2973  1289    1.688    0.574    0.616
068    2788  1328    1.689    0.777    0.894
069    2879  1341    1.576    0.810    0.974
070    2976  1349    1.716    0.642    0.735
075    3057  1298    1.124    0.339    0.345
