090  3200  1317      NaN    0.000    0.000
095  3059  1328    4.280    1.357    3.913
098  3032  1356      NaN    0.000    0.000
099  2999  1358      NaN    0.000    0.000
100  3217  1381    5.373    1.537    4.373
101  3107  1356      NaN    0.000    0.000
102  2760  1349      NaN    4.007    5.070
104  3233  1367      NaN    0.000    0.000
105  3237  1373      NaN    0.000    0.000
106  3263  1400      NaN    0.000    0.000
108  3021  1393      NaN    0.000    0.000
112  2983  1404      NaN    0.000    0.000
114  3131  1419      NaN    0.000    0.000
115  3462  1403    5.185    2.057    5.563
116  3021  1407      NaN    0.000    0.000
119  3023  1427      NaN    0.000    0.000
121  3188  1437      NaN    0.000    0.000
127  3132  1460      NaN    0.000    0.000
129  2968  1482      NaN    2.087    4.160
130  3295  1458      NaN    1.283    3.593
131  3074  1497      NaN    0.000    0.000
133  3067  1527      NaN    0.000    0.000
135  3136  1544    4.687    2.997    4.483
136  3216  1505      NaN    0.000    0.000
137  3155  1523    4.955    0.000    0.000
138  3292  1565      NaN    0.000    0.000
140  2998  1568      NaN    2.147    4.550
143  3206  1582      NaN    0.000    0.000
146  3042  1589      NaN    0.000    0.000
152  3285  1618      NaN    0.000    0.000
155  3201  1662      NaN    0.000    0.000
156  3013  1662      NaN    0.000    0.000
159  3253  1669      NaN    0.000    0.000
162  3186  1698      NaN    0.000    0.000
164  2945  1670      NaN    1.930    5.010
165  2956  1702      NaN    0.000    0.000
168  3108  1710      NaN    0.000    0.000
169  2852  1716      NaN    0.000    0.000
170  2992  1749      NaN    1.223    3.823
172  2980  1642    4.205    1.867    4.667
174  3066  1679    5.474    3.730    5.097
175  2949  1740    3.464    3.867    5.360
184  2972  1847      NaN    0.000    0.000
185  2931  1872      NaN    0.000    0.000
187  3012  1862      NaN    1.260    4.017
188  3012  1862      NaN    1.260    4.017
189  2976  1877      NaN    0.000    0.000
192  3141  1663      NaN    0.000    0.000
201  2963  1378    4.176    1.673    4.020
202  3080  1402      NaN    0.000    0.000
203  3079  1427    3.672    1.920    3.880
211  3156  1338      NaN    1.510    3.137
212  3124  1380    4.646    1.017    2.797
214  3273  1416    4.750    3.143    4.783
216  3248  1438    6.659    0.000    0.000
217  3209  1414      NaN    3.110    4.257
221  3159  1439    4.636    1.580    3.903
226  3107  1514    4.673    2.203    4.070
232  3039  1482    4.492    2.047    4.147
235  2975  1532    4.718    2.083    4.147
236  3016  1538    4.055    1.717    4.520
238  3079  1557    4.574    0.000    0.000
243  2993  1599    4.449    1.890    4.670
244  3057  1612    4.848    1.607    4.913
245  3010  1618      NaN    0.000    0.000
247  3062  1636    4.315    2.273    3.830
248  3083  1607    5.076    1.473    4.557
251  2991  1633    5.003    1.833    4.767
252  2967  1649    4.519    1.307    5.317
253  3237  1656      NaN    0.000    0.000
254  3039  1639    3.683    1.843    4.203
255  3212  1656      NaN    0.000    0.000
256  3052  1673      NaN    2.277    4.690
257  3251  1647    4.908    0.000    0.000
258  3049  1708      NaN    2.357    4.853
258  3049  1708      NaN    2.357    4.853
259  2999  1723    4.911    2.070    4.940
260  3016  1716    4.737    0.000    0.000
261  2977  1731    4.038    2.130    4.670
262  3056  1724    3.832    3.087    5.507
263  3169  1645    4.070    2.090    4.750
264  3108  1624    4.950    3.873    5.390
265  3012  1862      NaN    1.260    4.017
266  3102  1687      NaN    0.000    0.000
271  3239  1463    5.478    4.000    4.970
272  3195  1471      NaN    0.000    0.000
273  3154  1499    4.745    0.000    0.000
276  3254  1521    6.325    3.650    4.963
277  3295  1509    5.509    1.533    3.610
278  3214  1529      NaN    0.000    0.000
279  3173  1554      NaN    0.000    0.000
281  3244  1572    4.293    1.823    4.640
283  3272  1589    4.977    2.077    4.740
284  3127  1606    5.078    1.780    4.390
285  3156  1618      NaN    1.887    5.043
288  3220  1626      NaN    0.000    0.000
289  3123  1635    5.068    2.110    4.637
294  3205  1694    5.865    1.307    4.363
295  3129  1702      NaN    3.413    5.203
003  3406   862      NaN    1.810    4.050
005  3171   918    4.568    1.487    2.753
008  3340   921      NaN    0.000    0.000
014  3012   921    4.700    1.233    3.517
016  3156   964      NaN    0.000    0.000
020  2980  1013    4.825    0.767    2.253
022  3154  1030    4.462    1.237    3.220
025  3271  1046      NaN    0.783    3.163
028  2794  1071      NaN    1.743    3.803
031  3053  1080    4.834    1.133    2.783
035  2732  1110      NaN    0.000    0.000
037  2829  1123    4.629    1.437    4.743
039  2941  1102    4.643    1.377    3.487
041  3087  1128    3.976    1.567    4.373
046  3158  1117      NaN    0.000    0.000
050  2874  1164      NaN    1.630    4.497
052  2986  1209    5.356    1.213    3.227
055  3074  1212      NaN    1.053    3.000
058  2889  1229      NaN    0.000    0.000
060  2844  1265      NaN    0.000    0.000
061  3158  1263    5.855    0.000    0.000
065  2887  1287      NaN    0.000    0.000
067  2973  1289    4.310    1.747    3.507
068  2788  1328    4.551    1.377    5.587
069  2879  1341    4.655    1.793    4.273
070  2976  1349    4.442    1.557    4.580
075  3057  1298    4.550    1.273    3.280
