090  3200  1317      NaN    0.000    0.000
095  3059  1328    3.283    0.945    4.400
098  3032  1356      NaN    0.000    0.000
099  2999  1358      NaN    0.000    0.000
100  3217  1381    3.639    0.871    4.190
101  3107  1356      NaN    0.000    0.000
102  2760  1349      NaN    2.332    3.310
104  3233  1367      NaN    0.000    0.000
105  3237  1373      NaN    0.000    0.000
106  3263  1400      NaN    0.000    0.000
108  3021  1393      NaN    0.000    0.000
112  2983  1404      NaN    0.000    0.000
114  3131  1419      NaN    0.000    0.000
115  3462  1403    3.225    0.903    5.474
116  3021  1407      NaN    0.000    0.000
119  3023  1427      NaN    0.000    0.000
121  3188  1437      NaN    0.000    0.000
127  3132  1460      NaN    0.000    0.000
129  2968  1482      NaN    1.181    3.923
130  3295  1458      NaN    0.703    2.813
131  3074  1497      NaN    0.000    0.000
133  3067  1527      NaN    0.000    0.000
135  3136  1544    3.599    1.365    3.577
136  3216  1505      NaN    0.000    0.000
137  3155  1523    3.788    0.000    0.000
138  3292  1565      NaN    0.000    0.000
140  2998  1568      NaN    1.274    4.516
143  3206  1582      NaN    0.000    0.000
146  3042  1589      NaN    0.000    0.000
152  3285  1618      NaN    0.000    0.000
155  3201  1662      NaN    0.000    0.000
156  3013  1662      NaN    0.000    0.000
159  3253  1669      NaN    0.000    0.000
162  3186  1698      NaN    0.000    0.000
164  2945  1670      NaN    1.361    4.616
165  2956  1702      NaN    0.000    0.000
168  3108  1710      NaN    0.000    0.000
169  2852  1716      NaN    0.000    0.000
170  2992  1749      NaN    0.665    3.232
172  2980  1642    3.237    0.771    5.190
174  3066  1679    4.257    0.868    2.871
175  2949  1740    3.157    2.329    3.829
184  2972  1847      NaN    0.000    0.000
185  2931  1872      NaN    0.000    0.000
187  3012  1862      NaN    0.539    3.906
188  3012  1862      NaN    0.539    3.906
189  2976  1877      NaN    0.000    0.000
192  3141  1663      NaN    0.000    0.000
201  2963  1378    2.088    1.097    4.039
202  3080  1402      NaN    0.000    0.000
203  3079  1427    2.993    1.126    4.155
211  3156  1338      NaN    1.045    3.310
212  3124  1380    3.775    0.735    2.303
214  3273  1416    3.490    1.045    2.906
216  3248  1438    3.866    0.000    0.000
217  3209  1414      NaN    0.823    2.413
221  3159  1439    4.065    0.906    4.181
226  3107  1514    3.700    1.242    3.948
232  3039  1482    3.402    1.048    4.274
235  2975  1532    3.787    1.248    4.003
236  3016  1538    3.167    0.955    4.645
238  3079  1557    3.728    0.000    0.000
243  2993  1599    3.310    0.832    5.029
244  3057  1612    3.895    0.823    5.355
245  3010  1618      NaN    0.000    0.000
247  3062  1636    3.701    1.223    4.326
248  3083  1607    3.219    0.758    5.219
251  2991  1633    3.674    0.652    5.306
252  2967  1649    3.339    0.652    5.474
253  3237  1656      NaN    0.000    0.000
254  3039  1639    2.777    0.861    5.058
255  3212  1656      NaN    0.000    0.000
256  3052  1673      NaN    1.126    5.145
257  3251  1647    4.213    0.000    0.000
258  3049  1708      NaN    0.987    6.142
258  3049  1708      NaN    0.987    6.142
259  2999  1723    3.893    0.826    5.935
260  3016  1716    3.664    0.000    0.000
261  2977  1731    3.848    0.787    5.713
262  3056  1724    2.753    1.761    5.081
263  3169  1645    3.542    0.758    5.655
264  3108  1624    4.443    1.794    4.026
265  3012  1862      NaN    0.539    3.906
266  3102  1687      NaN    0.000    0.000
271  3239  1463    3.485    1.403    2.639
272  3195  1471      NaN    0.000    0.000
273  3154  1499    3.405    0.000    0.000
276  3254  1521    3.971    1.194    2.777
277  3295  1509    4.335    1.055    2.790
278  3214  1529      NaN    0.000    0.000
279  3173  1554      NaN    0.000    0.000
281  3244  1572    3.746    0.916    4.826
283  3272  1589    4.034    1.023    5.548
284  3127  1606    4.166    0.758    4.826
285  3156  1618      NaN    0.865    5.329
288  3220  1626      NaN    0.000    0.000
289  3123  1635    4.904    1.210    4.635
294  3205  1694    4.624    1.823    3.713
295  3129  1702      NaN    1.145    3.361
003  3406   862      NaN    0.835    3.694
005  3171   918    2.553    0.381    1.771
008  3340   921      NaN    0.000    0.000
014  3012   921    3.430    0.774    3.174
016  3156   964      NaN    0.000    0.000
020  2980  1013    3.258    0.442    2.042
022  3154  1030    3.644    0.797    3.016
025  3271  1046      NaN    0.381    2.848
028  2794  1071      NaN    0.913    3.748
031  3053  1080    3.372    0.877    2.655
035  2732  1110      NaN    0.000    0.000
037  2829  1123    3.521    0.945    3.913
039  2941  1102    3.387    0.810    3.352
041  3087  1128    2.950    1.087    3.548
046  3158  1117      NaN    0.000    0.000
050  2874  1164      NaN    0.984    4.155
052  2986  1209    3.641    0.939    3.729
055  3074  1212      NaN    0.519    2.926
058  2889  1229      NaN    0.000    0.000
060  2844  1265      NaN    0.000    0.000
061  3158  1263    4.155    0.000    0.000
065  2887  1287      NaN    0.000    0.000
067  2973  1289    3.132    0.974    3.723
068  2788  1328    3.416    0.823    4.732
069  2879  1341    3.457    1.071    4.229
070  2976  1349    3.378    1.094    4.484
075  3057  1298    3.286    0.816    4.094
