090  3200  1317      NaN    0.000    0.000
095  3059  1328    1.939    0.797    1.100
098  3032  1356      NaN    0.000    0.000
099  2999  1358      NaN    0.000    0.000
100  3217  1381    1.317    0.829    1.148
101  3107  1356      NaN    0.000    0.000
102  2760  1349      NaN    0.581    0.945
104  3233  1367      NaN    0.000    0.000
105  3237  1373      NaN    0.000    0.000
106  3263  1400      NaN    0.000    0.000
108  3021  1393      NaN    0.000    0.000
112  2983  1404      NaN    0.000    0.000
114  3131  1419      NaN    0.000    0.000
115  3462  1403    0.005    0.935    1.390
116  3021  1407      NaN    0.000    0.000
119  3023  1427      NaN    0.000    0.000
121  3188  1437      NaN    0.000    0.000
127  3132  1460      NaN    0.000    0.000
129  2968  1482      NaN    0.903    1.539
130  3295  1458      NaN    0.635    1.232
131  3074  1497      NaN    0.000    0.000
133  3067  1527      NaN    0.000    0.000
135  3136  1544    1.145    0.713    1.197
136  3216  1505      NaN    0.000    0.000
137  3155  1523    2.272    0.000    0.000
138  3292  1565      NaN    0.000    0.000
140  2998  1568      NaN    0.848    1.532
143  3206  1582      NaN    0.000    0.000
146  3042  1589      NaN    0.000    0.000
152  3285  1618      NaN    0.000    0.000
155  3201  1662      NaN    0.000    0.000
156  3013  1662      NaN    0.000    0.000
159  3253  1669    2.599    0.000    0.000
162  3186  1698      NaN    0.000    0.000
164  2945  1670    2.180    0.848    1.423
165  2956  1702      NaN    0.000    0.000
168  3108  1710      NaN    0.000    0.000
169  2852  1716      NaN    0.000    0.000
170  2992  1749      NaN    0.587    1.300
172  2980  1642    2.102    0.858    1.606
174  3066  1679    2.342    0.645    1.400
175  2949  1740    1.952    0.668    1.332
184  2972  1847      NaN    0.000    0.000
185  2931  1872      NaN    0.000    0.000
187  3012  1862      NaN    0.842    1.548
188  3012  1862      NaN    0.842    1.548
189  2976  1877      NaN    0.000    0.000
192  3141  1663      NaN    0.000    0.000
201  2963  1378    0.248    0.897    1.416
202  3080  1402      NaN    0.000    0.000
203  3079  1427    1.989    0.832    1.374
211  3156  1338      NaN    0.742    1.003
212  3124  1380    2.464    0.548    0.971
214  3273  1416    0.982    0.619    1.048
216  3248  1438    2.276    0.000    0.000
217  3209  1414      NaN    0.668    1.016
221  3159  1439    2.431    0.803    1.255
226  3107  1514    2.376    0.784    1.306
232  3039  1482    1.879    0.835    1.439
235  2975  1532      NaN    0.806    1.445
236  3016  1538    1.945    0.877    1.506
238  3079  1557    2.486    0.000    0.000
243  2993  1599    2.027    0.835    1.561
244  3057  1612    2.359    0.906    1.410
245  3010  1618      NaN    0.000    0.000
247  3062  1636    2.681    0.729    1.268
248  3083  1607    1.624    0.732    1.271
251  2991  1633    2.356    0.784    1.529
252  2967  1649    2.493    0.894    1.648
253  3237  1656      NaN    0.000    0.000
254  3039  1639    1.303    0.755    1.313
255  3212  1656      NaN    0.000    0.000
256  3052  1673      NaN    0.726    1.445
257  3251  1647    3.138    0.000    0.000
258  3049  1708      NaN    0.761    1.429
258  3049  1708      NaN    0.761    1.429
259  2999  1723    2.783    0.739    1.545
260  3016  1716    2.621    0.000    0.000
261  2977  1731    2.697    0.781    1.632
262  3056  1724      NaN    0.800    1.474
263  3169  1645    2.906    0.706    1.429
264  3108  1624    2.911    0.794    1.426
265  3012  1862      NaN    0.842    1.548
266  3102  1687      NaN    0.000    0.000
271  3239  1463    2.209    0.368    0.819
272  3195  1471      NaN    0.000    0.000
273  3154  1499    1.047    0.000    0.000
276  3254  1521    2.954    0.565    1.245
277  3295  1509    3.005    0.516    1.139
278  3214  1529      NaN    0.000    0.000
279  3173  1554      NaN    0.000    0.000
281  3244  1572    2.649    0.719    1.442
283  3272  1589    2.905    0.771    1.555
284  3127  1606    2.744    0.684    1.300
285  3156  1618      NaN    0.784    1.471
288  3220  1626      NaN    0.000    0.000
289  3123  1635    2.955    0.726    1.406
294  3205  1694    3.453    0.642    1.490
295  3129  1702      NaN    0.732    1.474
003  3406   862      NaN    0.652    0.903
005  3171   918    0.980    0.394    0.442
008  3340   921      NaN    0.000    0.000
014  3012   921    0.760    0.358    0.377
016  3156   964      NaN    0.000    0.000
020  2980  1013    0.986    0.584    0.723
022  3154  1030    1.455    0.552    0.735
025  3271  1046      NaN    0.774    1.342
028  2794  1071      NaN    0.745    1.077
031  3053  1080    0.944    0.558    0.658
035  2732  1110      NaN    0.000    0.000
037  2829  1123    1.663    0.816    1.190
039  2941  1102    1.680    0.742    1.019
041  3087  1128    1.616    0.790    1.087
046  3158  1117    1.885    0.000    0.000
050  2874  1164      NaN    0.865    1.316
052  2986  1209    1.548    0.732    0.958
055  3074  1212      NaN    0.568    0.910
058  2889  1229      NaN    0.000    0.000
060  2844  1265      NaN    0.000    0.000
061  3158  1263    2.048    0.000    0.000
065  2887  1287      NaN    0.000    0.000
067  2973  1289    1.705    0.829    1.168
068  2788  1328    1.778    1.000    1.477
069  2879  1341      NaN    0.784    1.242
070  2976  1349    1.994    0.745    1.235
075  3057  1298    1.617    0.726    0.887
