090  3200  1317      NaN    0.000    0.000
095  3059  1328    2.051    0.927    1.620
098  3032  1356      NaN    0.000    0.000
099  2999  1358      NaN    0.000    0.000
100  3217  1381    2.654    0.913    1.680
101  3107  1356      NaN    0.000    0.000
102  2760  1349      NaN    0.850    1.390
104  3233  1367      NaN    0.000    0.000
105  3237  1373      NaN    0.000    0.000
106  3263  1400      NaN    0.000    0.000
108  3021  1393      NaN    0.000    0.000
112  2983  1404      NaN    0.000    0.000
114  3131  1419      NaN    0.000    0.000
115  3462  1403    0.683    1.080    2.280
116  3021  1407      NaN    0.000    0.000
119  3023  1427      NaN    0.000    0.000
121  3188  1437      NaN    0.000    0.000
127  3132  1460      NaN    0.000    0.000
129  2968  1482      NaN    0.963    2.163
130  3295  1458      NaN    0.787    1.883
131  3074  1497      NaN    0.000    0.000
133  3067  1527      NaN    0.000    0.000
135  3136  1544    0.746    1.040    1.863
136  3216  1505      NaN    0.000    0.000
137  3155  1523    2.267    0.000    0.000
138  3292  1565      NaN    0.000    0.000
140  2998  1568      NaN    0.947    2.297
143  3206  1582      NaN    0.000    0.000
146  3042  1589      NaN    0.000    0.000
152  3285  1618      NaN    0.000    0.000
155  3201  1662      NaN    0.000    0.000
156  3013  1662      NaN    0.000    0.000
159  3253  1669    2.718    0.000    0.000
162  3186  1698      NaN    0.000    0.000
164  2945  1670    1.935    1.170    2.160
165  2956  1702      NaN    0.000    0.000
168  3108  1710      NaN    0.000    0.000
169  2852  1716      NaN    0.000    0.000
170  2992  1749      NaN    1.013    2.103
172  2980  1642    2.010    0.933    2.250
174  3066  1679    1.963    0.947    2.137
175  2949  1740    1.161    1.030    2.033
184  2972  1847      NaN    0.000    0.000
185  2931  1872      NaN    0.000    0.000
187  3012  1862      NaN    1.230    2.453
188  3012  1862      NaN    1.230    2.453
189  2976  1877      NaN    0.000    0.000
192  3141  1663      NaN    0.000    0.000
201  2963  1378    0.065    0.943    1.930
202  3080  1402      NaN    0.000    0.000
203  3079  1427    1.973    1.030    1.997
211  3156  1338      NaN    0.900    1.557
212  3124  1380    2.523    0.773    1.483
214  3273  1416    1.416    0.777    1.840
216  3248  1438    2.967    0.000    0.000
217  3209  1414      NaN    0.873    1.577
221  3159  1439    2.521    1.043    1.850
226  3107  1514    2.297    1.010    1.980
232  3039  1482    2.338    0.960    2.083
235  2975  1532      NaN    0.917    2.217
236  3016  1538    2.096    0.940    2.220
238  3079  1557    2.500    0.000    0.000
243  2993  1599    2.196    0.953    2.300
244  3057  1612    2.523    1.170    2.050
245  3010  1618      NaN    0.000    0.000
247  3062  1636    2.557    1.040    1.920
248  3083  1607    1.217    1.030    1.943
251  2991  1633    2.547    0.953    2.317
252  2967  1649    2.350    0.983    2.283
253  3237  1656      NaN    0.000    0.000
254  3039  1639    0.986    1.073    2.007
255  3212  1656      NaN    0.000    0.000
256  3052  1673      NaN    1.020    2.227
257  3251  1647    3.001    0.000    0.000
258  3049  1708      NaN    1.077    2.343
258  3049  1708      NaN    1.077    2.343
259  2999  1723    2.869    1.020    2.373
260  3016  1716    2.670    0.000    0.000
261  2977  1731    2.563    1.000    2.387
262  3056  1724      NaN    1.210    2.347
263  3169  1645    3.004    0.990    2.107
264  3108  1624    2.904    1.067    2.027
265  3012  1862      NaN    1.230    2.453
266  3102  1687      NaN    0.000    0.000
271  3239  1463    2.219    0.767    1.397
272  3195  1471      NaN    0.000    0.000
273  3154  1499    1.022    0.000    0.000
276  3254  1521    3.061    0.863    1.883
277  3295  1509    3.085    0.763    1.710
278  3214  1529      NaN    0.000    0.000
279  3173  1554      NaN    0.000    0.000
281  3244  1572    2.578    0.893    2.027
283  3272  1589    2.747    0.963    2.297
284  3127  1606    2.978    0.957    1.890
285  3156  1618      NaN    0.993    2.003
288  3220  1626      NaN    0.000    0.000
289  3123  1635    3.279    1.010    2.027
294  3205  1694    3.734    0.870    2.163
295  3129  1702      NaN    0.947    2.277
003  3406   862      NaN    0.700    1.597
005  3171   918    1.646    0.490    0.937
008  3340   921      NaN    0.000    0.000
014  3012   921    1.608    0.677    1.113
016  3156   964      NaN    0.000    0.000
020  2980  1013    1.814    0.743    1.200
022  3154  1030    2.011    0.703    1.247
025  3271  1046      NaN    0.833    1.853
028  2794  1071      NaN    0.887    1.507
031  3053  1080    1.824    0.760    1.107
035  2732  1110      NaN    0.000    0.000
037  2829  1123    2.208    1.007    1.703
039  2941  1102    1.861    0.933    1.430
041  3087  1128    1.752    0.917    1.547
046  3158  1117    1.912    0.000    0.000
050  2874  1164      NaN    0.937    1.743
052  2986  1209    2.178    0.827    1.287
055  3074  1212      NaN    0.833    1.507
058  2889  1229      NaN    0.000    0.000
060  2844  1265      NaN    0.000    0.000
061  3158  1263    2.561    0.000    0.000
065  2887  1287      NaN    0.000    0.000
067  2973  1289    1.916    0.887    1.533
068  2788  1328    2.104    1.110    1.937
069  2879  1341      NaN    0.853    1.733
070  2976  1349    2.233    0.923    1.897
075  3057  1298    2.038    0.747    1.343
