30949  1341    50    3.292    0.870    5.993
30967  1765    12    2.479    0.523    7.600
30978  2060    20    2.573    0.437    7.157
31583  3352    25    3.371    1.083    2.230
31587  3210    44    4.033    1.360    4.140
31594  3370    66    3.039    1.110    3.097
31618  3637   111    3.600    1.357    2.107
31624  3723    68    3.654    1.613    2.413
31632  3880     8    3.655    0.887    2.173
31636  3891    51    4.044    2.300    2.867
31655  4096    63      NaN    1.210    2.967
31702  3482   113    4.080    1.260    2.297
31703  3555   113    3.667    0.983    2.563
31707  3469   255    3.963    1.290    3.727
31710  3654   231    2.570    1.237    3.667
31713  3691   143    2.710    1.133    2.673
31725  3790   156    4.317    1.190    3.683
31733  4020   134      NaN    3.070    3.600
31735  3940   167    4.279    1.400    2.803
31754  4151   158    3.712    0.760    1.967
31770  4515   113      NaN    1.010    2.573
31786  3900   275    4.137    1.573    2.953
31788  3846   320    3.048    1.123    3.363
31792  3992   251    1.906    1.157    3.567
31801  4054   262    3.630    1.463    2.520
31823  4429   229      NaN    0.000    0.000
31825  4302   270    4.108    1.830    2.510
31829  4367   302      NaN    0.000    0.000
31832  3839   359    3.700    1.383    3.453
31845  3956   389    4.324    2.773    3.397
31866  4294   389      NaN    2.903    3.513
31873  3779   464    3.692    1.317    4.043
31878  3757   552    3.515    1.153    5.277
31884  3839   514    4.751    1.353    3.810
31909  4100   561      NaN    2.263    2.603
31913  3583   537      NaN    0.000    0.000
31915  3516   628    4.275    1.213    3.763
31917  3508   669    4.188    1.517    3.770
31921  3592   593      NaN    1.617    4.050
31924  3592   624    3.954    1.557    3.703
31931  3706   583    2.621    1.550    4.427
31935  3751   626    4.464    2.150    3.197
31939  3794   656    3.836    1.183    3.993
31958  3971   645    4.936    2.153    2.797
31959  4016   632      NaN    0.000    0.000
31960  3578   772      NaN    0.000    0.000
31961  3581   686    3.573    1.550    3.847
31969  3451   824      NaN    0.000    0.000
31977  3591   755      NaN    3.157    3.953
31981  3704   677    4.701    0.800    5.077
31987  3699   768    5.366    2.853    3.997
31989  3798   796      NaN    0.000    0.000
31994  3828   720    4.549    2.157    3.117
32088  4709   106      NaN    0.000    0.000
32098  4828    89      NaN    0.000    0.000
32099  5011   152      NaN    0.000    0.000
32121  4727   227      NaN    0.000    0.000
32128  4711   331      NaN    0.000    0.000
32133  4795   300    3.588    2.253    3.043
32150  4785   343    3.973    0.000    0.000
44230   225    50    2.878    0.470    7.583
44231    20    42    2.606    0.530    7.573
44232   303    70    3.423    0.407    7.267
44237   156   165    3.096    0.513    6.790
44239   399   135    2.890    0.997    5.810
44241   680   122    2.887    1.010    6.177
44256  1614    51    2.184    0.457    7.333
44259  1631   216    2.276    0.473    8.150
44282   165   287    3.836    0.323    7.413
44284    16   371    3.119    0.413    6.920
44285   311   348    2.905    0.357    7.040
44287    78   434    3.251    0.313    8.100
44288   313   419    3.020    0.347    8.247
44292   770   234      NaN    0.000    0.000
44294   839   303    2.937    0.400    7.230
44298   921   399    2.581    0.387    8.250
44302  1358   249    3.004    0.520    6.967
44304  1192   302    3.141    0.423    7.387
44305  1489   372    2.764    0.473    8.063
44313  2086   268    3.215    0.480    7.100
44314  1752   318    2.501    0.457    7.787
44317  1722   460    3.046    0.400    7.413
44336   438   511      NaN    0.377    9.100
44341   705   475    2.624    0.420    9.057
44347   596   626      NaN    0.440   10.033
44352  1386   479    2.475    0.453    8.327
44354  1134   572    2.407    0.513    9.040
44358  1334   703    2.033    0.423    8.507
44373   496   720      NaN    0.000    0.000
45004  1588  3102      NaN    0.000    0.000
45005  1588  3103      NaN    0.000    0.000
45007  1560  3102      NaN    0.000    0.000
45011  1520  3118      NaN    0.000    0.000
45013  1520  3118      NaN    0.000    0.000
45018  1520  3122      NaN    0.000    0.000
45020  1517  3116      NaN    0.000    0.000
45031  1618  3075      NaN    1.680    4.600
45032  1586  3077    0.382    2.143    5.313
45033  1603  3077      NaN    3.427    7.763
45034  1595  3083    2.773    4.040    4.917
45035  1567  3085      NaN    0.000    0.000
45036  1608  3085      NaN    0.000    0.000
45037  1590  3087      NaN    0.000    0.000
45038  1565  3092      NaN    0.000    0.000
45039  1591  3092      NaN    0.000    0.000
45040  1599  3094      NaN    0.000    0.000
45041  1597  3102      NaN    0.000    0.000
45042  1558  3103      NaN    0.000    0.000
45043  1588  3109      NaN    0.000    0.000
45044  1571  3115      NaN    0.000    0.000
45045  1603  3116      NaN    0.000    0.000
47003  3406   862      NaN    1.810    4.050
47005  3171   918    4.568    1.487    2.753
47008  3340   921      NaN    0.000    0.000
47014  3012   921    4.700    1.233    3.517
47016  3156   964      NaN    0.000    0.000
47020  2980  1013    4.825    0.767    2.253
47022  3154  1030    4.462    1.237    3.220
47025  3271  1046      NaN    0.783    3.163
47028  2794  1071      NaN    1.743    3.803
47031  3053  1080    4.834    1.133    2.783
47035  2732  1110      NaN    0.000    0.000
47037  2829  1123    4.629    1.437    4.743
47039  2941  1102    4.643    1.377    3.487
47041  3087  1128    3.976    1.567    4.373
47046  3158  1117      NaN    0.000    0.000
47050  2874  1164      NaN    1.630    4.497
47052  2986  1209    5.356    1.213    3.227
47055  3074  1212      NaN    1.053    3.000
47058  2889  1229      NaN    0.000    0.000
47060  2844  1265      NaN    0.000    0.000
47061  3158  1263    5.855    0.000    0.000
47065  2887  1287      NaN    0.000    0.000
47067  2973  1289    4.310    1.747    3.507
47068  2788  1328    4.551    1.377    5.587
47069  2879  1341    4.655    1.793    4.273
47070  2976  1349    4.442    1.557    4.580
47075  3057  1298    4.550    1.273    3.280
47090  3200  1317      NaN    0.000    0.000
47092  3212  1338    5.134    2.080    4.643
47095  3059  1328    4.280    1.357    3.913
47097  3079  1427    3.672    1.920    3.880
47098  3032  1356      NaN    0.000    0.000
47099  2997  1358      NaN    0.000    0.000
47100  3217  1380    4.465    1.453    4.577
47101  3107  1356      NaN    0.000    0.000
47102  2760  1349      NaN    4.007    5.070
47104  3232  1367    4.683    1.127    3.307
47105  3236  1373      NaN    0.000    0.000
47106  3262  1401      NaN    0.000    0.000
47108  3019  1394      NaN    0.000    0.000
47110  3001  1394      NaN    0.000    0.000
47112  2982  1403      NaN    0.000    0.000
47113  2962  1405      NaN    2.147    5.513
47114  3131  1420    4.347    0.000    0.000
47115  3464  1401      NaN    2.350    5.410
47119  3023  1427      NaN    0.000    0.000
47121  3187  1436    4.054    1.363    4.250
47127  3131  1461      NaN    0.000    0.000
47129  2969  1481    4.751    1.417    5.140
47130  3296  1459      NaN    0.000    0.000
47131  3074  1498      NaN    0.000    0.000
47133  3066  1528      NaN    0.000    0.000
47135  3135  1545    4.767    2.047    3.593
47136  3215  1506    4.687    2.247    4.057
47137  3154  1524    4.813    1.913    3.663
47138  3292  1565      NaN    0.000    0.000
47140  2997  1569      NaN    0.000    0.000
47143  3206  1582      NaN    0.000    0.000
47145  3038  1483    4.309    1.873    4.050
47146  3042  1590      NaN    0.000    0.000
47150  2975  1532    4.718    2.083    4.147
47151  3288  1614      NaN    0.000    0.000
47152  3284  1619      NaN    0.000    0.000
47154  3172  1556      NaN    0.000    0.000
47155  3200  1662      NaN    0.000    0.000
47156  3012  1662      NaN    0.000    0.000
47157  3126  1606    5.016    1.983    4.340
47159  3253  1670      NaN    0.000    0.000
47162  3186  1698      NaN    0.000    0.000
47163  2954  1683      NaN    0.000    0.000
47165  2956  1702      NaN    0.000    0.000
47167  3094  1700      NaN    0.000    0.000
47168  3107  1711      NaN    0.000    0.000
47169  2851  1716      NaN    2.377    4.457
47170  2991  1750      NaN    5.030    6.170
47171  3010  1619      NaN    0.000    0.000
47172  2991  1632      NaN    2.013    4.617
47173  3062  1636    4.315    2.273    3.830
47174  3051  1674      NaN    2.863    4.647
47175  2948  1741    3.611    3.910    5.430
47182  2969  1847      NaN    0.000    0.000
47184  2971  1849      NaN    0.000    0.000
47185  2930  1873      NaN    0.000    0.000
47188  3010  1862      NaN    0.990    3.770
47189  2975  1879      NaN    0.000    0.000
47192  3150  1659      NaN    0.000    0.000
47401  4670   514      NaN    0.000    0.000
47402  4770   568    5.853    1.417    3.330
47404  4671   632      NaN    0.000    0.000
47405  4813   608    5.814    1.353    5.067
47406  4664   679      NaN    0.000    0.000
47407  4746   701      NaN    0.000    0.000
47409  4961   671      NaN    1.737    6.410
47411  4595   764      NaN    0.000    0.000
47412  4630   778      NaN    0.000    0.000
47413  4681   761      NaN    1.687    3.530
47417  4841   794      NaN    0.000    0.000
47418  4972   787      NaN    0.000    0.000
47421  4505   807      NaN    4.850    5.607
47423  4591   862      NaN    0.000    0.000
47424  4655   828      NaN    0.000    0.000
47426  4793   878    4.502    0.000    0.000
47428  4494   912      NaN    0.000    0.000
47430  4565   918      NaN    0.000    0.000
47433  4565   796      NaN    0.000    0.000
47435  4856   634      NaN    0.000    0.000
47440  4852   863      NaN    0.000    0.000
47512  4673  1226    5.495    2.217    3.463
47520  4516  1261    3.841    1.967    4.193
47570  4472  1403      NaN    0.000    0.000
47574  4474  1048      NaN    3.027    5.073
47575  4567  1030      NaN    0.000    0.000
47576  4617   977    4.359    0.760    3.513
47581  4651  1061      NaN    0.000    0.000
47582  4492  1153      NaN    0.000    0.000
47584  4612  1155      NaN    0.000    0.000
47585  4701  1160    4.303    1.157    3.640
47587  4464  1242      NaN    0.000    0.000
47588  4520  1317      NaN    0.000    0.000
47590  4582  1315      NaN    0.000    0.000
47592  4627  1296      NaN    0.000    0.000
47595  4533  1371      NaN    0.000    0.000
47597  4505  1442      NaN    0.000    0.000
47598  4582  1463      NaN    0.000    0.000
47600  4134  1412      NaN    0.000    0.000
47602  4283  1341      NaN    0.000    0.000
47604  4375  1354      NaN    0.000    0.000
47605  4104  1504      NaN    0.000    0.000
47606  4151  1479      NaN    0.000    0.000
47607  4167  1489      NaN    0.000    0.000
47610  4279  1494      NaN    0.000    0.000
47612  4285  1446    3.679    1.747    4.617
47615  4466  1507      NaN    0.000    0.000
47616  4057  1563      NaN    0.000    0.000
47617  4173  1552      NaN    0.000    0.000
47618  4253  1541      NaN    0.000    0.000
47620  4270  1563      NaN    0.000    0.000
47622  4319  1530      NaN    0.000    0.000
47624  4376  1524      NaN    0.000    0.000
47626  4412  1552      NaN    0.000    0.000
47629  4533  1526      NaN    0.000    0.000
47631  4040  1608      NaN    0.000    0.000
47632  4119  1636      NaN    0.000    0.000
47636  4141  1662      NaN    0.000    0.000
47637  4236  1623      NaN    0.000    0.000
47638  4319  1606      NaN    0.000    0.000
47639  4339  1640    4.007    0.000    0.000
47640  4343  1625      NaN    0.000    0.000
47641  4376  1571      NaN    0.000    0.000
47648  4576  1599      NaN    0.000    0.000
47649  4050  1707      NaN    0.000    0.000
47651  4091  1711      NaN    0.000    0.000
47653  4156  1722      NaN    0.000    0.000
47654  4225  1713      NaN    0.000    0.000
47655  4281  1726      NaN    0.000    0.000
47656  4302  1683      NaN    0.000    0.000
47657  4362  1668      NaN    0.000    0.000
47662  4455  1604      NaN    0.000    0.000
47663  4055  1786      NaN    1.850    3.667
47666  4352  1726      NaN    0.000    0.000
47668  4380  1675      NaN    2.887    5.010
47670  4442  1632      NaN    0.000    0.000
47672  4466  1683      NaN    0.000    0.000
47674  4516  1664      NaN    1.667    3.907
47675  4410  1709    2.942    0.000    0.000
47677  4427  1780      NaN    3.293    4.923
47678  4457  1892    3.051    1.860    4.127
47682  4492  1614      NaN    0.000    0.000
47684  4098  1688      NaN    0.000    0.000
47690  4425  1487      NaN    3.263    4.373
47740  3734  1547      NaN    3.030    5.130
47741  3704  1631      NaN    0.000    0.000
47742  3723  1619      NaN    0.000    0.000
47744  3734  1632      NaN    0.000    0.000
47746  3835  1627      NaN    0.000    0.000
47747  3900  1621    4.364    1.833    4.170
47750  3956  1631      NaN    1.343    3.380
47754  3518  1746      NaN    0.000    0.000
47755  3592  1692      NaN    0.000    0.000
47756  3811  1674      NaN    0.000    0.000
47759  4003  1679      NaN    0.000    0.000
47761  4061  1649      NaN    0.000    0.000
47762  3466  1799      NaN    0.000    0.000
47765  3637  1748      NaN    0.000    0.000
47766  3647  1767      NaN    0.000    0.000
47767  3725  1743      NaN    0.000    0.000
47768  3800  1718      NaN    0.000    0.000
47769  3884  1700      NaN    0.000    0.000
47770  3945  1715      NaN    0.000    0.000
47772  3979  1716      NaN    0.000    0.000
47776  3910  1756      NaN    1.480    4.120
47777  3940  1767      NaN    0.000    0.000
47778  4007  1855      NaN    1.740    3.963
47780  4014  1715      NaN    0.000    0.000
47784  3523  1774      NaN    0.000    0.000
47800  3283  1771      NaN    0.000    0.000
47805  3311  1864      NaN    0.000    0.000
47807  3404  1840      NaN    0.000    0.000
47809  3439  1832      NaN    0.000    0.000
47812  3331  1886      NaN    0.000    0.000
47813  3395  1875      NaN    0.000    0.000
47814  3466  1870      NaN    0.000    0.000
47815  3542  1879      NaN    0.000    0.000
47817  3346  1935      NaN    0.000    0.000
47818  3391  1935    5.424    3.163    4.957
47819  3439  1926      NaN    0.000    0.000
47821  3480  1918    4.958    1.687    3.483
47822  3546  1952      NaN    0.000    0.000
47823  3383  2013      NaN    0.000    0.000
47824  3445  1993      NaN    0.000    0.000
47827  3423  2067      NaN    0.000    0.000
47829  3482  2047      NaN    0.000    0.000
47830  3520  2024      NaN    0.000    0.000
47831  3395  2099      NaN    1.113    4.167
47835  3518  2064    5.602    0.967    4.193
47836  3436  2198      NaN    1.447    4.250
47837  3471  2161      NaN    0.000    0.000
47838  3365  1995      NaN    0.000    0.000
47842  3176  2019      NaN    0.000    0.000
47843  3230  1939      NaN    0.000    0.000
47887  3673  1810      NaN    0.000    0.000
47890  3781  1761      NaN    0.000    0.000
47891  3815  1758      NaN    0.000    0.000
47892  3647  1879      NaN    0.000    0.000
47893  3759  1842      NaN    0.000    0.000
47895  3872  1786      NaN    0.000    0.000
47897  3663  1914    4.456    0.000    0.000
47898  3699  1937      NaN    0.000    0.000
47899  3830  1877      NaN    0.000    0.000
47909  3305  2422      NaN    1.200    4.260
47912  2579  2861      NaN    4.443    5.710
47917  2663  2864      NaN    0.000    0.000
47918  2708  2876      NaN    0.000    0.000
47927  2833  2823      NaN    0.000    0.000
47929  3003  2652      NaN    3.303    6.230
47936  3102  2667      NaN    0.000    0.000
47940  3133  2622      NaN    0.000    0.000
47942  3215  2528      NaN    2.317    5.133
47945  3499  2708      NaN    2.427    4.857
47971  4726  2566      NaN    0.000    0.000
48803   445  3081    4.343    1.913    4.593
48806   438  3212    1.535    3.820    5.067
48808   701  3062    4.453    2.073    4.483
48820   651  3245      NaN    0.000    0.000
48823   690  3312    4.727    0.000    0.000
48826   744  3271    3.939    2.317    5.687
48830   759  3156    4.388    2.123    4.787
48839   865  3346      NaN    0.000    0.000
48921   212  3178    2.619    3.100    3.670
48924   165  3243    3.638    3.277    3.927
48925   225  3284    2.634    4.190    5.030
48927   475  3314    3.813    2.890    4.277
50527  2213    89      NaN    0.000    0.000
50548  2657    91      NaN    0.597    6.043
50557  2827    94    3.308    0.690    6.440
50564  3064    64    3.480    0.670    4.933
50603  1884   150    2.442    0.540    8.290
50632  2456   139    3.017    0.537    5.583
50658  2900   219    3.494    0.000    0.000
50727  2234   318    4.445    0.460    6.070
50745  2680   294      NaN    0.000    0.000
50756  3021   288    3.432    0.783    5.880
50774  3238   257    5.218    2.400    3.033
50788  3583   311    4.172    1.440    3.787
50844  2624   404    3.523    0.520    7.470
50854  2836   406    3.622    0.610    6.680
50888  3606   414    4.601    1.127    4.063
50915  1901   503    2.885    0.513    8.167
50949  2786   552    3.238    1.150    5.173
50953  2999   477    3.669    1.010    5.533
50963  3219   453    4.825    0.970    5.283
50968  3133   537      NaN    0.000    0.000
50978  3466   527      NaN    0.000    0.000
50983  3693   475      NaN    0.000    0.000
52267   120   903      NaN    0.000    0.000
52378   266   968      NaN    0.000    0.000
52495   505  1037      NaN    0.000    0.000
52652    50  1240      NaN    0.000    0.000
52681   346  1274    3.335    0.280    9.137
52754    16  1420    4.616    1.320    4.867
52787   322  1435    4.012    1.310    3.473
52866   199  1500      NaN    0.000    0.000
52889   436  1563      NaN    0.000    0.000
52955    85  1616    4.219    0.873    7.163
52983   466  1584    3.932    1.060    5.833
52996   561  1638    4.277    1.427    4.153
53068  1345   712      NaN    0.440    8.957
53083  1586   604    2.885    0.420    7.677
53149  1136   837      NaN    0.333    7.780
53192  1675   671    2.997    0.490    8.677
53231   716   959      NaN    0.000    0.000
53276  1446   852      NaN    0.443    8.763
53336   955   946      NaN    0.453    8.347
53352  1170   931    3.467    0.587    8.283
53391  1569   908    3.499    0.433    8.310
53463  1310  1030      NaN    0.000    0.000
53480  1464  1005    3.814    0.347    7.253
53487  1494  1110      NaN    0.000    0.000
53502   645  1145      NaN    0.353    8.503
53513   830  1035      NaN    0.000    0.000
53529   895  1222      NaN    0.660    7.403
53543  1119  1140      NaN    0.000    0.000
53564  1250  1190      NaN    0.603    8.283
53588  1515  1239    4.824    1.390    5.740
53593  1632  1140      NaN    0.000    0.000
53614   695  1293    3.928    0.430    7.463
53646  1097  1315    3.972    0.737    7.387
53673  1423  1261      NaN    0.000    0.000
53698  1616  1341      NaN    0.000    0.000
53705   638  1403    3.984    0.527    7.613
53723   828  1367    3.644    0.613    6.477
53764  1244  1401      NaN    0.000    0.000
53772  1407  1369      NaN    0.000    0.000
53787  1455  1450    4.715    1.567    5.963
53798  1625  1450      NaN    0.000    0.000
53845  1065  1502    4.774    1.187    6.593
53863  1336  1453      NaN    0.000    0.000
53898  1614  1563    3.398    0.443    8.447
53915   748  1619      NaN    0.000    0.000
53923   856  1599      NaN    0.000    0.000
53959  1239  1675    3.803    0.503    8.660
53975  1390  1627      NaN    0.000    0.000
54012  1972   608    3.365    0.450    7.800
54026  2342   610      NaN    0.480    8.657
54027  2174   675    2.934    0.443    7.053
54049  2685   645    3.516    0.687    6.333
54094  3316   610      NaN    0.000    0.000
54096  3490   630      NaN    0.000    0.000
54102  1806   679    2.940    0.410    8.017
54115  2024   718    3.320    0.430    7.730
54135  2495   718      NaN    0.643    8.153
54157  2726   764    3.926    0.923    6.443
54161  2825   684      NaN    0.000    0.000
54186  3159   744      NaN    0.000    0.000
54208  1845   876    3.823    0.463    6.943
54218  2125   867      NaN    0.000    0.000
54226  2319   860    3.482    1.277    6.580
54236  2525   850    3.782    0.927    6.180
54259  2795   886    4.729    1.303    4.457
54273  2997   787    4.920    1.443    5.163
54292  3305   800    3.883    1.440    3.730
54308  1864   987    4.431    0.563    7.737
54311  1989   904      NaN    0.000    0.000
54324  2291   947    4.037    0.610    7.887
54337  2366   994      NaN    0.000    0.000
54342  2635   927    4.040    1.767    4.820
54346  2665   974      NaN    0.000    0.000
54374  3016   929    4.667    2.667    3.513
54377  2930   998    4.624    1.620    3.367
54386  3156   970    5.174    1.077    3.127
54401  1668  1033      NaN    0.000    0.000
54405  1737  1074      NaN    0.000    0.000
54423  2011  1011      NaN    0.000    0.000
54436  2123  1076    4.528    1.163    5.747
54471  2484  1046      NaN    0.000    0.000
54493  2777  1041    4.920    1.300    4.483
54497  2726  1115      NaN    0.000    0.000
54511  1825  1128      NaN    0.000    0.000
54527  1924  1222      NaN    0.000    0.000
54534  2028  1160      NaN    0.000    0.000
54539  2118  1184      NaN    0.000    0.000
54587  2601  1227      NaN    0.000    0.000
54602  1744  1250      NaN    0.000    0.000
54618  1855  1336      NaN    0.000    0.000
54662  2424  1244      NaN    0.000    0.000
54715  1856  1420      NaN    0.000    0.000
54725  1965  1401    4.198    1.630    6.137
54751  2321  1352      NaN    0.000    0.000
54753  2276  1388      NaN    0.000    0.000
54776  2542  1412      NaN    1.007    6.590
54808  1756  1543    4.669    0.430    8.567
54823  1911  1502    3.368    1.543    6.743
54826  1916  1541      NaN    0.000    0.000
54836  2034  1548      NaN    0.000    0.000
54843  2150  1483      NaN    0.000    0.000
54857  2278  1562      NaN    0.000    0.000
54863  2374  1483    3.940    0.970    6.643
54909  1744  1674    4.860    1.300    7.327
54916  1888  1618      NaN    0.000    0.000
54929  2011  1653    4.613    2.167    5.393
54945  2189  1632    4.363    0.000    0.000
56065   180  1711    4.951    1.200    4.827
56079   333  1840    5.517    1.573    4.357
56080   326  1681    4.686    1.550    4.010
56096   552  1860    4.614    0.000    0.000
56146     1  2060    3.857    1.367    4.627
56152    38  1985    4.354    1.273    4.200
56167   126  2131    4.175    1.757    4.290
56172   251  2028    4.758    1.443    3.587
56182   400  1944    5.754    1.540    2.933
56187   430  2163      NaN    0.000    0.000
56193   507  1970    2.702    1.270    2.173
56196   531  2079      NaN    0.000    0.000
56257    31  2241    3.522    2.003    3.987
56287   337  2243    3.841    1.730    3.387
56357    35  2347    4.328    2.043    3.457
56374   221  2235    2.739    0.800    2.077
56385   374  2295      NaN    1.110    2.527
56462   169  2353    3.260    1.097    2.447
56492   516  2375    4.086    0.980    6.943
56571   255  2476      NaN    0.000    0.000
56586   421  2540    3.694    1.547    3.313
56651    25  2596    3.942    1.063    3.523
56671   253  2616    4.460    1.533    7.100
56684   369  2642    4.487    2.117    4.723
56691   481  2592    5.318    2.087    3.830
56751    22  2723      NaN    1.860    3.797
56763   210  2719    0.022    2.033    6.320
56768   171  2799    0.955    2.537    4.603
56778   302  2799      NaN    0.000    0.000
56786   430  2736    3.917    1.733    5.160
56886   423  2853    1.996    1.883    3.793
56951    25  2919      NaN    2.703    3.577
56959    89  3137      NaN    0.000    0.000
56964   111  3051      NaN    2.410    3.840
56966   223  2958    0.005    2.067    4.340
56969   178  3193    1.701    2.413    3.770
56977   204  3068      NaN    5.243    6.197
56985   380  2982      NaN    0.000    0.000
57006   645  1728      NaN    0.000    0.000
57014   658  1730      NaN    0.000    0.000
57016   800  1754      NaN    0.000    0.000
57025   828  1735    4.269    1.023    7.290
57046  1130  1739    5.127    0.547    8.363
57067  1237  1787    4.379    0.590    7.623
57071  1394  1702    4.594    1.463    6.803
57083  1530  1713      NaN    0.000    0.000
57127   789  1898    4.011    0.000    0.000
57131  1005  1744      NaN    0.570    8.743
57178  1410  1901      NaN    0.000    0.000
57193  1627  1817    4.552    0.520    8.467
57237   901  2010    4.809    4.617    5.963
57245  1013  1937      NaN    0.000    0.000
57259  1207  2013    4.996    2.367    3.507
57265  1308  1974      NaN    0.000    0.000
57279  1420  2000    4.100    2.167    6.440
57290  1571  1905      NaN    0.000    0.000
57297  1575  2002      NaN    0.000    0.000
57306   669  2064      NaN    1.470    6.830
57328   841  2107      NaN    0.000    0.000
57348  1069  2127    5.328    2.963    5.067
57378  1408  2110      NaN    0.720    8.137
57399  1677  2108    3.987    1.893    5.473
57411   682  2151      NaN    0.000    0.000
57426   875  2164    4.245    1.500    6.347
57447  1061  2209    4.893    1.837    4.343
57461  1267  2163      NaN    0.000    0.000
57476  1362  2202      NaN    0.000    0.000
57494  1584  2172      NaN    0.000    0.000
57503   574  2284    4.158    1.897    5.957
57504   567  2288      NaN    0.000    0.000
57516   725  2288      NaN    0.000    0.000
57554  1140  2308    4.774    1.977    3.823
57584  1466  2310      NaN    0.000    0.000
57598  1634  2349    2.613    2.133    5.327
57602   610  2366      NaN    0.000    0.000
57604   604  2377    4.873    0.000    0.000
57633   983  2372    5.184    1.707    4.240
57655  1166  2413    4.628    1.317    6.120
57662  1310  2347      NaN    0.000    0.000
57687  1442  2439      NaN    0.000    0.000
57707   587  2543    5.202    1.473    2.920
57712   779  2495    4.338    1.707    4.267
57713   772  2499    4.840    1.673    3.980
57731   925  2471    4.773    1.647    4.523
57745  1086  2527    4.058    1.453    5.650
57766  1285  2551    4.095    1.517    6.453
57776  1423  2543    5.338    1.950    4.327
57793  1612  2487    4.767    0.000    0.000
57799  1677  2564      NaN    0.000    0.000
57816   755  2624      NaN    0.000    0.000
57832   972  2581    5.238    1.817    4.880
57845  1097  2670    5.316    1.717    3.587
57853  1192  2607    4.614    0.000    0.000
57866  1302  2663      NaN    0.000    0.000
57902   582  2752    3.407    2.373    4.627
57916   759  2752    3.944    1.540    4.343
57922   847  2708    4.472    1.080    2.723
57932   957  2693    4.197    1.760    3.977
57957  1155  2764    4.373    0.000    0.000
57972  1461  2711    4.966    2.393    6.120
57993  1681  2704    4.629    2.090    6.303
58027  1922  1761      NaN    0.000    0.000
58040  2144  1698      NaN    0.000    0.000
58102  1767  1806      NaN    0.000    0.000
58141  2133  1830    4.257    1.540    5.947
58144  2133  1838      NaN    0.000    0.000
58150  2269  1819    4.969    1.190    7.160
58203  1763  1920    3.887    2.927    5.253
58208  1750  1998    3.918    1.060    6.693
58221  1948  1914    4.655    1.130    6.897
58238  2118  2024    3.839    1.510    6.220
58251  2273  1922      NaN    0.000    0.000
58265  2420  2010    4.164    0.000    0.000
58314  1830  2084      NaN    0.000    0.000
58321  1939  2041    4.120    1.910    6.370
58338  2082  2112    4.588    1.850    6.650
58345  2183  2080      NaN    0.000    0.000
58362  2403  2082      NaN    0.000    0.000
58424  1911  2181      NaN    0.000    0.000
58437  2034  2226    5.780    2.057    4.243
58457  2260  2215      NaN    0.000    0.000
58472  2515  2159      NaN    0.000    0.000
58477  2478  2237    2.603    0.000    0.000
58506  1791  2288    4.646    1.307    4.200
58527  1927  2319      NaN    0.000    0.000
58543  2131  2284      NaN    0.000    0.000
58556  2332  2286      NaN    0.000    0.000
58569  2459  2331      NaN    0.000    0.000
58606  1784  2398    4.101    1.903    6.740
58633  2114  2357      NaN    0.000    0.000
58646  2232  2415    4.297    1.823    4.890
58660  2368  2370      NaN    0.000    0.000
58666  2452  2415      NaN    1.480    3.890
58715  1866  2512    4.947    2.003    4.673
58725  1957  2540    1.666    2.630    4.477
58730  2021  2491    2.848    1.020    3.173
58731  2077  2474    4.757    1.217    3.287
58752  2314  2489    4.569    0.000    0.000
58754  2263  2540      NaN    0.000    0.000
58813  1830  2594    4.361    1.700    5.917
58834  2034  2618      NaN    3.880    5.167
58847  2161  2680      NaN    0.000    0.000
58849  2234  2670      NaN    3.600    7.833
58853  2319  2577      NaN    0.000    0.000
58911  1834  2706    4.139    1.783    5.787
58921  1944  2693    4.921    0.000    0.000
58926  1950  2767      NaN    5.303    6.427
58931  2028  2721    4.557    3.503    4.893
58944  2217  2743      NaN    0.000    0.000
58968  2411  2797      NaN    0.000    0.000
58974  2472  2730      NaN    0.000    0.000
59007   568  2906    3.844    1.950    4.133
59023   901  2835    4.662    0.000    0.000
59046  1054  2874      NaN    0.000    0.000
59058  1179  2891    4.348    2.343    6.697
59072  1386  2823      NaN    0.000    0.000
59082  1524  2838    4.907    3.190    4.997
59087  1515  2926      NaN    0.000    0.000
59096  1623  2872    4.855    2.380    4.607
59102  1754  2807    3.981    2.013    4.650
59117  1806  2879      NaN    0.000    0.000
59134  2026  2859      NaN    0.000    0.000
59152  2349  2823      NaN    0.000    0.000
59158  2318  2896      NaN    0.000    0.000
59162  2437  2827      NaN    0.000    0.000
59209   667  2991    4.929    1.723    3.287
59211   740  2924    4.270    0.000    0.000
59254  1130  2980      NaN    0.000    0.000
59265  1267  2971    4.656    2.173    6.337
59278  1397  3019    5.254    0.000    0.000
59287  1494  3006      NaN    0.000    0.000
59293  1651  2935    4.361    2.287    5.907
59316  1870  2980      NaN    0.000    0.000
59348  2204  2995      NaN    1.640    5.707
59353  2331  2967      NaN    5.060    6.380
59358  2265  3025      NaN    0.000    0.000
59362  2422  2911      NaN    0.000    0.000
59368  2394  3014      NaN    0.000    0.000
59417   757  3096    3.676    5.370    6.707
59431   921  3066    4.252    2.323    5.527
59456  1226  3098    4.845    2.563    6.260
59493  1580  3075      NaN    0.000    0.000
59501  1722  3049      NaN    0.000    0.000
59554  2271  3068      NaN    0.000    0.000
59556  2342  3098      NaN    0.000    0.000
59559  2325  3137    2.514    2.210    6.090
59562  2370  3053      NaN    0.000    0.000
59567  2415  3133      NaN    0.000    0.000
59632   966  3143    4.412    0.000    0.000
59644  1020  3195      NaN    0.000    0.000
59658  1155  3232    1.681    3.167    5.363
59663  1341  3156    4.734    2.107    5.077
59673  1431  3167      NaN    0.000    0.000
59758  1149  3361      NaN    0.000    0.000
59792  1873  3286      NaN    0.000    0.000
