30949  1341    50    2.516    1.806    5.626
30967  1765    12    2.521    1.526    5.965
30978  2060    20    2.889    1.984    5.416
31583  3352    25    3.900    2.568    4.877
31587  3210    44    5.176    3.503    5.652
31594  3370    66    3.994    2.584    4.932
31618  3637   111    3.858    3.419    4.539
31624  3723    68    3.851    3.229    4.555
31632  3880     8    4.936    2.529    4.258
31636  3891    51    4.417    3.545    4.545
31655  4096    63      NaN    2.610    3.939
31702  3482   113    4.581    3.381    4.684
31703  3555   113    4.049    2.984    4.452
31707  3469   255    5.127    4.758    5.481
31710  3654   231    3.224    3.345    4.868
31713  3691   143    2.431    3.303    4.661
31725  3790   156    4.163    3.806    5.139
31733  4020   134      NaN    4.468    5.397
31735  3940   167    4.735    2.845    4.242
31754  4151   158    4.801    2.677    3.752
31770  4515   113      NaN    2.916    4.290
31786  3900   275    4.513    4.429    5.223
31788  3846   320    4.335    2.642    4.771
31792  3992   251    5.062    2.732    4.326
31801  4054   262    5.256    3.426    4.597
31823  4429   229      NaN    0.000    0.000
31825  4302   270    3.448    3.284    4.474
31829  4367   302      NaN    0.000    0.000
31832  3839   359    4.066    3.100    4.942
31845  3956   389    4.119    3.603    4.865
31866  4294   389    7.433    4.019    5.277
31873  3779   464    2.814    3.042    4.926
31878  3757   552    3.117    2.735    5.110
31884  3839   514    5.247    2.790    4.739
31909  4100   561    5.101    3.906    5.497
31913  3583   537      NaN    0.000    0.000
31915  3516   628    3.587    2.426    5.229
31917  3508   669    2.945    2.606    5.210
31921  3592   593      NaN    2.461    5.684
31924  3592   624    3.171    2.542    5.413
31931  3706   583    2.803    2.661    5.258
31935  3751   626    4.011    3.410    4.952
31939  3794   656    2.959    2.413    4.965
31958  3971   645    4.427    4.481    5.081
31959  4016   632      NaN    0.000    0.000
31960  3578   772      NaN    0.000    0.000
31961  3581   686    2.382    2.065    5.348
31969  3451   824      NaN    0.000    0.000
31977  3591   755      NaN    2.913    5.329
31981  3704   677    4.935    2.013    5.213
31987  3699   768    5.410    3.203    5.542
31989  3798   796      NaN    0.000    0.000
31994  3828   720    5.367    3.255    5.129
32088  4709   106      NaN    0.000    0.000
32098  4828    89      NaN    0.000    0.000
32099  5011   152      NaN    0.000    0.000
32121  4727   227      NaN    0.000    0.000
32128  4711   331      NaN    0.000    0.000
32133  4795   300    3.637    3.148    4.590
32150  4785   343    4.440    0.000    0.000
44230   225    50    3.657    0.616    5.839
44231    20    42    3.768    0.700    5.571
44232   303    70    3.633    1.316    5.390
44237   156   165    3.144    1.306    5.068
44239   399   135    4.094    1.813    5.119
44241   680   122    3.651    1.097    5.852
44256  1614    51    2.494    0.877    6.352
44259  1631   216    3.156    0.413    6.916
44282   165   287    4.662    1.300    5.323
44284    16   371    4.350    1.084    5.539
44285   311   348    3.823    1.110    5.397
44287    78   434    3.954    0.648    6.584
44288   313   419    4.089    0.703    6.206
44292   770   234      NaN    0.000    0.000
44294   839   303    3.670    0.687    6.274
44298   921   399    3.477    0.403    6.939
44302  1358   249    3.038    1.490    6.177
44304  1192   302    3.326    0.948    6.506
44305  1489   372    3.258    0.371    6.984
44313  2086   268    3.796    2.042    5.519
44314  1752   318    3.144    1.029    6.503
44317  1722   460    3.655    1.068    6.148
44336   438   511      NaN    0.213    7.668
44341   705   475    3.502    0.181    7.448
44347   596   626      NaN    0.094    8.165
44352  1386   479    2.734    0.329    7.390
44354  1134   572    2.522    0.106    8.065
44358  1334   703    2.234    0.087    8.000
44373   496   720      NaN    0.000    0.000
45004  1588  3102      NaN    0.000    0.000
45005  1588  3103      NaN    0.000    0.000
45007  1560  3102      NaN    0.000    0.000
45011  1520  3118      NaN    0.000    0.000
45013  1520  3118      NaN    0.000    0.000
45018  1520  3122      NaN    0.000    0.000
45020  1517  3116      NaN    0.000    0.000
45031  1618  3075      NaN    3.858    6.348
45032  1586  3077    0.225    2.906    5.587
45033  1603  3077      NaN    3.587    6.681
45034  1595  3083    1.068    5.000    6.239
45035  1567  3085      NaN    0.000    0.000
45036  1608  3085      NaN    0.000    0.000
45037  1590  3087      NaN    0.000    0.000
45038  1565  3092      NaN    0.000    0.000
45039  1591  3092      NaN    0.000    0.000
45040  1599  3094      NaN    0.000    0.000
45041  1597  3102      NaN    0.000    0.000
45042  1558  3103      NaN    0.000    0.000
45043  1588  3109      NaN    0.000    0.000
45044  1571  3115      NaN    0.000    0.000
45045  1603  3116      NaN    0.000    0.000
47003  3406   862      NaN    3.242    5.316
47005  3171   918    6.448    2.397    4.390
47008  3340   921      NaN    0.000    0.000
47014  3012   921    4.933    2.797    4.374
47016  3156   964      NaN    0.000    0.000
47020  2980  1013    6.022    2.400    4.258
47022  3154  1030    6.389    3.103    4.384
47025  3271  1046      NaN    2.635    5.181
47028  2794  1071      NaN    2.997    4.403
47031  3053  1080    6.091    2.474    3.768
47035  2732  1110      NaN    0.000    0.000
47037  2829  1123    3.857    2.665    4.045
47039  2941  1102    4.381    2.755    4.119
47041  3087  1128    4.337    2.658    4.390
47046  3158  1117    6.013    0.000    0.000
47050  2874  1164      NaN    2.942    4.603
47052  2986  1209    4.794    2.784    4.100
47055  3074  1212      NaN    2.842    4.926
47058  2889  1229      NaN    0.000    0.000
47060  2844  1265      NaN    0.000    0.000
47061  3158  1263    5.872    0.000    0.000
47065  2887  1287      NaN    0.000    0.000
47067  2973  1289    3.495    3.123    4.490
47068  2788  1328    4.418    3.010    4.455
47069  2879  1341      NaN    3.129    4.900
47070  2976  1349    5.077    2.858    4.655
47075  3057  1298    4.338    2.758    4.071
47090  3200  1317      NaN    0.000    0.000
47092  3212  1338    6.247    3.239    5.506
47095  3059  1328    4.339    3.126    4.500
47097  3079  1427    3.004    3.345    4.710
47098  3032  1356      NaN    0.000    0.000
47099  2997  1358      NaN    0.000    0.000
47100  3217  1380    4.656    3.006    4.703
47101  3107  1356      NaN    0.000    0.000
47102  2760  1349      NaN    3.768    4.845
47104  3232  1367    4.270    2.868    5.135
47105  3236  1373      NaN    0.000    0.000
47106  3262  1401      NaN    0.000    0.000
47108  3019  1394      NaN    0.000    0.000
47110  3001  1394      NaN    0.000    0.000
47112  2982  1403      NaN    0.000    0.000
47113  2962  1405      NaN    3.071    4.719
47114  3131  1420    5.135    0.000    0.000
47115  3464  1401      NaN    4.568    6.206
47119  3023  1427      NaN    0.000    0.000
47121  3187  1436    2.842    3.077    4.461
47127  3131  1461      NaN    0.000    0.000
47129  2969  1481    3.212    3.074    4.768
47130  3296  1459      NaN    0.000    0.000
47131  3074  1498      NaN    0.000    0.000
47133  3066  1528      NaN    0.000    0.000
47135  3135  1545    3.075    3.384    4.613
47136  3215  1506    5.207    3.761    5.161
47137  3154  1524    4.817    3.619    4.929
47138  3292  1565      NaN    0.000    0.000
47140  2997  1569      NaN    0.000    0.000
47143  3206  1582      NaN    0.000    0.000
47145  3038  1483    3.517    3.342    4.839
47146  3042  1590      NaN    0.000    0.000
47150  2975  1532      NaN    3.232    4.877
47151  3288  1614      NaN    0.000    0.000
47152  3284  1619      NaN    0.000    0.000
47154  3172  1556      NaN    0.000    0.000
47155  3200  1662      NaN    0.000    0.000
47156  3012  1662      NaN    0.000    0.000
47157  3126  1606    4.169    3.268    4.658
47159  3253  1670      NaN    0.000    0.000
47162  3186  1698      NaN    0.000    0.000
47163  2954  1683      NaN    0.000    0.000
47165  2956  1702      NaN    0.000    0.000
47167  3094  1700      NaN    0.000    0.000
47168  3107  1711      NaN    0.000    0.000
47169  2851  1716      NaN    4.116    5.368
47170  2991  1750      NaN    4.826    6.310
47171  3010  1619      NaN    0.000    0.000
47172  2991  1632      NaN    3.426    5.268
47173  3062  1636    3.331    3.932    5.081
47174  3051  1674      NaN    4.123    5.490
47175  2948  1741    1.461    3.513    5.906
47182  2969  1847      NaN    0.000    0.000
47184  2971  1849      NaN    0.000    0.000
47185  2930  1873      NaN    0.000    0.000
47188  3010  1862      NaN    3.439    5.903
47189  2975  1879      NaN    0.000    0.000
47192  3150  1659      NaN    0.000    0.000
47401  4670   514      NaN    0.000    0.000
47402  4770   568    7.899    2.832    5.323
47404  4671   632      NaN    0.000    0.000
47405  4813   608      NaN    2.310    5.916
47406  4664   679      NaN    0.000    0.000
47407  4746   701      NaN    0.000    0.000
47409  4961   671      NaN    1.629    6.394
47411  4595   764      NaN    0.000    0.000
47412  4630   778      NaN    0.000    0.000
47413  4681   761      NaN    3.287    5.232
47417  4841   794      NaN    0.000    0.000
47418  4972   787      NaN    0.000    0.000
47421  4505   807      NaN    3.945    5.290
47423  4591   862      NaN    0.000    0.000
47424  4655   828      NaN    0.000    0.000
47426  4793   878    5.362    0.000    0.000
47428  4494   912      NaN    0.000    0.000
47430  4565   918      NaN    0.000    0.000
47433  4565   796      NaN    0.000    0.000
47435  4856   634      NaN    0.000    0.000
47440  4852   863      NaN    0.000    0.000
47512  4673  1226    6.193    3.519    5.616
47520  4516  1261    4.387    2.994    5.368
47570  4472  1403      NaN    0.000    0.000
47574  4474  1048      NaN    3.861    5.932
47575  4567  1030      NaN    0.000    0.000
47576  4617   977    5.250    2.619    5.687
47581  4651  1061      NaN    0.000    0.000
47582  4492  1153      NaN    0.000    0.000
47584  4612  1155      NaN    0.000    0.000
47585  4701  1160    5.333    1.681    5.997
47587  4464  1242      NaN    0.000    0.000
47588  4520  1317      NaN    0.000    0.000
47590  4582  1315      NaN    0.000    0.000
47592  4627  1296      NaN    0.000    0.000
47595  4533  1371      NaN    0.000    0.000
47597  4505  1442      NaN    0.000    0.000
47598  4582  1463      NaN    0.000    0.000
47600  4134  1412      NaN    0.000    0.000
47602  4283  1341      NaN    0.000    0.000
47604  4375  1354      NaN    0.000    0.000
47605  4104  1504      NaN    0.000    0.000
47606  4151  1479      NaN    0.000    0.000
47607  4167  1489      NaN    0.000    0.000
47610  4279  1494      NaN    0.000    0.000
47612  4285  1446    4.206    2.558    5.513
47615  4466  1507      NaN    0.000    0.000
47616  4057  1563      NaN    0.000    0.000
47617  4173  1552      NaN    0.000    0.000
47618  4253  1541      NaN    0.000    0.000
47620  4270  1563      NaN    0.000    0.000
47622  4319  1530      NaN    0.000    0.000
47624  4376  1524      NaN    0.000    0.000
47626  4412  1552      NaN    0.000    0.000
47629  4533  1526      NaN    0.000    0.000
47631  4040  1608      NaN    0.000    0.000
47632  4119  1636      NaN    0.000    0.000
47636  4141  1662      NaN    0.000    0.000
47637  4236  1623      NaN    0.000    0.000
47638  4319  1606      NaN    0.000    0.000
47639  4339  1640    8.945    0.000    0.000
47640  4343  1625      NaN    0.000    0.000
47641  4376  1571      NaN    0.000    0.000
47648  4576  1599      NaN    0.000    0.000
47649  4050  1707      NaN    0.000    0.000
47651  4091  1711      NaN    0.000    0.000
47653  4156  1722      NaN    0.000    0.000
47654  4225  1713      NaN    0.000    0.000
47655  4281  1726      NaN    0.000    0.000
47656  4302  1683      NaN    0.000    0.000
47657  4362  1668      NaN    0.000    0.000
47662  4455  1604      NaN    0.000    0.000
47663  4055  1786      NaN    3.403    5.958
47666  4352  1726      NaN    0.000    0.000
47668  4380  1675      NaN    3.887    6.858
47670  4442  1632      NaN    0.000    0.000
47672  4466  1683      NaN    0.000    0.000
47674  4516  1664      NaN    3.658    6.171
47675  4410  1709      NaN    0.000    0.000
47677  4427  1780      NaN    5.052    6.435
47678  4457  1892    2.211    4.274    5.939
47682  4492  1614      NaN    0.000    0.000
47684  4098  1688      NaN    0.000    0.000
47690  4425  1487      NaN    2.971    4.942
47740  3734  1547      NaN    3.913    6.665
47741  3704  1631      NaN    0.000    0.000
47742  3723  1619      NaN    0.000    0.000
47744  3734  1632      NaN    0.000    0.000
47746  3835  1627      NaN    0.000    0.000
47747  3900  1621    4.934    3.397    5.684
47750  3956  1631      NaN    3.277    5.906
47754  3518  1746      NaN    0.000    0.000
47755  3592  1692      NaN    0.000    0.000
47756  3811  1674      NaN    0.000    0.000
47759  4003  1679      NaN    0.000    0.000
47761  4061  1649      NaN    0.000    0.000
47762  3466  1799      NaN    0.000    0.000
47765  3637  1748      NaN    0.000    0.000
47766  3647  1767      NaN    0.000    0.000
47767  3725  1743      NaN    0.000    0.000
47768  3800  1718      NaN    0.000    0.000
47769  3884  1700      NaN    0.000    0.000
47770  3945  1715      NaN    0.000    0.000
47772  3979  1716      NaN    0.000    0.000
47776  3910  1756      NaN    2.900    6.987
47777  3940  1767      NaN    0.000    0.000
47778  4007  1855      NaN    3.913    6.781
47780  4014  1715      NaN    0.000    0.000
47784  3523  1774      NaN    0.000    0.000
47800  3283  1771      NaN    0.000    0.000
47805  3311  1864      NaN    0.000    0.000
47807  3404  1840      NaN    0.000    0.000
47809  3439  1832      NaN    0.000    0.000
47812  3331  1886      NaN    0.000    0.000
47813  3395  1875      NaN    0.000    0.000
47814  3466  1870      NaN    0.000    0.000
47815  3542  1879      NaN    0.000    0.000
47817  3346  1935      NaN    0.000    0.000
47818  3391  1935    3.595    2.713    6.184
47819  3439  1926      NaN    0.000    0.000
47821  3480  1918    3.620    3.923    5.668
47822  3546  1952      NaN    0.000    0.000
47823  3383  2013      NaN    0.000    0.000
47824  3445  1993      NaN    0.000    0.000
47827  3423  2067      NaN    0.000    0.000
47829  3482  2047      NaN    0.000    0.000
47830  3520  2024      NaN    0.000    0.000
47831  3395  2099    1.704    3.016    6.158
47835  3518  2064    6.190    3.055    6.339
47836  3436  2198      NaN    3.942    6.468
47837  3471  2161      NaN    0.000    0.000
47838  3365  1995      NaN    0.000    0.000
47842  3176  2019      NaN    0.000    0.000
47843  3230  1939      NaN    0.000    0.000
47887  3673  1810      NaN    0.000    0.000
47890  3781  1761      NaN    0.000    0.000
47891  3815  1758      NaN    0.000    0.000
47892  3647  1879      NaN    0.000    0.000
47893  3759  1842      NaN    0.000    0.000
47895  3872  1786      NaN    0.000    0.000
47897  3663  1914    1.748    0.000    0.000
47898  3699  1937      NaN    0.000    0.000
47899  3830  1877      NaN    0.000    0.000
47909  3305  2422      NaN    3.116    6.461
47912  2579  2861      NaN    5.374    6.413
47917  2663  2864      NaN    0.000    0.000
47918  2708  2876      NaN    0.000    0.000
47927  2833  2823      NaN    0.000    0.000
47929  3003  2652      NaN    3.839    5.842
47936  3102  2667      NaN    0.000    0.000
47940  3133  2622      NaN    0.000    0.000
47942  3215  2528      NaN    4.471    6.616
47945  3499  2708      NaN    4.381    6.448
47971  4726  2566      NaN    0.000    0.000
48803   445  3081    4.120    3.113    5.052
48806   438  3212    0.577    4.229    5.758
48808   701  3062    4.590    3.187    5.181
48820   651  3245      NaN    0.000    0.000
48823   690  3312    4.685    0.971    1.106
48826   744  3271    4.358    2.890    5.387
48830   759  3156    4.397    2.961    5.058
48839   865  3346      NaN    0.000    0.000
48921   212  3178    1.900    3.726    4.865
48924   165  3243    3.503    3.984    5.077
48925   225  3284    1.487    3.987    4.916
48927   475  3314    2.316    4.335    5.639
50527  2213    89      NaN    0.000    0.000
50548  2657    91      NaN    1.777    5.355
50557  2827    94    5.533    1.403    5.752
50564  3064    64    3.964    1.926    5.177
50603  1884   150    3.484    0.329    6.826
50632  2456   139    2.846    2.648    5.058
50658  2900   219    4.298    0.000    0.000
50727  2234   318    6.307    2.081    5.277
50745  2680   294      NaN    0.000    0.000
50756  3021   288    4.856    3.032    5.035
50774  3238   257    5.823    3.516    5.071
50788  3583   311    5.254    2.958    5.297
50844  2624   404    5.283    0.639    6.639
50854  2836   406    5.250    1.574    6.029
50888  3606   414    4.597    2.161    5.455
50915  1901   503    3.927    0.242    6.800
50949  2786   552    3.830    3.390    5.352
50953  2999   477    4.370    2.335    5.706
50963  3219   453    6.131    1.048    6.306
50968  3133   537      NaN    0.000    0.000
50978  3466   527      NaN    0.000    0.000
50983  3693   475      NaN    0.000    0.000
52267   120   903      NaN    0.000    0.000
52378   266   968      NaN    0.000    0.000
52495   505  1037      NaN    0.000    0.000
52652    50  1240      NaN    0.000    0.000
52681   346  1274    3.862    0.435    7.503
52754    16  1420    5.347    1.797    4.961
52787   322  1435    5.417    1.755    5.542
52866   199  1500      NaN    0.000    0.000
52889   436  1563      NaN    0.000    0.000
52955    85  1616    5.174    1.406    5.577
52983   466  1584    4.174    1.368    5.758
52996   561  1638    5.098    1.665    5.426
53068  1345   712      NaN    0.090    8.294
53083  1586   604    2.608    0.316    7.116
53149  1136   837      NaN    0.129    7.861
53192  1675   671    2.866    0.242    7.158
53231   716   959      NaN    0.000    0.000
53276  1446   852      NaN    0.161    7.603
53336   955   946      NaN    0.290    7.435
53352  1170   931    4.044    0.355    7.239
53391  1569   908    3.829    0.490    6.613
53463  1310  1030      NaN    0.000    0.000
53480  1464  1005    3.625    0.806    6.187
53487  1494  1110      NaN    0.000    0.000
53502   645  1145      NaN    0.110    7.890
53513   830  1035      NaN    0.000    0.000
53529   895  1222      NaN    0.277    7.297
53543  1119  1140      NaN    0.000    0.000
53564  1250  1190      NaN    0.616    6.468
53588  1515  1239    5.633    2.471    5.323
53593  1632  1140      NaN    0.000    0.000
53614   695  1293    4.752    0.774    6.687
53646  1097  1315    5.001    0.916    5.961
53673  1423  1261      NaN    0.000    0.000
53698  1616  1341      NaN    0.000    0.000
53705   638  1403    4.016    0.790    6.774
53723   828  1367    3.817    0.858    6.419
53764  1244  1401      NaN    0.000    0.000
53772  1407  1369      NaN    0.000    0.000
53787  1455  1450    4.692    2.048    5.226
53798  1625  1450      NaN    0.000    0.000
53845  1065  1502    5.703    1.555    5.535
53863  1336  1453      NaN    0.000    0.000
53898  1614  1563    4.647    2.145    5.255
53915   748  1619      NaN    0.000    0.000
53923   856  1599      NaN    0.000    0.000
53959  1239  1675    4.597    1.274    5.668
53975  1390  1627      NaN    0.000    0.000
54012  1972   608    4.258    0.503    6.377
54026  2342   610      NaN    0.726    6.397
54027  2174   675    3.007    1.687    5.719
54049  2685   645    4.565    2.642    5.432
54094  3316   610      NaN    0.000    0.000
54096  3490   630      NaN    0.000    0.000
54102  1806   679    3.423    0.452    6.745
54115  2024   718    4.911    0.774    5.935
54135  2495   718      NaN    1.103    6.084
54157  2726   764    5.806    2.226    5.397
54161  2825   684      NaN    0.000    0.000
54186  3159   744      NaN    0.000    0.000
54208  1845   876    5.003    1.377    5.487
54218  2125   867      NaN    0.000    0.000
54226  2319   860    3.291    2.910    5.561
54236  2525   850    4.017    2.497    5.419
54259  2795   886    5.085    2.839    4.652
54273  2997   787    5.301    2.610    4.952
54292  3305   800    4.720    2.887    5.003
54308  1864   987    5.299    1.845    5.184
54311  1989   904      NaN    0.000    0.000
54324  2291   947    5.044    1.516    5.710
54337  2366   994      NaN    0.000    0.000
54342  2635   927    4.215    4.110    5.132
54346  2665   974      NaN    0.000    0.000
54374  3016   929    4.372    3.510    4.690
54377  2930   998    5.007    2.861    4.300
54386  3156   970    5.186    2.803    4.216
54401  1668  1033      NaN    0.000    0.000
54405  1737  1074      NaN    0.000    0.000
54423  2011  1011      NaN    0.000    0.000
54436  2123  1076    5.498    2.381    5.348
54471  2484  1046      NaN    0.000    0.000
54493  2777  1041    5.449    2.826    4.368
54497  2726  1115      NaN    0.000    0.000
54511  1825  1128      NaN    0.000    0.000
54527  1924  1222      NaN    0.000    0.000
54534  2028  1160      NaN    0.000    0.000
54539  2118  1184      NaN    0.000    0.000
54587  2601  1227      NaN    0.000    0.000
54602  1744  1250      NaN    0.000    0.000
54618  1855  1336      NaN    0.000    0.000
54662  2424  1244      NaN    0.000    0.000
54715  1856  1420      NaN    0.000    0.000
54725  1965  1401    3.527    2.397    4.832
54751  2321  1352      NaN    0.000    0.000
54753  2276  1388      NaN    0.000    0.000
54776  2542  1412      NaN    3.058    4.981
54808  1756  1543    5.441    2.055    5.077
54823  1911  1502    4.731    2.816    4.826
54826  1916  1541      NaN    0.000    0.000
54836  2034  1548      NaN    0.000    0.000
54843  2150  1483      NaN    0.000    0.000
54857  2278  1562      NaN    0.000    0.000
54863  2374  1483    5.721    2.832    4.997
54909  1744  1674    5.637    2.823    4.710
54916  1888  1618      NaN    0.000    0.000
54929  2011  1653    5.123    2.484    4.206
54945  2189  1632    4.832    0.000    0.000
56065   180  1711    5.824    1.635    4.855
56079   333  1840    6.127    1.655    5.010
56080   326  1681    5.545    1.742    4.981
56096   552  1860    5.137    0.000    0.000
56146     1  2060    6.161    1.506    5.523
56152    38  1985    5.858    1.597    5.213
56167   126  2131    5.397    1.629    5.103
56172   251  2028    4.337    2.190    5.274
56182   400  1944    6.985    2.777    5.261
56187   430  2163      NaN    0.735    2.958
56193   507  1970    4.038    3.235    4.710
56196   531  2079      NaN    0.000    0.000
56257    31  2241    5.651    1.584    5.016
56287   337  2243    5.641    2.884    5.665
56357    35  2347    4.838    2.035    4.845
56374   221  2235    4.289    2.461    4.323
56385   374  2295    7.704    2.455    6.410
56462   169  2353    3.187    2.265    4.790
56492   516  2375    4.779    0.777    7.539
56571   255  2476      NaN    0.000    0.000
56586   421  2540    4.996    2.158    5.832
56651    25  2596    5.206    1.835    5.532
56671   253  2616    5.809    2.961    6.113
56684   369  2642    5.670    1.719    5.984
56691   481  2592    5.198    2.065    5.797
56751    22  2723      NaN    3.129    5.777
56763   210  2719    0.005    2.077    6.165
56768   171  2799    0.912    3.452    5.852
56778   302  2799      NaN    0.000    0.000
56786   430  2736    4.630    2.232    5.603
56886   423  2853    5.064    2.510    5.535
56951    25  2919      NaN    2.826    5.581
56959    89  3137      NaN    0.000    0.000
56964   111  3051    4.139    3.216    4.858
56966   223  2958    0.026    2.890    4.987
56969   178  3193    1.004    4.048    5.306
56977   204  3068    4.658    4.171    5.316
56985   380  2982      NaN    0.000    0.000
57006   645  1728      NaN    0.000    0.000
57014   658  1730      NaN    0.000    0.000
57016   800  1754      NaN    0.000    0.000
57025   828  1735    4.416    1.610    5.584
57046  1130  1739    5.818    1.326    5.706
57067  1237  1787    5.188    1.713    4.645
57071  1394  1702    5.346    2.039    5.152
57083  1530  1713      NaN    0.000    0.000
57127   789  1898    5.338    0.000    0.000
57131  1005  1744      NaN    1.561    6.258
57178  1410  1901      NaN    0.000    0.000
57193  1627  1817    5.749    2.271    4.971
57237   901  2010    5.965    4.435    6.068
57245  1013  1937      NaN    0.000    0.000
57259  1207  2013    5.084    3.400    5.387
57265  1308  1974      NaN    0.000    0.000
57279  1420  2000    4.952    2.952    5.406
57290  1571  1905      NaN    0.000    0.000
57297  1575  2002      NaN    0.000    0.000
57306   669  2064      NaN    1.381    6.661
57328   841  2107      NaN    0.000    0.000
57348  1069  2127    5.822    4.071    6.187
57378  1408  2110      NaN    2.023    5.735
57399  1677  2108    3.542    3.148    4.661
57411   682  2151      NaN    0.000    0.000
57426   875  2164    3.880    2.126    6.206
57447  1061  2209    5.488    3.145    5.500
57461  1267  2163      NaN    0.000    0.000
57476  1362  2202      NaN    0.000    0.000
57494  1584  2172      NaN    0.000    0.000
57503   574  2284    4.683    1.455    6.845
57504   567  2288      NaN    0.000    0.000
57516   725  2288      NaN    0.000    0.000
57554  1140  2308    5.066    3.074    5.232
57584  1466  2310      NaN    0.000    0.000
57598  1634  2349    0.838    3.823    5.558
57602   610  2366      NaN    0.000    0.000
57604   604  2377    4.877    0.542    7.681
57633   983  2372    5.079    2.790    5.765
57655  1166  2413    5.117    2.394    6.277
57662  1310  2347      NaN    0.000    0.000
57687  1442  2439      NaN    0.000    0.000
57707   587  2543    4.520    2.958    6.194
57712   779  2495    3.718    2.129    6.135
57713   772  2499    5.707    2.571    6.300
57731   925  2471    5.268    2.313    6.203
57745  1086  2527    5.166    2.613    5.997
57766  1285  2551    4.696    2.535    5.842
57776  1423  2543    2.258    3.374    5.429
57793  1612  2487    5.146    0.000    0.000
57799  1677  2564      NaN    0.000    0.000
57816   755  2624      NaN    0.000    0.000
57832   972  2581    5.772    2.581    6.029
57845  1097  2670    5.280    3.116    5.294
57853  1192  2607    5.411    2.587    5.665
57866  1302  2663      NaN    0.000    0.000
57902   582  2752    4.822    2.768    5.835
57916   759  2752    4.517    2.710    5.574
57922   847  2708    4.947    2.984    5.410
57932   957  2693    3.774    3.945    5.948
57957  1155  2764    5.521    2.842    5.406
57972  1461  2711    4.608    3.035    5.390
57993  1681  2704    5.029    3.145    5.413
58027  1922  1761      NaN    0.000    0.000
58040  2144  1698      NaN    0.000    0.000
58102  1767  1806      NaN    0.000    0.000
58141  2133  1830    3.694    2.935    4.365
58144  2133  1838      NaN    0.000    0.000
58150  2269  1819    4.991    3.152    4.497
58203  1763  1920    4.441    2.719    4.529
58208  1750  1998    3.929    3.513    4.748
58221  1948  1914    4.154    2.803    4.177
58238  2118  2024    3.697    3.116    4.139
58251  2273  1922      NaN    0.000    0.000
58265  2420  2010    4.224    0.000    0.000
58314  1830  2084      NaN    0.000    0.000
58321  1939  2041    3.285    2.961    4.090
58338  2082  2112    3.882    3.216    4.574
58345  2183  2080      NaN    0.000    0.000
58362  2403  2082      NaN    0.000    0.000
58424  1911  2181      NaN    0.000    0.000
58437  2034  2226    6.454    3.368    5.129
58457  2260  2215      NaN    0.000    0.000
58472  2515  2159      NaN    0.000    0.000
58477  2478  2237    1.010    0.000    0.000
58506  1791  2288    0.579    2.974    5.203
58527  1927  2319      NaN    0.000    0.000
58543  2131  2284      NaN    0.000    0.000
58556  2332  2286      NaN    0.000    0.000
58569  2459  2331      NaN    0.000    0.000
58606  1784  2398    3.927    3.032    5.458
58633  2114  2357      NaN    0.000    0.000
58646  2232  2415    5.061    3.110    5.394
58660  2368  2370      NaN    0.000    0.000
58666  2452  2415      NaN    4.197    5.523
58715  1866  2512    3.701    3.697    5.387
58725  1957  2540    0.430    3.345    5.048
58730  2021  2491    0.408    3.094    5.110
58731  2077  2474    4.015    3.081    5.194
58752  2314  2489    4.192    0.000    0.000
58754  2263  2540      NaN    0.000    0.000
58813  1830  2594    3.958    2.974    4.881
58834  2034  2618      NaN    3.358    5.219
58847  2161  2680      NaN    0.000    0.000
58849  2234  2670      NaN    4.255    7.061
58853  2319  2577      NaN    0.000    0.000
58911  1834  2706    4.803    2.945    5.184
58921  1944  2693    5.628    0.000    0.000
58926  1950  2767      NaN    3.935    5.435
58931  2028  2721    1.467    3.135    5.135
58944  2217  2743    4.193    0.000    0.000
58968  2411  2797      NaN    0.000    0.000
58974  2472  2730      NaN    0.000    0.000
59007   568  2906    4.530    2.797    5.094
59023   901  2835    5.298    2.965    5.694
59046  1054  2874      NaN    0.000    0.000
59058  1179  2891    5.480    3.026    5.326
59072  1386  2823      NaN    0.000    0.000
59082  1524  2838    5.210    3.790    5.365
59087  1515  2926      NaN    0.000    0.000
59096  1623  2872    4.401    3.423    5.229
59102  1754  2807    3.621    3.400    5.219
59117  1806  2879      NaN    0.000    0.000
59134  2026  2859      NaN    0.000    0.000
59152  2349  2823      NaN    0.000    0.000
59158  2318  2896      NaN    0.000    0.000
59162  2437  2827      NaN    0.000    0.000
59209   667  2991    5.805    3.603    5.442
59211   740  2924    3.465    2.639    5.458
59254  1130  2980      NaN    0.000    0.000
59265  1267  2971    4.923    3.094    5.694
59278  1397  3019    5.959    0.000    0.000
59287  1494  3006      NaN    0.000    0.000
59293  1651  2935    5.711    3.029    4.819
59316  1870  2980      NaN    0.000    0.000
59348  2204  2995      NaN    2.268    7.713
59353  2331  2967    2.734    3.158    6.429
59358  2265  3025      NaN    0.000    0.000
59362  2422  2911      NaN    0.000    0.000
59368  2394  3014      NaN    0.000    0.000
59417   757  3096    3.941    5.171    6.423
59431   921  3066    4.460    2.852    5.055
59456  1226  3098    4.944    3.048    5.268
59493  1580  3075      NaN    0.000    0.000
59501  1722  3049      NaN    0.000    0.000
59554  2271  3068      NaN    0.000    0.000
59556  2342  3098      NaN    0.000    0.000
59559  2325  3137    0.422    3.490    6.290
59562  2370  3053      NaN    0.000    0.000
59567  2415  3133    1.040    0.000    0.000
59632   966  3143    5.045    2.919    5.468
59644  1020  3195      NaN    0.000    0.000
59658  1155  3232    0.041    3.768    5.490
59663  1341  3156    4.996    2.968    5.571
59673  1431  3167      NaN    0.000    0.000
59758  1149  3361      NaN    0.000    0.000
59792  1873  3286      NaN    0.000    0.000
