30949  1341    50    0.499    0.587    0.840
30967  1765    12    0.409    0.653    0.937
30978  2060    20    0.164    0.647    0.920
31583  3352    25    0.016    0.573    0.927
31587  3210    44    0.476    0.703    1.160
31594  3370    66    0.089    0.633    1.023
31618  3637   111    0.083    0.567    0.830
31624  3723    68    0.661    0.480    0.727
31632  3880     8    0.639    0.480    0.670
31636  3891    51    0.791    0.480    0.810
31655  4096    63      NaN    0.513    0.687
31702  3482   113    0.280    0.603    0.897
31703  3555   113    0.272    0.583    0.863
31707  3469   255    0.815    0.673    1.210
31710  3654   231    0.060    0.693    1.130
31713  3691   143    0.086    0.700    1.040
31725  3790   156    0.041    0.593    0.897
31733  4020   134      NaN    0.607    0.797
31735  3940   167    0.798    0.617    0.823
31754  4151   158    0.370    0.453    0.603
31770  4515   113      NaN    0.583    0.850
31786  3900   275    0.142    0.603    0.907
31788  3846   320    0.078    0.690    1.033
31792  3992   251    0.138    0.637    0.880
31801  4054   262    1.655    0.467    0.680
31823  4429   229      NaN    0.000    0.000
31825  4302   270    0.442    0.447    0.793
31829  4367   302      NaN    0.000    0.000
31832  3839   359    0.036    0.697    1.100
31845  3956   389    1.372    0.440    0.740
31866  4294   389    1.676    0.557    1.067
31873  3779   464    0.094    0.647    1.160
31878  3757   552    0.060    0.687    1.277
31884  3839   514    0.304    0.660    1.110
31909  4100   561    0.595    0.473    1.123
31913  3583   537      NaN    0.000    0.000
31915  3516   628    0.033    0.693    1.533
31917  3508   669    0.071    0.673    1.600
31921  3592   593      NaN    0.743    1.647
31924  3592   624    0.005    0.700    1.567
31931  3706   583    0.044    0.727    1.363
31935  3751   626    0.035    0.490    1.067
31939  3794   656    0.138    0.620    1.103
31958  3971   645    0.101    0.577    1.280
31959  4016   632      NaN    0.000    0.000
31960  3578   772      NaN    0.000    0.000
31961  3581   686    0.046    0.660    1.527
31969  3451   824      NaN    0.000    0.000
31977  3591   755      NaN    0.590    1.363
31981  3704   677    0.046    0.613    1.210
31987  3699   768    0.838    0.463    1.217
31989  3798   796      NaN    0.000    0.000
31994  3828   720    1.776    0.513    1.107
32088  4709   106      NaN    0.000    0.000
32098  4828    89      NaN    0.000    0.000
32099  5011   152      NaN    0.000    0.000
32121  4727   227      NaN    0.000    0.000
32128  4711   331      NaN    0.000    0.000
32133  4795   300    0.769    0.517    0.720
32150  4785   343    1.137    0.000    0.000
44230   225    50    0.230    0.663    1.127
44231    20    42    0.322    0.673    1.077
44232   303    70    0.300    0.703    1.213
44237   156   165    0.263    0.730    1.180
44239   399   135    0.246    0.623    1.050
44241   680   122    0.408    0.607    1.107
44256  1614    51    0.219    0.660    1.000
44259  1631   216    0.111    0.710    1.150
44282   165   287    0.329    0.730    1.327
44284    16   371    0.063    0.700    0.947
44285   311   348    0.267    0.723    1.367
44287    78   434    0.170    0.807    1.447
44288   313   419    0.387    0.790    1.587
44292   770   234      NaN    0.000    0.000
44294   839   303    0.300    0.653    1.110
44298   921   399    0.367    0.763    1.373
44302  1358   249    0.124    0.657    0.967
44304  1192   302    0.128    0.713    1.143
44305  1489   372    0.159    0.723    1.340
44313  2086   268    0.242    0.680    1.193
44314  1752   318    0.301    0.720    1.407
44317  1722   460    0.549    0.697    1.523
44336   438   511      NaN    0.750    1.997
44341   705   475    0.047    0.753    1.593
44347   596   626      NaN    0.737    2.250
44352  1386   479    0.466    0.737    1.667
44354  1134   572    0.553    0.747    1.957
44358  1334   703    0.271    0.707    2.057
44373   496   720      NaN    0.000    0.000
45004  1588  3102      NaN    0.000    0.000
45005  1588  3103      NaN    0.000    0.000
45007  1560  3102      NaN    0.000    0.000
45011  1520  3118      NaN    0.000    0.000
45013  1520  3118      NaN    0.000    0.000
45018  1520  3122      NaN    0.000    0.000
45020  1517  3116      NaN    0.000    0.000
45031  1618  3075      NaN    1.627    3.853
45032  1586  3077    0.125    1.667    3.657
45033  1603  3077      NaN    1.820    4.520
45034  1595  3083    1.022    3.140    3.760
45035  1567  3085      NaN    0.000    0.000
45036  1608  3085      NaN    0.000    0.000
45037  1590  3087      NaN    0.000    0.000
45038  1565  3092      NaN    0.000    0.000
45039  1591  3092      NaN    0.000    0.000
45040  1599  3094      NaN    0.000    0.000
45041  1597  3102      NaN    0.000    0.000
45042  1558  3103      NaN    0.000    0.000
45043  1588  3109      NaN    0.000    0.000
45044  1571  3115      NaN    0.000    0.000
45045  1603  3116      NaN    0.000    0.000
47003  3406   862      NaN    0.700    1.597
47005  3171   918    1.646    0.490    0.937
47008  3340   921      NaN    0.000    0.000
47014  3012   921    1.608    0.677    1.113
47016  3156   964      NaN    0.000    0.000
47020  2980  1013    1.814    0.743    1.200
47022  3154  1030    2.011    0.703    1.247
47025  3271  1046      NaN    0.833    1.853
47028  2794  1071      NaN    0.887    1.507
47031  3053  1080    1.824    0.760    1.107
47035  2732  1110      NaN    0.000    0.000
47037  2829  1123    2.208    1.007    1.703
47039  2941  1102    1.861    0.933    1.430
47041  3087  1128    1.752    0.917    1.547
47046  3158  1117    1.912    0.000    0.000
47050  2874  1164      NaN    0.937    1.743
47052  2986  1209    2.178    0.827    1.287
47055  3074  1212      NaN    0.833    1.507
47058  2889  1229      NaN    0.000    0.000
47060  2844  1265      NaN    0.000    0.000
47061  3158  1263    2.561    0.000    0.000
47065  2887  1287      NaN    0.000    0.000
47067  2973  1289    1.916    0.887    1.533
47068  2788  1328    2.104    1.110    1.937
47069  2879  1341      NaN    0.853    1.733
47070  2976  1349    2.233    0.923    1.897
47075  3057  1298    2.038    0.747    1.343
47090  3200  1317      NaN    0.000    0.000
47092  3212  1338    2.731    0.790    1.797
47095  3059  1328    2.051    0.927    1.620
47097  3079  1427    1.973    1.030    1.997
47098  3032  1356      NaN    0.000    0.000
47099  2997  1358      NaN    0.000    0.000
47100  3217  1380    1.123    0.877    1.657
47101  3107  1356      NaN    0.000    0.000
47102  2760  1349      NaN    0.850    1.390
47104  3232  1367    2.782    0.680    1.450
47105  3236  1373      NaN    0.000    0.000
47106  3262  1401      NaN    0.000    0.000
47108  3019  1394      NaN    0.000    0.000
47110  3001  1394      NaN    0.000    0.000
47112  2982  1403      NaN    0.000    0.000
47113  2962  1405      NaN    0.997    2.047
47114  3131  1420    2.555    0.000    0.000
47115  3464  1401      NaN    1.163    2.480
47119  3023  1427      NaN    0.000    0.000
47121  3187  1436    0.686    1.047    1.710
47127  3131  1461      NaN    0.000    0.000
47129  2969  1481    2.106    0.900    2.153
47130  3296  1459      NaN    0.000    0.000
47131  3074  1498      NaN    0.000    0.000
47133  3066  1528      NaN    0.000    0.000
47135  3135  1545    0.892    1.040    1.907
47136  3215  1506    2.496    0.973    1.950
47137  3154  1524    2.190    1.047    1.930
47138  3292  1565      NaN    0.000    0.000
47140  2997  1569      NaN    0.000    0.000
47143  3206  1582      NaN    0.000    0.000
47145  3038  1483    2.328    0.927    2.083
47146  3042  1590      NaN    0.000    0.000
47150  2975  1532      NaN    0.917    2.217
47151  3288  1614      NaN    0.000    0.000
47152  3284  1619      NaN    0.000    0.000
47154  3172  1556      NaN    0.000    0.000
47155  3200  1662      NaN    0.000    0.000
47156  3012  1662      NaN    0.000    0.000
47157  3126  1606    2.938    0.967    1.913
47159  3253  1670      NaN    0.000    0.000
47162  3186  1698      NaN    0.000    0.000
47163  2954  1683      NaN    0.000    0.000
47165  2956  1702      NaN    0.000    0.000
47167  3094  1700      NaN    0.000    0.000
47168  3107  1711      NaN    0.000    0.000
47169  2851  1716      NaN    1.110    1.937
47170  2991  1750      NaN    1.533    2.063
47171  3010  1619      NaN    0.000    0.000
47172  2991  1632      NaN    0.953    2.260
47173  3062  1636    2.557    1.040    1.920
47174  3051  1674      NaN    0.897    2.070
47175  2948  1741    0.850    1.070    2.140
47182  2969  1847      NaN    0.000    0.000
47184  2971  1849      NaN    0.000    0.000
47185  2930  1873      NaN    0.000    0.000
47188  3010  1862      NaN    1.437    2.010
47189  2975  1879      NaN    0.000    0.000
47192  3150  1659      NaN    0.000    0.000
47401  4670   514      NaN    0.000    0.000
47402  4770   568    2.075    0.680    1.047
47404  4671   632      NaN    0.000    0.000
47405  4813   608      NaN    0.767    1.267
47406  4664   679      NaN    0.000    0.000
47407  4746   701      NaN    0.000    0.000
47409  4961   671      NaN    0.970    1.693
47411  4595   764      NaN    0.000    0.000
47412  4630   778      NaN    0.000    0.000
47413  4681   761      NaN    0.783    1.220
47417  4841   794      NaN    0.000    0.000
47418  4972   787      NaN    0.000    0.000
47421  4505   807      NaN    0.653    1.127
47423  4591   862      NaN    0.000    0.000
47424  4655   828      NaN    0.000    0.000
47426  4793   878    2.246    0.000    0.000
47428  4494   912      NaN    0.000    0.000
47430  4565   918      NaN    0.000    0.000
47433  4565   796      NaN    0.000    0.000
47435  4856   634      NaN    0.000    0.000
47440  4852   863      NaN    0.000    0.000
47512  4673  1226    3.059    0.853    1.720
47520  4516  1261    2.083    0.807    1.383
47570  4472  1403      NaN    0.000    0.000
47574  4474  1048      NaN    0.723    1.263
47575  4567  1030      NaN    0.000    0.000
47576  4617   977    1.931    0.663    1.243
47581  4651  1061      NaN    0.000    0.000
47582  4492  1153      NaN    0.000    0.000
47584  4612  1155      NaN    0.000    0.000
47585  4701  1160    1.412    0.710    1.497
47587  4464  1242      NaN    0.000    0.000
47588  4520  1317      NaN    0.000    0.000
47590  4582  1315      NaN    0.000    0.000
47592  4627  1296      NaN    0.000    0.000
47595  4533  1371      NaN    0.000    0.000
47597  4505  1442      NaN    0.000    0.000
47598  4582  1463      NaN    0.000    0.000
47600  4134  1412      NaN    0.000    0.000
47602  4283  1341      NaN    0.000    0.000
47604  4375  1354      NaN    0.000    0.000
47605  4104  1504      NaN    0.000    0.000
47606  4151  1479      NaN    0.000    0.000
47607  4167  1489      NaN    0.000    0.000
47610  4279  1494      NaN    0.000    0.000
47612  4285  1446    2.107    0.747    1.530
47615  4466  1507      NaN    0.000    0.000
47616  4057  1563      NaN    0.000    0.000
47617  4173  1552      NaN    0.000    0.000
47618  4253  1541      NaN    0.000    0.000
47620  4270  1563      NaN    0.000    0.000
47622  4319  1530      NaN    0.000    0.000
47624  4376  1524      NaN    0.000    0.000
47626  4412  1552      NaN    0.000    0.000
47629  4533  1526      NaN    0.000    0.000
47631  4040  1608      NaN    0.000    0.000
47632  4119  1636      NaN    0.000    0.000
47636  4141  1662      NaN    0.000    0.000
47637  4236  1623      NaN    0.000    0.000
47638  4319  1606      NaN    0.000    0.000
47639  4339  1640    3.760    0.000    0.000
47640  4343  1625      NaN    0.000    0.000
47641  4376  1571      NaN    0.000    0.000
47648  4576  1599      NaN    0.000    0.000
47649  4050  1707      NaN    0.000    0.000
47651  4091  1711      NaN    0.000    0.000
47653  4156  1722      NaN    0.000    0.000
47654  4225  1713      NaN    0.000    0.000
47655  4281  1726      NaN    0.000    0.000
47656  4302  1683      NaN    0.000    0.000
47657  4362  1668      NaN    0.000    0.000
47662  4455  1604      NaN    0.000    0.000
47663  4055  1786      NaN    1.103    1.630
47666  4352  1726      NaN    0.000    0.000
47668  4380  1675      NaN    0.853    2.167
47670  4442  1632      NaN    0.000    0.000
47672  4466  1683      NaN    0.000    0.000
47674  4516  1664      NaN    1.180    2.647
47675  4410  1709      NaN    0.000    0.000
47677  4427  1780      NaN    1.100    2.353
47678  4457  1892    1.382    1.287    2.550
47682  4492  1614      NaN    0.000    0.000
47684  4098  1688      NaN    0.000    0.000
47690  4425  1487      NaN    0.843    1.723
47740  3734  1547      NaN    0.920    1.813
47741  3704  1631      NaN    0.000    0.000
47742  3723  1619      NaN    0.000    0.000
47744  3734  1632      NaN    0.000    0.000
47746  3835  1627      NaN    0.000    0.000
47747  3900  1621    3.086    1.110    2.073
47750  3956  1631      NaN    1.000    1.823
47754  3518  1746      NaN    0.000    0.000
47755  3592  1692      NaN    0.000    0.000
47756  3811  1674      NaN    0.000    0.000
47759  4003  1679      NaN    0.000    0.000
47761  4061  1649      NaN    0.000    0.000
47762  3466  1799      NaN    0.000    0.000
47765  3637  1748      NaN    0.000    0.000
47766  3647  1767      NaN    0.000    0.000
47767  3725  1743      NaN    0.000    0.000
47768  3800  1718      NaN    0.000    0.000
47769  3884  1700      NaN    0.000    0.000
47770  3945  1715      NaN    0.000    0.000
47772  3979  1716      NaN    0.000    0.000
47776  3910  1756      NaN    0.917    2.227
47777  3940  1767      NaN    0.000    0.000
47778  4007  1855      NaN    1.033    2.007
47780  4014  1715      NaN    0.000    0.000
47784  3523  1774      NaN    0.000    0.000
47800  3283  1771      NaN    0.000    0.000
47805  3311  1864      NaN    0.000    0.000
47807  3404  1840      NaN    0.000    0.000
47809  3439  1832      NaN    0.000    0.000
47812  3331  1886      NaN    0.000    0.000
47813  3395  1875      NaN    0.000    0.000
47814  3466  1870      NaN    0.000    0.000
47815  3542  1879      NaN    0.000    0.000
47817  3346  1935      NaN    0.000    0.000
47818  3391  1935    2.259    1.403    2.077
47819  3439  1926      NaN    0.000    0.000
47821  3480  1918    2.623    1.013    2.010
47822  3546  1952      NaN    0.000    0.000
47823  3383  2013      NaN    0.000    0.000
47824  3445  1993      NaN    0.000    0.000
47827  3423  2067      NaN    0.000    0.000
47829  3482  2047      NaN    0.000    0.000
47830  3520  2024      NaN    0.000    0.000
47831  3395  2099    1.744    1.137    2.433
47835  3518  2064    3.745    0.997    2.233
47836  3436  2198      NaN    1.183    2.693
47837  3471  2161      NaN    0.000    0.000
47838  3365  1995      NaN    0.000    0.000
47842  3176  2019      NaN    0.000    0.000
47843  3230  1939      NaN    0.000    0.000
47887  3673  1810      NaN    0.000    0.000
47890  3781  1761      NaN    0.000    0.000
47891  3815  1758      NaN    0.000    0.000
47892  3647  1879      NaN    0.000    0.000
47893  3759  1842      NaN    0.000    0.000
47895  3872  1786      NaN    0.000    0.000
47897  3663  1914    3.179    0.000    0.000
47898  3699  1937      NaN    0.000    0.000
47899  3830  1877      NaN    0.000    0.000
47909  3305  2422      NaN    1.360    2.553
47912  2579  2861      NaN    2.873    3.233
47917  2663  2864      NaN    0.000    0.000
47918  2708  2876      NaN    0.000    0.000
47927  2833  2823      NaN    0.000    0.000
47929  3003  2652      NaN    1.960    3.240
47936  3102  2667      NaN    0.000    0.000
47940  3133  2622      NaN    0.000    0.000
47942  3215  2528      NaN    1.877    2.973
47945  3499  2708      NaN    2.877    3.627
47971  4726  2566      NaN    0.000    0.000
48803   445  3081    3.462    1.670    3.490
48806   438  3212    0.817    2.610    4.103
48808   701  3062    3.579    1.913    3.827
48820   651  3245      NaN    0.000    0.000
48823   690  3312    2.989    0.897    1.240
48826   744  3271    2.843    1.763    4.437
48830   759  3156    3.876    1.947    4.110
48839   865  3346      NaN    0.000    0.000
48921   212  3178    4.057    2.960    3.937
48924   165  3243    4.776    3.353    4.337
48925   225  3284    1.133    2.750    4.397
48927   475  3314    3.897    2.503    3.943
50527  2213    89      NaN    0.000    0.000
50548  2657    91      NaN    0.673    1.193
50557  2827    94    0.549    0.713    1.210
50564  3064    64    0.407    0.680    1.113
50603  1884   150    0.080    0.730    1.203
50632  2456   139    0.012    0.473    0.760
50658  2900   219    0.492    0.000    0.000
50727  2234   318    1.036    0.613    0.960
50745  2680   294      NaN    0.000    0.000
50756  3021   288    0.633    0.690    1.303
50774  3238   257    1.462    0.507    1.010
50788  3583   311    0.628    0.757    1.353
50844  2624   404    1.100    0.690    1.887
50854  2836   406    0.974    0.680    1.737
50888  3606   414    0.950    0.720    1.443
50915  1901   503    0.797    0.733    1.670
50949  2786   552    1.116    0.693    1.793
50953  2999   477    1.023    0.697    1.623
50963  3219   453    0.875    0.720    1.473
50968  3133   537      NaN    0.000    0.000
50978  3466   527      NaN    0.000    0.000
50983  3693   475      NaN    0.000    0.000
52267   120   903      NaN    0.000    0.000
52378   266   968      NaN    0.000    0.000
52495   505  1037      NaN    0.000    0.000
52652    50  1240      NaN    0.000    0.000
52681   346  1274    1.599    0.743    2.877
52754    16  1420    1.811    1.087    2.370
52787   322  1435    1.911    0.983    2.147
52866   199  1500      NaN    0.000    0.000
52889   436  1563      NaN    0.000    0.000
52955    85  1616    2.083    1.027    2.790
52983   466  1584    2.075    0.857    2.300
52996   561  1638    2.124    1.043    1.883
53068  1345   712      NaN    0.723    2.177
53083  1586   604    0.486    0.723    1.630
53149  1136   837      NaN    0.687    2.410
53192  1675   671    0.545    0.750    1.727
53231   716   959      NaN    0.000    0.000
53276  1446   852      NaN    0.753    2.043
53336   955   946      NaN    0.687    2.463
53352  1170   931    1.298    0.747    2.147
53391  1569   908    1.393    0.820    2.043
53463  1310  1030      NaN    0.000    0.000
53480  1464  1005    1.601    0.817    2.073
53487  1494  1110      NaN    0.000    0.000
53502   645  1145      NaN    0.583    2.860
53513   830  1035      NaN    0.000    0.000
53529   895  1222      NaN    0.903    2.483
53543  1119  1140      NaN    0.000    0.000
53564  1250  1190      NaN    0.880    2.330
53588  1515  1239    0.478    0.957    1.963
53593  1632  1140      NaN    0.000    0.000
53614   695  1293    1.637    0.840    2.400
53646  1097  1315    1.651    0.937    2.243
53673  1423  1261      NaN    0.000    0.000
53698  1616  1341      NaN    0.000    0.000
53705   638  1403    1.928    0.867    2.467
53723   828  1367    1.607    0.983    2.217
53764  1244  1401      NaN    0.000    0.000
53772  1407  1369      NaN    0.000    0.000
53787  1455  1450    2.135    0.913    1.960
53798  1625  1450      NaN    0.000    0.000
53845  1065  1502    2.581    1.047    2.310
53863  1336  1453      NaN    0.000    0.000
53898  1614  1563    2.641    0.797    2.573
53915   748  1619      NaN    0.000    0.000
53923   856  1599      NaN    0.000    0.000
53959  1239  1675    2.099    0.973    2.150
53975  1390  1627      NaN    0.000    0.000
54012  1972   608    0.614    0.763    1.563
54026  2342   610      NaN    0.660    2.203
54027  2174   675    1.233    0.693    1.917
54049  2685   645    1.115    0.687    1.960
54094  3316   610      NaN    0.000    0.000
54096  3490   630      NaN    0.000    0.000
54102  1806   679    0.810    0.740    1.710
54115  2024   718    1.140    0.743    1.940
54135  2495   718      NaN    0.610    2.260
54157  2726   764    1.228    0.743    1.960
54161  2825   684      NaN    0.000    0.000
54186  3159   744      NaN    0.000    0.000
54208  1845   876    1.314    0.757    1.867
54218  2125   867      NaN    0.000    0.000
54226  2319   860    1.450    0.587    2.237
54236  2525   850    1.512    0.633    2.347
54259  2795   886    1.498    0.743    1.523
54273  2997   787    1.039    0.697    1.300
54292  3305   800    1.326    0.657    1.487
54308  1864   987    1.952    0.720    2.280
54311  1989   904      NaN    0.000    0.000
54324  2291   947    1.757    0.540    2.537
54337  2366   994      NaN    0.000    0.000
54342  2635   927    1.061    0.637    1.830
54346  2665   974      NaN    0.000    0.000
54374  3016   929    0.063    0.573    1.083
54377  2930   998    1.715    0.687    1.220
54386  3156   970    1.583    0.700    1.143
54401  1668  1033      NaN    0.000    0.000
54405  1737  1074      NaN    0.000    0.000
54423  2011  1011      NaN    0.000    0.000
54436  2123  1076    2.311    0.573    2.453
54471  2484  1046      NaN    0.000    0.000
54493  2777  1041    1.855    0.917    1.593
54497  2726  1115      NaN    0.000    0.000
54511  1825  1128      NaN    0.000    0.000
54527  1924  1222      NaN    0.000    0.000
54534  2028  1160      NaN    0.000    0.000
54539  2118  1184      NaN    0.000    0.000
54587  2601  1227      NaN    0.000    0.000
54602  1744  1250      NaN    0.000    0.000
54618  1855  1336      NaN    0.000    0.000
54662  2424  1244      NaN    0.000    0.000
54715  1856  1420      NaN    0.000    0.000
54725  1965  1401    2.460    0.580    2.573
54751  2321  1352      NaN    0.000    0.000
54753  2276  1388      NaN    0.000    0.000
54776  2542  1412      NaN    1.077    2.227
54808  1756  1543    2.888    0.753    2.597
54823  1911  1502    2.484    0.797    2.630
54826  1916  1541      NaN    0.000    0.000
54836  2034  1548      NaN    0.000    0.000
54843  2150  1483      NaN    0.000    0.000
54857  2278  1562      NaN    0.000    0.000
54863  2374  1483    2.352    0.780    2.100
54909  1744  1674    3.100    0.770    2.490
54916  1888  1618      NaN    0.000    0.000
54929  2011  1653    2.327    0.833    2.190
54945  2189  1632    2.668    0.000    0.000
56065   180  1711    1.027    0.983    1.543
56079   333  1840    2.372    1.260    2.317
56080   326  1681    2.629    1.160    2.100
56096   552  1860    2.271    0.000    0.000
56146     1  2060    2.542    1.070    2.890
56152    38  1985    2.209    1.177    2.500
56167   126  2131    2.506    1.073    2.910
56172   251  2028    1.463    1.067    2.703
56182   400  1944    3.457    1.380    2.457
56187   430  2163      NaN    0.927    1.963
56193   507  1970    2.052    1.120    1.610
56196   531  2079      NaN    0.000    0.000
56257    31  2241    2.498    0.997    3.133
56287   337  2243    2.670    1.603    2.523
56357    35  2347    2.861    1.023    3.137
56374   221  2235    0.605    0.817    2.617
56385   374  2295    3.159    1.347    2.020
56462   169  2353    0.919    0.530    2.847
56492   516  2375    1.970    1.163    3.423
56571   255  2476      NaN    0.000    0.000
56586   421  2540    3.014    1.247    3.017
56651    25  2596    4.256    0.467    3.620
56671   253  2616    4.035    0.777    4.323
56684   369  2642    4.447    1.243    3.547
56691   481  2592    3.621    1.373    3.190
56751    22  2723      NaN    0.810    3.320
56763   210  2719    0.078    1.023    3.430
56768   171  2799    0.740    1.797    3.260
56778   302  2799      NaN    0.000    0.000
56786   430  2736    3.266    1.060    3.243
56886   423  2853    3.450    1.553    3.503
56951    25  2919      NaN    2.510    3.700
56959    89  3137      NaN    0.000    0.000
56964   111  3051    4.451    1.763    3.620
56966   223  2958    0.196    1.457    3.317
56969   178  3193    1.892    2.570    4.160
56977   204  3068    4.241    2.620    3.743
56985   380  2982      NaN    0.000    0.000
57006   645  1728      NaN    0.000    0.000
57014   658  1730      NaN    0.000    0.000
57016   800  1754      NaN    0.000    0.000
57025   828  1735    3.199    0.913    1.870
57046  1130  1739    3.158    1.143    2.323
57067  1237  1787    2.202    0.967    1.760
57071  1394  1702    2.416    0.840    2.327
57083  1530  1713      NaN    0.000    0.000
57127   789  1898    2.557    0.000    0.000
57131  1005  1744      NaN    1.090    2.580
57178  1410  1901      NaN    0.000    0.000
57193  1627  1817    3.167    0.687    3.007
57237   901  2010    3.484    1.253    1.923
57245  1013  1937      NaN    0.000    0.000
57259  1207  2013    2.788    0.923    1.930
57265  1308  1974      NaN    0.000    0.000
57279  1420  2000    2.686    0.820    2.700
57290  1571  1905      NaN    0.000    0.000
57297  1575  2002      NaN    0.000    0.000
57306   669  2064      NaN    1.260    2.620
57328   841  2107      NaN    0.000    0.000
57348  1069  2127    2.925    1.380    2.200
57378  1408  2110      NaN    0.843    2.900
57399  1677  2108    2.746    0.860    2.883
57411   682  2151      NaN    0.000    0.000
57426   875  2164    2.686    1.377    2.337
57447  1061  2209    2.364    1.283    1.900
57461  1267  2163      NaN    0.000    0.000
57476  1362  2202      NaN    0.000    0.000
57494  1584  2172      NaN    0.000    0.000
57503   574  2284    2.486    1.147    2.710
57504   567  2288      NaN    0.000    0.000
57516   725  2288      NaN    0.000    0.000
57554  1140  2308    3.325    1.150    2.250
57584  1466  2310      NaN    0.000    0.000
57598  1634  2349    1.388    1.290    2.927
57602   610  2366      NaN    0.000    0.000
57604   604  2377    2.197    1.230    2.767
57633   983  2372    3.406    1.367    2.100
57655  1166  2413    3.676    1.167    2.990
57662  1310  2347      NaN    0.000    0.000
57687  1442  2439      NaN    0.000    0.000
57707   587  2543    3.612    1.423    2.760
57712   779  2495    2.345    1.423    2.277
57713   772  2499    2.587    1.433    2.413
57731   925  2471    3.309    1.470    2.413
57745  1086  2527    3.545    1.343    3.100
57766  1285  2551    3.600    1.377    3.360
57776  1423  2543    2.872    1.733    3.200
57793  1612  2487    3.551    0.000    0.000
57799  1677  2564      NaN    0.000    0.000
57816   755  2624      NaN    0.000    0.000
57832   972  2581    3.825    1.583    3.010
57845  1097  2670    3.819    1.500    3.017
57853  1192  2607    3.327    1.537    3.167
57866  1302  2663      NaN    0.000    0.000
57902   582  2752    3.098    1.863    2.897
57916   759  2752    3.193    1.670    2.977
57922   847  2708    3.367    1.600    2.767
57932   957  2693    3.754    1.807    3.203
57957  1155  2764    3.151    1.523    3.557
57972  1461  2711    3.312    1.483    3.597
57993  1681  2704    3.609    1.573    3.260
58027  1922  1761      NaN    0.000    0.000
58040  2144  1698      NaN    0.000    0.000
58102  1767  1806      NaN    0.000    0.000
58141  2133  1830    2.245    0.980    2.367
58144  2133  1838      NaN    0.000    0.000
58150  2269  1819    2.535    1.097    2.657
58203  1763  1920    2.447    0.853    2.517
58208  1750  1998    2.290    0.880    2.660
58221  1948  1914    2.514    0.987    2.370
58238  2118  2024    2.615    1.227    2.400
58251  2273  1922      NaN    0.000    0.000
58265  2420  2010    2.492    0.000    0.000
58314  1830  2084      NaN    0.000    0.000
58321  1939  2041    2.215    1.233    2.523
58338  2082  2112    2.853    1.250    2.563
58345  2183  2080      NaN    0.000    0.000
58362  2403  2082      NaN    0.000    0.000
58424  1911  2181      NaN    0.000    0.000
58437  2034  2226    4.134    1.200    2.643
58457  2260  2215      NaN    0.000    0.000
58472  2515  2159      NaN    0.000    0.000
58477  2478  2237    0.586    0.000    0.000
58506  1791  2288    1.492    1.083    3.123
58527  1927  2319      NaN    0.000    0.000
58543  2131  2284      NaN    0.000    0.000
58556  2332  2286      NaN    0.000    0.000
58569  2459  2331      NaN    0.000    0.000
58606  1784  2398    2.974    1.210    3.233
58633  2114  2357      NaN    0.000    0.000
58646  2232  2415    3.580    1.497    2.373
58660  2368  2370      NaN    0.000    0.000
58666  2452  2415      NaN    1.490    2.300
58715  1866  2512    3.492    1.510    3.240
58725  1957  2540    1.688    1.570    2.677
58730  2021  2491    1.772    1.267    2.710
58731  2077  2474    3.169    1.217    2.597
58752  2314  2489    2.881    0.000    0.000
58754  2263  2540      NaN    0.000    0.000
58813  1830  2594    3.206    1.337    3.063
58834  2034  2618      NaN    1.847    2.737
58847  2161  2680      NaN    0.000    0.000
58849  2234  2670      NaN    2.200    2.970
58853  2319  2577      NaN    0.000    0.000
58911  1834  2706    3.684    1.353    3.027
58921  1944  2693    3.764    0.000    0.000
58926  1950  2767      NaN    1.920    2.853
58931  2028  2721    3.591    1.837    2.743
58944  2217  2743    2.049    0.000    0.000
58968  2411  2797      NaN    0.000    0.000
58974  2472  2730      NaN    0.000    0.000
59007   568  2906    3.834    1.677    3.267
59023   901  2835    4.123    1.710    3.680
59046  1054  2874      NaN    0.000    0.000
59058  1179  2891    4.068    1.587    3.910
59072  1386  2823      NaN    0.000    0.000
59082  1524  2838    3.781    1.870    3.480
59087  1515  2926      NaN    0.000    0.000
59096  1623  2872    4.154    1.780    3.427
59102  1754  2807    3.029    1.443    3.243
59117  1806  2879      NaN    0.000    0.000
59134  2026  2859      NaN    0.000    0.000
59152  2349  2823      NaN    0.000    0.000
59158  2318  2896      NaN    0.000    0.000
59162  2437  2827      NaN    0.000    0.000
59209   667  2991    4.818    1.933    3.547
59211   740  2924    3.047    1.510    3.587
59254  1130  2980      NaN    0.000    0.000
59265  1267  2971    3.951    1.490    4.373
59278  1397  3019    4.142    0.000    0.000
59287  1494  3006      NaN    0.000    0.000
59293  1651  2935    3.972    1.510    3.597
59316  1870  2980      NaN    0.000    0.000
59348  2204  2995      NaN    1.333    4.707
59353  2331  2967    4.169    2.253    3.590
59358  2265  3025      NaN    0.000    0.000
59362  2422  2911      NaN    0.000    0.000
59368  2394  3014      NaN    0.000    0.000
59417   757  3096    3.325    2.853    4.280
59431   921  3066    3.425    1.843    4.127
59456  1226  3098    3.958    1.680    4.033
59493  1580  3075      NaN    0.000    0.000
59501  1722  3049      NaN    0.000    0.000
59554  2271  3068      NaN    0.000    0.000
59556  2342  3098      NaN    0.000    0.000
59559  2325  3137    0.913    2.247    3.557
59562  2370  3053      NaN    0.000    0.000
59567  2415  3133    0.061    0.000    0.000
59632   966  3143    3.375    1.747    4.367
59644  1020  3195      NaN    0.000    0.000
59658  1155  3232    0.107    2.157    4.100
59663  1341  3156    3.147    1.783    4.013
59673  1431  3167      NaN    0.000    0.000
59758  1149  3361      NaN    0.000    0.000
59792  1873  3286      NaN    0.000    0.000
