30949  1341    50    2.956    0.832    1.361
30967  1765    12    2.373    0.803    0.994
30978  2060    20    2.619    0.690    0.755
31583  3352    25    0.414    0.574    0.594
31587  3210    44    2.258    0.694    0.742
31594  3370    66    0.424    0.548    0.571
31618  3637   111      NaN    0.655    0.677
31624  3723    68    2.175    0.797    0.945
31632  3880     8    1.952    0.706    0.813
31636  3891    51    1.042    0.823    0.916
31655  4096    63      NaN    0.597    0.632
31702  3482   113    1.607    0.600    0.629
31703  3555   113    1.021    0.581    0.600
31707  3469   255    2.519    0.687    0.729
31710  3654   231    1.124    0.632    0.652
31713  3691   143    0.413    0.584    0.606
31725  3790   156    0.443    0.535    0.561
31733  4020   134      NaN    0.806    0.868
31735  3940   167    2.219    0.674    0.745
31754  4151   158    2.264    0.565    0.658
31770  4515   113      NaN    0.829    0.910
31786  3900   275    0.616    0.674    0.700
31788  3846   320    0.005    0.668    0.687
31792  3992   251    0.457    0.623    0.639
31801  4054   262    1.344    0.655    0.677
31823  4429   229      NaN    0.000    0.000
31825  4302   270    1.562    0.803    0.968
31829  4367   302      NaN    0.000    0.000
31832  3839   359      NaN    0.761    0.787
31845  3956   389    2.034    1.039    1.119
31866  4294   389    3.714    0.971    1.248
31873  3779   464    0.719    0.648    0.690
31878  3757   552    0.373    0.835    0.910
31884  3839   514    0.108    0.742    0.781
31909  4100   561      NaN    0.984    1.610
31913  3583   537      NaN    0.000    0.000
31915  3516   628    1.609    1.242    1.648
31917  3508   669    1.729    1.235    1.968
31921  3592   593      NaN    0.916    1.310
31924  3592   624    1.540    1.026    1.519
31931  3706   583    0.223    0.945    1.065
31935  3751   626      NaN    1.329    1.419
31939  3794   656    0.005    1.281    1.358
31958  3971   645    1.529    0.913    1.252
31959  4016   632      NaN    0.000    0.000
31960  3578   772      NaN    0.000    0.000
31961  3581   686    0.726    1.048    1.690
31969  3451   824      NaN    0.000    0.000
31977  3591   755      NaN    1.071    2.135
31981  3704   677    0.005    1.042    1.194
31987  3699   768    2.890    0.858    1.971
31989  3798   796      NaN    0.000    0.000
31994  3828   720    3.833    1.100    1.477
32088  4709   106      NaN    0.000    0.000
32098  4828    89      NaN    0.000    0.000
32099  5011   152      NaN    0.000    0.000
32121  4727   227      NaN    0.000    0.000
32128  4711   331      NaN    0.000    0.000
32133  4795   300    1.085    1.019    1.197
32150  4785   343    1.386    0.000    0.000
44230   225    50    2.696    0.981    2.087
44231    20    42    2.564    1.181    1.784
44232   303    70    2.572    0.861    2.016
44237   156   165    2.334    1.065    2.300
44239   399   135    2.277    1.029    2.171
44241   680   122    2.617    0.965    1.706
44256  1614    51    2.527    0.877    1.410
44259  1631   216    2.838    0.932    1.765
44282   165   287    2.849    0.774    2.900
44284    16   371    2.255    0.871    2.632
44285   311   348    2.780    0.852    2.865
44287    78   434    2.588    0.713    3.429
44288   313   419    2.424    0.742    3.326
44292   770   234      NaN    0.000    0.000
44294   839   303    2.534    0.852    2.148
44298   921   399    2.285    0.668    2.416
44302  1358   249    2.322    0.897    1.819
44304  1192   302    2.345    0.903    2.216
44305  1489   372    2.738    0.923    2.335
44313  2086   268    2.451    0.523    0.594
44314  1752   318    2.168    0.703    1.542
44317  1722   460    2.555    0.787    1.987
44336   438   511      NaN    0.429    3.813
44341   705   475    2.126    0.587    3.300
44347   596   626      NaN    0.300    4.116
44352  1386   479    2.629    0.713    2.842
44354  1134   572    2.545    0.342    3.655
44358  1334   703    2.369    0.339    3.687
44373   496   720      NaN    0.000    0.000
45004  1588  3102      NaN    0.000    0.000
45005  1588  3103      NaN    0.000    0.000
45007  1560  3102      NaN    0.000    0.000
45011  1520  3118      NaN    0.000    0.000
45013  1520  3118      NaN    0.000    0.000
45018  1520  3122      NaN    0.000    0.000
45020  1517  3116      NaN    0.000    0.000
45031  1618  3075      NaN    1.603    5.313
45032  1586  3077    0.076    1.545    4.948
45033  1603  3077      NaN    1.555    5.529
45034  1595  3083    0.735    3.529    4.929
45035  1567  3085      NaN    0.000    0.000
45036  1608  3085      NaN    0.000    0.000
45037  1590  3087      NaN    0.000    0.000
45038  1565  3092      NaN    0.000    0.000
45039  1591  3092      NaN    0.000    0.000
45040  1599  3094      NaN    0.000    0.000
45041  1597  3102      NaN    0.000    0.000
45042  1558  3103      NaN    0.000    0.000
45043  1588  3109      NaN    0.000    0.000
45044  1571  3115      NaN    0.000    0.000
45045  1603  3116      NaN    0.000    0.000
47003  3406   862      NaN    1.074    2.616
47005  3171   918    1.262    1.081    1.274
47008  3340   921      NaN    0.000    0.000
47014  3012   921    3.579    1.052    1.197
47016  3156   964      NaN    0.000    0.000
47020  2980  1013    2.955    1.039    1.371
47022  3154  1030    3.605    1.071    1.532
47025  3271  1046      NaN    1.139    3.097
47028  2794  1071      NaN    1.416    2.410
47031  3053  1080    3.379    1.332    1.635
47035  2732  1110      NaN    0.000    0.000
47037  2829  1123    4.674    1.242    2.523
47039  2941  1102    4.582    1.423    2.481
47041  3087  1128    4.388    1.174    2.677
47046  3158  1117      NaN    0.000    0.000
47050  2874  1164      NaN    1.203    2.848
47052  2986  1209    4.801    1.361    2.642
47055  3074  1212      NaN    1.187    3.194
47058  2889  1229      NaN    0.000    0.000
47060  2844  1265      NaN    0.000    0.000
47061  3158  1263    5.139    0.000    0.000
47065  2887  1287      NaN    0.000    0.000
47067  2973  1289    4.485    1.355    2.861
47068  2788  1328    4.806    1.500    2.532
47069  2879  1341    4.543    1.219    2.913
47070  2976  1349    4.655    1.329    3.071
47075  3057  1298    4.914    1.390    2.810
47090  3200  1317      NaN    0.000    0.000
47092  3212  1338    5.238    0.894    3.200
47095  3059  1328    4.759    1.381    2.919
47097  3079  1427    4.554    1.252    3.219
47098  3032  1356      NaN    0.000    0.000
47099  2997  1358      NaN    0.000    0.000
47100  3217  1380    0.849    1.306    3.152
47101  3107  1356      NaN    0.000    0.000
47102  2760  1349      NaN    1.184    2.413
47104  3232  1367    4.921    0.829    2.942
47105  3236  1373      NaN    0.000    0.000
47106  3262  1401      NaN    0.000    0.000
47108  3019  1394      NaN    0.000    0.000
47110  3001  1394      NaN    0.000    0.000
47112  2982  1403      NaN    0.000    0.000
47113  2962  1405      NaN    1.235    2.568
47114  3131  1420    4.522    0.000    0.000
47115  3464  1401      NaN    1.845    3.406
47119  3023  1427      NaN    0.000    0.000
47121  3187  1436    2.696    1.416    3.126
47127  3131  1461      NaN    0.000    0.000
47129  2969  1481    4.631    1.306    3.203
47130  3296  1459      NaN    0.000    0.000
47131  3074  1498      NaN    0.000    0.000
47133  3066  1528      NaN    0.000    0.000
47135  3135  1545    2.736    1.174    3.345
47136  3215  1506    4.979    1.077    3.374
47137  3154  1524    4.834    1.203    3.258
47138  3292  1565      NaN    0.000    0.000
47140  2997  1569      NaN    0.000    0.000
47143  3206  1582      NaN    0.000    0.000
47145  3038  1483    4.798    1.155    3.294
47146  3042  1590      NaN    0.000    0.000
47150  2975  1532    5.270    1.197    3.358
47151  3288  1614      NaN    0.000    0.000
47152  3284  1619      NaN    0.000    0.000
47154  3172  1556      NaN    0.000    0.000
47155  3200  1662      NaN    0.000    0.000
47156  3012  1662      NaN    0.000    0.000
47157  3126  1606    4.842    0.948    3.423
47159  3253  1670      NaN    0.000    0.000
47162  3186  1698      NaN    0.000    0.000
47163  2954  1683      NaN    0.000    0.000
47165  2956  1702      NaN    0.000    0.000
47167  3094  1700      NaN    0.000    0.000
47168  3107  1711      NaN    0.000    0.000
47169  2851  1716      NaN    1.481    2.765
47170  2991  1750      NaN    1.816    3.358
47171  3010  1619      NaN    0.000    0.000
47172  2991  1632      NaN    0.861    3.690
47173  3062  1636    5.014    1.081    3.316
47174  3051  1674      NaN    0.910    3.568
47175  2948  1741    3.384    1.139    3.400
47182  2969  1847      NaN    0.000    0.000
47184  2971  1849      NaN    0.000    0.000
47185  2930  1873      NaN    0.000    0.000
47188  3010  1862      NaN    1.287    3.223
47189  2975  1879      NaN    0.000    0.000
47192  3150  1659      NaN    0.000    0.000
47401  4670   514      NaN    0.000    0.000
47402  4770   568    2.448    1.035    1.174
47404  4671   632      NaN    0.000    0.000
47405  4813   608    1.990    1.284    1.435
47406  4664   679      NaN    0.000    0.000
47407  4746   701      NaN    0.000    0.000
47409  4961   671      NaN    1.352    1.784
47411  4595   764      NaN    0.000    0.000
47412  4630   778      NaN    0.000    0.000
47413  4681   761      NaN    1.013    1.113
47417  4841   794      NaN    0.000    0.000
47418  4972   787      NaN    0.000    0.000
47421  4505   807      NaN    1.184    1.626
47423  4591   862      NaN    0.000    0.000
47424  4655   828      NaN    0.000    0.000
47426  4793   878    2.941    0.000    0.000
47428  4494   912      NaN    0.000    0.000
47430  4565   918      NaN    0.000    0.000
47433  4565   796      NaN    0.000    0.000
47435  4856   634      NaN    0.000    0.000
47440  4852   863      NaN    0.000    0.000
47512  4673  1226    4.908    0.997    2.423
47520  4516  1261    2.632    0.929    1.639
47570  4472  1403      NaN    0.000    0.000
47574  4474  1048      NaN    1.126    2.055
47575  4567  1030      NaN    0.000    0.000
47576  4617   977    2.820    0.919    1.713
47581  4651  1061      NaN    0.000    0.000
47582  4492  1153      NaN    0.000    0.000
47584  4612  1155      NaN    0.000    0.000
47585  4701  1160    3.119    0.958    2.448
47587  4464  1242      NaN    0.000    0.000
47588  4520  1317      NaN    0.000    0.000
47590  4582  1315      NaN    0.000    0.000
47592  4627  1296      NaN    0.000    0.000
47595  4533  1371      NaN    0.000    0.000
47597  4505  1442      NaN    0.000    0.000
47598  4582  1463      NaN    0.000    0.000
47600  4134  1412      NaN    0.000    0.000
47602  4283  1341      NaN    0.000    0.000
47604  4375  1354      NaN    0.000    0.000
47605  4104  1504      NaN    0.000    0.000
47606  4151  1479      NaN    0.000    0.000
47607  4167  1489      NaN    0.000    0.000
47610  4279  1494      NaN    0.000    0.000
47612  4285  1446    3.243    1.232    2.381
47615  4466  1507      NaN    0.000    0.000
47616  4057  1563      NaN    0.000    0.000
47617  4173  1552      NaN    0.000    0.000
47618  4253  1541      NaN    0.000    0.000
47620  4270  1563      NaN    0.000    0.000
47622  4319  1530      NaN    0.000    0.000
47624  4376  1524      NaN    0.000    0.000
47626  4412  1552      NaN    0.000    0.000
47629  4533  1526      NaN    0.000    0.000
47631  4040  1608      NaN    0.000    0.000
47632  4119  1636      NaN    0.000    0.000
47636  4141  1662      NaN    0.000    0.000
47637  4236  1623      NaN    0.000    0.000
47638  4319  1606      NaN    0.000    0.000
47639  4339  1640      NaN    0.000    0.000
47640  4343  1625      NaN    0.000    0.000
47641  4376  1571      NaN    0.000    0.000
47648  4576  1599      NaN    0.000    0.000
47649  4050  1707      NaN    0.000    0.000
47651  4091  1711      NaN    0.000    0.000
47653  4156  1722      NaN    0.000    0.000
47654  4225  1713      NaN    0.000    0.000
47655  4281  1726      NaN    0.000    0.000
47656  4302  1683      NaN    0.000    0.000
47657  4362  1668      NaN    0.000    0.000
47662  4455  1604      NaN    0.000    0.000
47663  4055  1786      NaN    1.139    3.132
47666  4352  1726      NaN    0.000    0.000
47668  4380  1675      NaN    1.129    3.703
47670  4442  1632      NaN    0.000    0.000
47672  4466  1683      NaN    0.000    0.000
47674  4516  1664      NaN    1.419    3.697
47675  4410  1709    3.384    0.000    0.000
47677  4427  1780      NaN    2.348    3.329
47678  4457  1892    1.163    1.797    3.387
47682  4492  1614      NaN    0.000    0.000
47684  4098  1688      NaN    0.000    0.000
47690  4425  1487      NaN    1.461    2.942
47740  3734  1547      NaN    1.374    3.084
47741  3704  1631      NaN    0.000    0.000
47742  3723  1619      NaN    0.000    0.000
47744  3734  1632      NaN    0.000    0.000
47746  3835  1627      NaN    0.000    0.000
47747  3900  1621    4.804    1.387    3.184
47750  3956  1631      NaN    1.268    3.106
47754  3518  1746      NaN    0.000    0.000
47755  3592  1692      NaN    0.000    0.000
47756  3811  1674      NaN    0.000    0.000
47759  4003  1679      NaN    0.000    0.000
47761  4061  1649      NaN    0.000    0.000
47762  3466  1799      NaN    0.000    0.000
47765  3637  1748      NaN    0.000    0.000
47766  3647  1767      NaN    0.000    0.000
47767  3725  1743      NaN    0.000    0.000
47768  3800  1718      NaN    0.000    0.000
47769  3884  1700      NaN    0.000    0.000
47770  3945  1715      NaN    0.000    0.000
47772  3979  1716      NaN    0.000    0.000
47776  3910  1756      NaN    1.142    3.523
47777  3940  1767      NaN    0.000    0.000
47778  4007  1855      NaN    1.319    3.413
47780  4014  1715      NaN    0.000    0.000
47784  3523  1774      NaN    0.000    0.000
47800  3283  1771      NaN    0.000    0.000
47805  3311  1864      NaN    0.000    0.000
47807  3404  1840      NaN    0.000    0.000
47809  3439  1832      NaN    0.000    0.000
47812  3331  1886      NaN    0.000    0.000
47813  3395  1875      NaN    0.000    0.000
47814  3466  1870      NaN    0.000    0.000
47815  3542  1879      NaN    0.000    0.000
47817  3346  1935      NaN    0.000    0.000
47818  3391  1935    5.357    1.745    3.419
47819  3439  1926      NaN    0.000    0.000
47821  3480  1918    3.581    0.942    3.403
47822  3546  1952      NaN    0.000    0.000
47823  3383  2013      NaN    0.000    0.000
47824  3445  1993      NaN    0.000    0.000
47827  3423  2067      NaN    0.000    0.000
47829  3482  2047      NaN    0.000    0.000
47830  3520  2024      NaN    0.000    0.000
47831  3395  2099      NaN    1.361    3.600
47835  3518  2064    5.820    1.065    3.603
47836  3436  2198      NaN    1.542    3.806
47837  3471  2161      NaN    0.000    0.000
47838  3365  1995      NaN    0.000    0.000
47842  3176  2019      NaN    0.000    0.000
47843  3230  1939      NaN    0.000    0.000
47887  3673  1810      NaN    0.000    0.000
47890  3781  1761      NaN    0.000    0.000
47891  3815  1758      NaN    0.000    0.000
47892  3647  1879      NaN    0.000    0.000
47893  3759  1842      NaN    0.000    0.000
47895  3872  1786      NaN    0.000    0.000
47897  3663  1914    5.952    0.000    0.000
47898  3699  1937      NaN    0.000    0.000
47899  3830  1877      NaN    0.000    0.000
47909  3305  2422      NaN    1.745    4.210
47912  2579  2861      NaN    4.052    4.855
47917  2663  2864      NaN    0.000    0.000
47918  2708  2876      NaN    0.000    0.000
47927  2833  2823      NaN    0.000    0.000
47929  3003  2652      NaN    2.581    4.777
47936  3102  2667      NaN    0.000    0.000
47940  3133  2622      NaN    0.000    0.000
47942  3215  2528      NaN    2.335    4.287
47945  3499  2708      NaN    2.635    4.200
47971  4726  2566      NaN    0.000    0.000
48803   445  3081    4.826    1.413    5.429
48806   438  3212    0.221    2.103    5.732
48808   701  3062    4.658    2.497    4.487
48820   651  3245      NaN    0.000    0.000
48823   690  3312    4.521    0.806    1.377
48826   744  3271    4.743    2.539    5.042
48830   759  3156    4.280    2.426    4.571
48839   865  3346      NaN    0.000    0.000
48921   212  3178    1.993    3.535    5.506
48924   165  3243    4.364    4.265    5.800
48925   225  3284    1.566    2.077    5.748
48927   475  3314    1.535    2.177    5.755
50527  2213    89      NaN    0.000    0.000
50548  2657    91      NaN    0.739    0.784
50557  2827    94    3.262    0.835    0.916
50564  3064    64    2.614    0.639    0.668
50603  1884   150    2.403    1.032    1.326
50632  2456   139    0.630    0.581    0.610
50658  2900   219    2.950    0.000    0.000
50727  2234   318    2.713    0.855    0.919
50745  2680   294      NaN    0.000    0.000
50756  3021   288    3.028    0.674    0.726
50774  3238   257    3.745    0.755    1.045
50788  3583   311    2.270    0.755    0.819
50844  2624   404    3.136    0.935    2.045
50854  2836   406    2.682    0.945    1.345
50888  3606   414    3.012    1.065    1.165
50915  1901   503    3.110    0.977    2.361
50949  2786   552    3.475    0.935    1.897
50953  2999   477    3.094    1.081    1.561
50963  3219   453    3.005    0.826    0.890
50968  3133   537      NaN    0.000    0.000
50978  3466   527      NaN    0.000    0.000
50983  3693   475      NaN    0.000    0.000
52267   120   903      NaN    0.000    0.000
52378   266   968      NaN    0.000    0.000
52495   505  1037      NaN    0.000    0.000
52652    50  1240      NaN    0.000    0.000
52681   346  1274    3.060    0.055    5.984
52754    16  1420    3.513    0.768    4.035
52787   322  1435    3.256    0.506    4.848
52866   199  1500      NaN    0.000    0.000
52889   436  1563      NaN    0.000    0.000
52955    85  1616    3.107    0.319    5.139
52983   466  1584    3.734    0.413    5.006
52996   561  1638    3.601    0.832    4.771
53068  1345   712      NaN    0.339    3.987
53083  1586   604    2.722    0.723    2.810
53149  1136   837      NaN    0.226    4.513
53192  1675   671    2.988    0.835    2.971
53231   716   959      NaN    0.000    0.000
53276  1446   852      NaN    0.413    4.016
53336   955   946      NaN    0.252    4.632
53352  1170   931    3.305    0.410    4.265
53391  1569   908    3.730    0.590    3.697
53463  1310  1030      NaN    0.000    0.000
53480  1464  1005    3.863    0.513    4.103
53487  1494  1110      NaN    0.000    0.000
53502   645  1145      NaN    0.068    5.474
53513   830  1035      NaN    0.000    0.000
53529   895  1222      NaN    0.194    5.271
53543  1119  1140      NaN    0.000    0.000
53564  1250  1190      NaN    0.310    4.948
53588  1515  1239    1.357    0.461    4.848
53593  1632  1140      NaN    0.000    0.000
53614   695  1293    3.592    0.106    5.706
53646  1097  1315    3.462    0.323    5.103
53673  1423  1261      NaN    0.000    0.000
53698  1616  1341      NaN    0.000    0.000
53705   638  1403    3.583    0.142    5.806
53723   828  1367    3.324    0.268    5.297
53764  1244  1401      NaN    0.000    0.000
53772  1407  1369      NaN    0.000    0.000
53787  1455  1450    3.989    0.352    5.055
53798  1625  1450      NaN    0.000    0.000
53845  1065  1502    4.176    0.306    5.545
53863  1336  1453      NaN    0.000    0.000
53898  1614  1563    4.012    0.213    5.187
53915   748  1619      NaN    0.000    0.000
53923   856  1599      NaN    0.000    0.000
53959  1239  1675    3.947    0.274    5.419
53975  1390  1627      NaN    0.000    0.000
54012  1972   608    3.121    1.087    2.335
54026  2342   610      NaN    0.787    2.687
54027  2174   675    3.633    0.823    2.655
54049  2685   645    3.458    0.965    2.190
54094  3316   610      NaN    0.000    0.000
54096  3490   630      NaN    0.000    0.000
54102  1806   679    3.182    0.839    2.755
54115  2024   718    3.649    0.816    2.594
54135  2495   718      NaN    0.826    2.877
54157  2726   764    3.943    0.994    2.355
54161  2825   684      NaN    0.000    0.000
54186  3159   744      NaN    0.000    0.000
54208  1845   876    3.695    0.816    3.065
54218  2125   867      NaN    0.000    0.000
54226  2319   860    3.605    0.687    3.097
54236  2525   850    3.529    0.865    2.874
54259  2795   886    4.346    1.255    2.181
54273  2997   787    2.387    1.284    1.632
54292  3305   800    3.644    1.187    2.081
54308  1864   987    3.977    0.677    3.713
54311  1989   904      NaN    0.000    0.000
54324  2291   947    4.081    0.597    3.555
54337  2366   994      NaN    0.000    0.000
54342  2635   927    4.182    0.871    2.977
54346  2665   974      NaN    0.000    0.000
54374  3016   929    1.321    1.145    1.400
54377  2930   998    4.169    1.300    2.013
54386  3156   970    3.389    1.174    1.423
54401  1668  1033      NaN    0.000    0.000
54405  1737  1074      NaN    0.000    0.000
54423  2011  1011      NaN    0.000    0.000
54436  2123  1076    4.554    0.668    3.710
54471  2484  1046      NaN    0.000    0.000
54493  2777  1041    4.407    1.345    2.274
54497  2726  1115      NaN    0.000    0.000
54511  1825  1128      NaN    0.000    0.000
54527  1924  1222      NaN    0.000    0.000
54534  2028  1160      NaN    0.000    0.000
54539  2118  1184      NaN    0.000    0.000
54587  2601  1227      NaN    0.000    0.000
54602  1744  1250      NaN    0.000    0.000
54618  1855  1336      NaN    0.000    0.000
54662  2424  1244      NaN    0.000    0.000
54715  1856  1420      NaN    0.000    0.000
54725  1965  1401    4.337    0.377    4.623
54751  2321  1352      NaN    0.000    0.000
54753  2276  1388      NaN    0.000    0.000
54776  2542  1412      NaN    1.390    2.861
54808  1756  1543    4.430    0.290    4.852
54823  1911  1502    4.361    0.426    4.819
54826  1916  1541      NaN    0.000    0.000
54836  2034  1548      NaN    0.000    0.000
54843  2150  1483      NaN    0.000    0.000
54857  2278  1562      NaN    0.000    0.000
54863  2374  1483    4.430    0.965    3.242
54909  1744  1674    5.017    0.468    4.510
54916  1888  1618      NaN    0.000    0.000
54929  2011  1653    4.436    0.555    4.216
54945  2189  1632    4.684    0.000    0.000
56065   180  1711    3.840    0.781    4.423
56079   333  1840    3.920    1.132    4.152
56080   326  1681    4.040    0.923    4.261
56096   552  1860    3.985    0.000    0.000
56146     1  2060    3.543    1.210    4.110
56152    38  1985    3.328    1.174    4.106
56167   126  2131    3.017    1.168    4.203
56172   251  2028    1.741    0.981    4.326
56182   400  1944    4.020    1.358    4.106
56187   430  2163      NaN    0.358    3.539
56193   507  1970    1.201    1.168    3.990
56196   531  2079      NaN    0.000    0.000
56257    31  2241    3.256    1.339    4.042
56287   337  2243    4.782    0.974    5.277
56357    35  2347    3.364    1.384    4.142
56374   221  2235    0.712    1.223    3.900
56385   374  2295    4.950    1.087    5.794
56462   169  2353    0.802    0.684    4.274
56492   516  2375    3.794    0.258    6.519
56571   255  2476      NaN    0.000    0.000
56586   421  2540    3.955    0.623    5.361
56651    25  2596    4.878    0.384    5.213
56671   253  2616    4.836    0.529    6.690
56684   369  2642    5.049    0.523    5.910
56691   481  2592    4.376    0.545    5.542
56751    22  2723      NaN    1.129    5.765
56763   210  2719    0.005    0.729    6.090
56768   171  2799    0.045    0.845    5.865
56778   302  2799      NaN    0.000    0.000
56786   430  2736    4.095    0.765    5.258
56886   423  2853    4.628    0.897    5.600
56951    25  2919      NaN    3.661    5.555
56959    89  3137      NaN    0.000    0.000
56964   111  3051    4.675    1.032    5.606
56966   223  2958    0.081    1.074    5.523
56969   178  3193    3.090    2.448    5.665
56977   204  3068    3.662    3.652    5.435
56985   380  2982      NaN    0.000    0.000
57006   645  1728      NaN    0.000    0.000
57014   658  1730      NaN    0.000    0.000
57016   800  1754      NaN    0.000    0.000
57025   828  1735    4.791    0.468    5.035
57046  1130  1739    4.777    0.281    5.832
57067  1237  1787    4.097    0.361    4.923
57071  1394  1702    4.401    0.352    5.081
57083  1530  1713      NaN    0.000    0.000
57127   789  1898    4.584    0.000    0.000
57131  1005  1744      NaN    0.213    5.761
57178  1410  1901      NaN    0.000    0.000
57193  1627  1817    5.102    0.442    4.790
57237   901  2010    4.920    1.068    4.358
57245  1013  1937      NaN    0.000    0.000
57259  1207  2013    4.998    0.623    4.445
57265  1308  1974      NaN    0.000    0.000
57279  1420  2000    4.441    1.919    3.642
57290  1571  1905      NaN    0.000    0.000
57297  1575  2002      NaN    0.000    0.000
57306   669  2064      NaN    0.390    6.023
57328   841  2107      NaN    0.000    0.000
57348  1069  2127    5.195    1.094    4.042
57378  1408  2110      NaN    0.652    1.997
57399  1677  2108    4.866    1.142    3.700
57411   682  2151      NaN    0.000    0.000
57426   875  2164    4.522    1.026    4.616
57447  1061  2209    4.259    1.339    3.826
57461  1267  2163      NaN    0.000    0.000
57476  1362  2202      NaN    0.000    0.000
57494  1584  2172      NaN    0.000    0.000
57503   574  2284    3.653    0.577    5.855
57504   567  2288      NaN    0.000    0.000
57516   725  2288      NaN    0.000    0.000
57554  1140  2308    4.826    1.377    3.652
57584  1466  2310      NaN    0.000    0.000
57598  1634  2349    2.723    1.574    3.697
57602   610  2366      NaN    0.000    0.000
57604   604  2377    4.384    0.452    6.103
57633   983  2372    4.921    1.787    3.897
57655  1166  2413    5.331    1.635    4.174
57662  1310  2347      NaN    0.000    0.000
57687  1442  2439      NaN    0.000    0.000
57707   587  2543    4.101    1.265    5.068
57712   779  2495    4.007    1.510    4.465
57713   772  2499    4.219    1.439    4.487
57731   925  2471    4.614    1.952    3.942
57745  1086  2527    4.749    1.881    4.068
57766  1285  2551    4.586    1.848    4.226
57776  1423  2543    3.186    1.581    4.306
57793  1612  2487    4.568    0.000    0.000
57799  1677  2564      NaN    0.000    0.000
57816   755  2624      NaN    0.000    0.000
57832   972  2581    4.487    2.119    3.839
57845  1097  2670    4.311    1.877    3.587
57853  1192  2607    4.658    1.961    3.945
57866  1302  2663      NaN    0.000    0.000
57902   582  2752    4.410    1.261    5.110
57916   759  2752    4.143    1.755    4.545
57922   847  2708    4.333    2.042    4.100
57932   957  2693    4.327    2.113    3.819
57957  1155  2764    4.391    1.858    3.784
57972  1461  2711    4.557    1.952    4.165
57993  1681  2704    4.559    1.748    4.442
58027  1922  1761      NaN    0.000    0.000
58040  2144  1698      NaN    0.000    0.000
58102  1767  1806      NaN    0.000    0.000
58141  2133  1830    4.905    0.694    3.855
58144  2133  1838      NaN    0.000    0.000
58150  2269  1819    5.184    0.829    3.865
58203  1763  1920    4.899    1.045    3.794
58208  1750  1998    4.650    0.771    4.055
58221  1948  1914    4.913    0.639    4.252
58238  2118  2024    4.464    1.048    3.965
58251  2273  1922      NaN    0.000    0.000
58265  2420  2010    5.237    0.000    0.000
58314  1830  2084      NaN    0.000    0.000
58321  1939  2041    4.680    0.994    3.848
58338  2082  2112    4.873    1.142    3.952
58345  2183  2080      NaN    0.000    0.000
58362  2403  2082      NaN    0.000    0.000
58424  1911  2181      NaN    0.000    0.000
58437  2034  2226    5.911    1.561    3.835
58457  2260  2215      NaN    0.000    0.000
58472  2515  2159      NaN    0.000    0.000
58477  2478  2237    2.339    0.000    0.000
58506  1791  2288    3.782    1.435    4.219
58527  1927  2319      NaN    0.000    0.000
58543  2131  2284      NaN    0.000    0.000
58556  2332  2286      NaN    0.000    0.000
58569  2459  2331      NaN    0.000    0.000
58606  1784  2398    5.000    1.490    4.203
58633  2114  2357      NaN    0.000    0.000
58646  2232  2415    5.204    1.403    3.710
58660  2368  2370      NaN    0.000    0.000
58666  2452  2415      NaN    2.152    3.303
58715  1866  2512    4.793    1.610    4.323
58725  1957  2540    1.032    1.419    3.497
58730  2021  2491    1.873    1.416    3.777
58731  2077  2474    4.650    1.323    3.810
58752  2314  2489    5.279    0.000    0.000
58754  2263  2540      NaN    0.000    0.000
58813  1830  2594    4.343    1.606    4.068
58834  2034  2618      NaN    1.687    4.097
58847  2161  2680      NaN    0.000    0.000
58849  2234  2670      NaN    2.577    4.352
58853  2319  2577      NaN    0.000    0.000
58911  1834  2706    4.461    1.642    4.319
58921  1944  2693    5.004    0.000    0.000
58926  1950  2767      NaN    2.145    4.187
58931  2028  2721    2.991    2.206    4.442
58944  2217  2743      NaN    0.000    0.000
58968  2411  2797      NaN    0.000    0.000
58974  2472  2730      NaN    0.000    0.000
59007   568  2906    3.914    1.168    5.174
59023   901  2835    4.215    2.061    4.490
59046  1054  2874      NaN    0.000    0.000
59058  1179  2891    3.618    1.874    4.106
59072  1386  2823      NaN    0.000    0.000
59082  1524  2838    4.501    1.977    4.145
59087  1515  2926      NaN    0.000    0.000
59096  1623  2872    4.723    1.858    4.361
59102  1754  2807    4.164    1.655    4.355
59117  1806  2879      NaN    0.000    0.000
59134  2026  2859      NaN    0.000    0.000
59152  2349  2823      NaN    0.000    0.000
59158  2318  2896      NaN    0.000    0.000
59162  2437  2827      NaN    0.000    0.000
59209   667  2991    5.066    2.329    4.813
59211   740  2924    4.271    0.735    1.397
59254  1130  2980      NaN    0.000    0.000
59265  1267  2971    4.180    1.368    4.974
59278  1397  3019    4.830    0.000    0.000
59287  1494  3006      NaN    0.000    0.000
59293  1651  2935    3.885    1.403    4.706
59316  1870  2980      NaN    0.000    0.000
59348  2204  2995      NaN    1.703    6.174
59353  2331  2967    2.392    2.568    5.619
59358  2265  3025      NaN    0.000    0.000
59362  2422  2911      NaN    0.000    0.000
59368  2394  3014      NaN    0.000    0.000
59417   757  3096    4.127    2.381    4.584
59431   921  3066    4.054    1.694    4.665
59456  1226  3098    3.956    1.874    4.358
59493  1580  3075      NaN    0.000    0.000
59501  1722  3049      NaN    0.000    0.000
59554  2271  3068      NaN    0.000    0.000
59556  2342  3098      NaN    0.000    0.000
59559  2325  3137    1.969    2.426    5.590
59562  2370  3053      NaN    0.000    0.000
59567  2415  3133      NaN    0.000    0.000
59632   966  3143    3.962    1.955    5.319
59644  1020  3195      NaN    0.000    0.000
59658  1155  3232    1.037    2.248    4.939
59663  1341  3156    4.132    1.800    4.468
59673  1431  3167      NaN    0.000    0.000
59758  1149  3361      NaN    0.000    0.000
59792  1873  3286      NaN    0.000    0.000
