30949  1341    50    4.183    3.216    6.732
30967  1765    12    3.926    1.939    9.529
30978  2060    20    4.210    2.632    8.326
31583  3352    25    5.895    3.552    5.529
31587  3210    44    5.130    6.616    7.294
31594  3370    66    3.862    2.929    6.116
31618  3637   111    5.917    4.419    5.190
31624  3723    68    5.609    4.377    5.232
31632  3880     8    7.391    1.981    3.361
31636  3891    51    6.119    4.777    5.571
31655  4096    63      NaN    2.252    4.245
31702  3482   113    5.495    4.839    5.094
31703  3555   113    5.892    3.142    4.661
31707  3469   255    5.553    3.468    5.071
31710  3654   231    4.718    3.219    4.432
31713  3691   143    5.059    3.197    4.587
31725  3790   156    5.418    4.316    5.690
31733  4020   134      NaN    7.442    7.658
31735  3940   167    5.139    2.348    4.310
31754  4151   158    5.616    3.590    4.426
31770  4515   113      NaN    1.774    2.529
31786  3900   275    4.403    3.726    3.997
31788  3846   320    5.271    2.016    2.987
31792  3992   251    4.370    1.965    3.439
31801  4054   262    5.490    3.274    4.200
31823  4429   229      NaN    0.000    0.000
31825  4302   270    6.053    2.871    3.529
31829  4367   302      NaN    0.000    0.000
31832  3839   359    3.632    2.439    3.400
31845  3956   389    5.873    5.213    5.945
31866  4294   389      NaN    3.897    4.623
31873  3779   464    4.147    3.377    4.716
31878  3757   552    4.249    3.239    5.526
31884  3839   514    5.304    2.916    4.381
31909  4100   561      NaN    3.203    4.013
31913  3583   537      NaN    0.000    0.000
31915  3516   628    5.519    2.777    6.239
31917  3508   669    5.044    3.310    6.016
31921  3592   593      NaN    3.297    7.145
31924  3592   624    5.050    3.229    6.581
31931  3706   583    4.921    3.513    5.874
31935  3751   626    5.260    5.016    6.090
31939  3794   656    4.341    2.816    5.177
31958  3971   645    4.095    3.626    4.219
31959  4016   632      NaN    0.000    0.000
31960  3578   772      NaN    0.000    0.000
31961  3581   686    4.789    2.932    6.287
31969  3451   824      NaN    0.000    0.000
31977  3591   755      NaN    4.310    6.029
31981  3704   677    5.812    2.442    6.677
31987  3699   768    6.056    1.468    4.735
31989  3798   796      NaN    0.000    0.000
31994  3828   720    6.450    4.019    5.471
32088  4709   106      NaN    0.000    0.000
32098  4828    89      NaN    0.000    0.000
32099  5011   152      NaN    0.000    0.000
32121  4727   227      NaN    0.000    0.000
32128  4711   331      NaN    0.000    0.000
32133  4795   300    3.630    4.235    5.119
32150  4785   343    5.669    0.000    0.000
44230   225    50    3.778    2.152    7.761
44231    20    42    3.691    0.981    9.635
44232   303    70    6.049    2.232    8.255
44237   156   165    3.327    1.852    7.619
44239   399   135    4.201    2.606    7.661
44241   680   122    5.247    2.048    9.548
44256  1614    51    2.848    1.481    9.103
44259  1631   216    4.651    0.826   10.348
44282   165   287    4.685    0.961    9.361
44284    16   371    3.836    0.765    9.597
44285   311   348    3.432    0.906    9.277
44287    78   434    3.098    0.768   11.732
44288   313   419    3.596    0.842   10.697
44292   770   234      NaN    0.000    0.000
44294   839   303    4.198    0.652   11.813
44298   921   399    3.682    0.719   12.016
44302  1358   249    4.392    2.339    7.213
44304  1192   302    4.029    0.735   10.068
44305  1489   372    4.245    0.855   11.274
44313  2086   268    5.273    2.971    7.177
44314  1752   318    4.249    1.542    9.852
44317  1722   460    5.097    2.113    8.816
44336   438   511      NaN    0.806   13.074
44341   705   475    3.765    0.787   12.648
44347   596   626      NaN    0.997   13.623
44352  1386   479    3.864    0.984   11.806
44354  1134   572    3.000    1.084   12.426
44358  1334   703    2.425    0.871   12.300
44373   496   720      NaN    0.000    0.000
45004  1588  3102      NaN    0.000    0.000
45005  1588  3103      NaN    0.000    0.000
45007  1560  3102      NaN    0.000    0.000
45011  1520  3118      NaN    0.000    0.000
45013  1520  3118      NaN    0.000    0.000
45018  1520  3122      NaN    0.000    0.000
45020  1517  3116      NaN    0.000    0.000
45031  1618  3075      NaN    2.974    4.919
45032  1586  3077    0.717    2.090    4.229
45033  1603  3077      NaN    4.010    6.145
45034  1595  3083    3.214    3.897    4.739
45035  1567  3085      NaN    0.000    0.000
45036  1608  3085      NaN    0.000    0.000
45037  1590  3087      NaN    0.000    0.000
45038  1565  3092      NaN    0.000    0.000
45039  1591  3092      NaN    0.000    0.000
45040  1599  3094      NaN    0.000    0.000
45041  1597  3102      NaN    0.000    0.000
45042  1558  3103      NaN    0.000    0.000
45043  1588  3109      NaN    0.000    0.000
45044  1571  3115      NaN    0.000    0.000
45045  1603  3116      NaN    0.000    0.000
47003  3406   862      NaN    2.855    6.419
47005  3171   918    5.551    2.245    4.161
47008  3340   921      NaN    0.000    0.000
47014  3012   921    5.615    2.210    3.981
47016  3156   964      NaN    0.000    0.000
47020  2980  1013    6.118    1.181    2.606
47022  3154  1030    6.536    2.539    4.042
47025  3271  1046      NaN    1.045    5.016
47028  2794  1071      NaN    1.968    3.661
47031  3053  1080    5.940    1.468    2.968
47035  2732  1110      NaN    0.000    0.000
47037  2829  1123    5.963    1.723    4.506
47039  2941  1102    5.852    1.629    3.735
47041  3087  1128    5.910    2.626    6.494
47046  3158  1117      NaN    0.000    0.000
47050  2874  1164      NaN    2.035    5.094
47052  2986  1209    6.553    1.677    3.852
47055  3074  1212      NaN    1.594    4.629
47058  2889  1229      NaN    0.000    0.000
47060  2844  1265      NaN    0.000    0.000
47061  3158  1263    7.595    0.000    0.000
47065  2887  1287      NaN    0.000    0.000
47067  2973  1289    4.784    2.035    4.165
47068  2788  1328    6.078    2.019    3.810
47069  2879  1341    5.412    2.074    5.342
47070  2976  1349    5.557    2.100    5.232
47075  3057  1298    5.689    1.865    4.306
47090  3200  1317      NaN    0.000    0.000
47092  3212  1338    6.556    3.084    6.655
47095  3059  1328    6.344    2.855    4.045
47097  3079  1427    4.681    2.435    4.645
47098  3032  1356      NaN    0.000    0.000
47099  2997  1358      NaN    0.000    0.000
47100  3217  1380    5.161    2.265    5.355
47101  3107  1356      NaN    0.000    0.000
47102  2760  1349      NaN    6.274    7.397
47104  3232  1367    5.895    2.635    5.358
47105  3236  1373      NaN    0.000    0.000
47106  3262  1401      NaN    0.000    0.000
47108  3019  1394      NaN    0.000    0.000
47110  3001  1394      NaN    0.000    0.000
47112  2982  1403      NaN    0.000    0.000
47113  2962  1405      NaN    3.594    5.765
47114  3131  1420    5.536    0.000    0.000
47115  3464  1401      NaN    4.245    5.610
47119  3023  1427      NaN    0.000    0.000
47121  3187  1436    4.178    2.203    4.555
47127  3131  1461      NaN    0.000    0.000
47129  2969  1481    4.856    2.419    5.968
47130  3296  1459      NaN    0.000    0.000
47131  3074  1498      NaN    0.000    0.000
47133  3066  1528      NaN    0.000    0.000
47135  3135  1545    4.935    3.061    4.558
47136  3215  1506    5.415    3.261    5.045
47137  3154  1524    6.015    2.884    4.916
47138  3292  1565      NaN    0.000    0.000
47140  2997  1569      NaN    0.000    0.000
47143  3206  1582      NaN    0.000    0.000
47145  3038  1483    4.527    2.481    5.155
47146  3042  1590      NaN    0.000    0.000
47150  2975  1532    5.746    2.903    5.487
47151  3288  1614      NaN    0.000    0.000
47152  3284  1619      NaN    0.000    0.000
47154  3172  1556      NaN    0.000    0.000
47155  3200  1662      NaN    0.000    0.000
47156  3012  1662      NaN    0.000    0.000
47157  3126  1606    5.823    2.565    5.694
47159  3253  1670      NaN    0.000    0.000
47162  3186  1698      NaN    0.000    0.000
47163  2954  1683      NaN    0.000    0.000
47165  2956  1702      NaN    0.000    0.000
47167  3094  1700      NaN    0.000    0.000
47168  3107  1711      NaN    0.000    0.000
47169  2851  1716      NaN    4.106    5.094
47170  2991  1750      NaN    4.487    6.419
47171  3010  1619      NaN    0.000    0.000
47172  2991  1632      NaN    2.619    5.877
47173  3062  1636    4.896    3.345    4.923
47174  3051  1674      NaN    4.919    6.694
47175  2948  1741    3.858    6.416    8.045
47182  2969  1847      NaN    0.000    0.000
47184  2971  1849      NaN    0.000    0.000
47185  2930  1873      NaN    0.000    0.000
47188  3010  1862      NaN    2.042    3.952
47189  2975  1879      NaN    0.000    0.000
47192  3150  1659      NaN    0.000    0.000
47401  4670   514      NaN    0.000    0.000
47402  4770   568    7.085    2.306    3.519
47404  4671   632      NaN    0.000    0.000
47405  4813   608    6.362    2.716    5.374
47406  4664   679      NaN    0.000    0.000
47407  4746   701      NaN    0.000    0.000
47409  4961   671      NaN    2.865    6.958
47411  4595   764      NaN    0.000    0.000
47412  4630   778      NaN    0.000    0.000
47413  4681   761      NaN    2.687    4.658
47417  4841   794      NaN    0.000    0.000
47418  4972   787      NaN    0.000    0.000
47421  4505   807      NaN    5.216    6.561
47423  4591   862      NaN    0.000    0.000
47424  4655   828      NaN    0.000    0.000
47426  4793   878    5.845    0.000    0.000
47428  4494   912      NaN    0.000    0.000
47430  4565   918      NaN    0.000    0.000
47433  4565   796      NaN    0.000    0.000
47435  4856   634      NaN    0.000    0.000
47440  4852   863      NaN    0.000    0.000
47512  4673  1226    7.217    3.139    4.632
47520  4516  1261    6.288    2.848    5.535
47570  4472  1403      NaN    0.000    0.000
47574  4474  1048      NaN    4.432    6.481
47575  4567  1030      NaN    0.000    0.000
47576  4617   977    5.871    1.690    3.781
47581  4651  1061      NaN    0.000    0.000
47582  4492  1153      NaN    0.000    0.000
47584  4612  1155      NaN    0.000    0.000
47585  4701  1160    5.684    1.761    4.132
47587  4464  1242      NaN    0.000    0.000
47588  4520  1317      NaN    0.000    0.000
47590  4582  1315      NaN    0.000    0.000
47592  4627  1296      NaN    0.000    0.000
47595  4533  1371      NaN    0.000    0.000
47597  4505  1442      NaN    0.000    0.000
47598  4582  1463      NaN    0.000    0.000
47600  4134  1412      NaN    0.000    0.000
47602  4283  1341      NaN    0.000    0.000
47604  4375  1354      NaN    0.000    0.000
47605  4104  1504      NaN    0.000    0.000
47606  4151  1479      NaN    0.000    0.000
47607  4167  1489      NaN    0.000    0.000
47610  4279  1494      NaN    0.000    0.000
47612  4285  1446    5.235    2.377    5.842
47615  4466  1507      NaN    0.000    0.000
47616  4057  1563      NaN    0.000    0.000
47617  4173  1552      NaN    0.000    0.000
47618  4253  1541      NaN    0.000    0.000
47620  4270  1563      NaN    0.000    0.000
47622  4319  1530      NaN    0.000    0.000
47624  4376  1524      NaN    0.000    0.000
47626  4412  1552      NaN    0.000    0.000
47629  4533  1526      NaN    0.000    0.000
47631  4040  1608      NaN    0.000    0.000
47632  4119  1636      NaN    0.000    0.000
47636  4141  1662      NaN    0.000    0.000
47637  4236  1623      NaN    0.000    0.000
47638  4319  1606      NaN    0.000    0.000
47639  4339  1640    7.385    0.000    0.000
47640  4343  1625      NaN    0.000    0.000
47641  4376  1571      NaN    0.000    0.000
47648  4576  1599      NaN    0.000    0.000
47649  4050  1707      NaN    0.000    0.000
47651  4091  1711      NaN    0.000    0.000
47653  4156  1722      NaN    0.000    0.000
47654  4225  1713      NaN    0.000    0.000
47655  4281  1726      NaN    0.000    0.000
47656  4302  1683      NaN    0.000    0.000
47657  4362  1668      NaN    0.000    0.000
47662  4455  1604      NaN    0.000    0.000
47663  4055  1786      NaN    3.042    5.342
47666  4352  1726      NaN    0.000    0.000
47668  4380  1675      NaN    2.355    5.255
47670  4442  1632      NaN    0.000    0.000
47672  4466  1683      NaN    0.000    0.000
47674  4516  1664      NaN    2.794    4.761
47675  4410  1709    5.808    0.000    0.000
47677  4427  1780      NaN    5.835    7.416
47678  4457  1892    4.211    2.619    4.019
47682  4492  1614      NaN    0.000    0.000
47684  4098  1688      NaN    0.000    0.000
47690  4425  1487      NaN    3.816    5.539
47740  3734  1547      NaN    6.139    7.916
47741  3704  1631      NaN    0.000    0.000
47742  3723  1619      NaN    0.000    0.000
47744  3734  1632      NaN    0.000    0.000
47746  3835  1627      NaN    0.000    0.000
47747  3900  1621    5.679    2.226    5.113
47750  3956  1631      NaN    1.819    4.229
47754  3518  1746      NaN    0.000    0.000
47755  3592  1692      NaN    0.000    0.000
47756  3811  1674      NaN    0.000    0.000
47759  4003  1679      NaN    0.000    0.000
47761  4061  1649      NaN    0.000    0.000
47762  3466  1799      NaN    0.000    0.000
47765  3637  1748      NaN    0.000    0.000
47766  3647  1767      NaN    0.000    0.000
47767  3725  1743      NaN    0.000    0.000
47768  3800  1718      NaN    0.000    0.000
47769  3884  1700      NaN    0.000    0.000
47770  3945  1715      NaN    0.000    0.000
47772  3979  1716      NaN    0.000    0.000
47776  3910  1756      NaN    2.674    5.568
47777  3940  1767      NaN    0.000    0.000
47778  4007  1855      NaN    3.294    5.729
47780  4014  1715      NaN    0.000    0.000
47784  3523  1774      NaN    0.000    0.000
47800  3283  1771      NaN    0.000    0.000
47805  3311  1864      NaN    0.000    0.000
47807  3404  1840      NaN    0.000    0.000
47809  3439  1832      NaN    0.000    0.000
47812  3331  1886      NaN    0.000    0.000
47813  3395  1875      NaN    0.000    0.000
47814  3466  1870      NaN    0.000    0.000
47815  3542  1879      NaN    0.000    0.000
47817  3346  1935      NaN    0.000    0.000
47818  3391  1935    4.265    2.352    6.781
47819  3439  1926      NaN    0.000    0.000
47821  3480  1918    4.528    4.394    6.119
47822  3546  1952      NaN    0.000    0.000
47823  3383  2013      NaN    0.000    0.000
47824  3445  1993      NaN    0.000    0.000
47827  3423  2067      NaN    0.000    0.000
47829  3482  2047      NaN    0.000    0.000
47830  3520  2024      NaN    0.000    0.000
47831  3395  2099      NaN    1.842    4.335
47835  3518  2064    6.652    1.661    4.684
47836  3436  2198      NaN    2.635    4.942
47837  3471  2161      NaN    0.000    0.000
47838  3365  1995      NaN    0.000    0.000
47842  3176  2019      NaN    0.000    0.000
47843  3230  1939      NaN    0.000    0.000
47887  3673  1810      NaN    0.000    0.000
47890  3781  1761      NaN    0.000    0.000
47891  3815  1758      NaN    0.000    0.000
47892  3647  1879      NaN    0.000    0.000
47893  3759  1842      NaN    0.000    0.000
47895  3872  1786      NaN    0.000    0.000
47897  3663  1914    5.193    0.000    0.000
47898  3699  1937      NaN    0.000    0.000
47899  3830  1877      NaN    0.000    0.000
47909  3305  2422      NaN    1.626    4.213
47912  2579  2861      NaN    4.384    5.523
47917  2663  2864      NaN    0.000    0.000
47918  2708  2876      NaN    0.000    0.000
47927  2833  2823      NaN    0.000    0.000
47929  3003  2652      NaN    3.984    5.865
47936  3102  2667      NaN    0.000    0.000
47940  3133  2622      NaN    0.000    0.000
47942  3215  2528      NaN    2.629    4.716
47945  3499  2708      NaN    2.955    5.455
47971  4726  2566      NaN    0.000    0.000
48803   445  3081    5.521    2.258    3.487
48806   438  3212    1.643    2.148    3.335
48808   701  3062    5.282    1.803    2.748
48820   651  3245      NaN    0.000    0.000
48823   690  3312    5.120    0.000    0.000
48826   744  3271    4.664    2.416    4.981
48830   759  3156    5.063    2.110    3.306
48839   865  3346      NaN    0.000    0.000
48921   212  3178    1.447    2.555    2.929
48924   165  3243    4.150    2.884    3.290
48925   225  3284    5.473    3.900    4.148
48927   475  3314    2.326    2.897    3.961
50527  2213    89      NaN    0.000    0.000
50548  2657    91      NaN    2.271    7.871
50557  2827    94    5.538    1.794    9.248
50564  3064    64    5.560    2.452    6.948
50603  1884   150    3.697    0.935   12.048
50632  2456   139    4.470    3.000    6.100
50658  2900   219    5.381    0.000    0.000
50727  2234   318    7.147    2.119    5.710
50745  2680   294      NaN    0.000    0.000
50756  3021   288    5.696    3.526    5.813
50774  3238   257    5.675    1.197    4.061
50788  3583   311    5.734    2.755    5.545
50844  2624   404    5.753    1.235   10.426
50854  2836   406    5.766    1.829    9.423
50888  3606   414    5.266    2.045    6.961
50915  1901   503    3.971    1.255   11.548
50949  2786   552    4.993    3.110    6.955
50953  2999   477    4.806    3.587    6.623
50963  3219   453    7.222    1.448    9.052
50968  3133   537      NaN    0.000    0.000
50978  3466   527      NaN    0.000    0.000
50983  3693   475      NaN    0.000    0.000
52267   120   903      NaN    0.000    0.000
52378   266   968      NaN    0.000    0.000
52495   505  1037      NaN    0.000    0.000
52652    50  1240      NaN    0.000    0.000
52681   346  1274    2.974    0.803   11.900
52754    16  1420    5.457    2.303    4.771
52787   322  1435    3.615    2.671    5.784
52866   199  1500      NaN    0.000    0.000
52889   436  1563      NaN    0.000    0.000
52955    85  1616    4.428    1.952    5.535
52983   466  1584    3.934    2.245    7.894
52996   561  1638    4.300    1.661    6.835
53068  1345   712      NaN    0.865   12.823
53083  1586   604    3.912    0.916   10.519
53149  1136   837      NaN    0.645   11.700
53192  1675   671    4.240    1.081   11.281
53231   716   959      NaN    0.000    0.000
53276  1446   852      NaN    0.874   12.200
53336   955   946      NaN    0.790   11.710
53352  1170   931    4.563    0.771   12.052
53391  1569   908    4.381    0.942   10.597
53463  1310  1030      NaN    0.000    0.000
53480  1464  1005    4.463    0.794    9.371
53487  1494  1110      NaN    0.000    0.000
53502   645  1145      NaN    0.894   12.310
53513   830  1035      NaN    0.000    0.000
53529   895  1222      NaN    0.965   10.813
53543  1119  1140      NaN    0.000    0.000
53564  1250  1190      NaN    1.229   11.094
53588  1515  1239    6.491    2.703    5.732
53593  1632  1140      NaN    0.000    0.000
53614   695  1293    4.624    0.794   10.513
53646  1097  1315    4.494    1.271   10.232
53673  1423  1261      NaN    0.000    0.000
53698  1616  1341      NaN    0.000    0.000
53705   638  1403      NaN    0.794   10.926
53723   828  1367    3.641    1.003    9.994
53764  1244  1401      NaN    0.000    0.000
53772  1407  1369      NaN    0.000    0.000
53787  1455  1450    5.367    2.361    6.897
53798  1625  1450      NaN    0.000    0.000
53845  1065  1502    4.892    2.197    8.226
53863  1336  1453      NaN    0.000    0.000
53898  1614  1563    4.649    1.206    9.600
53915   748  1619      NaN    0.000    0.000
53923   856  1599      NaN    0.000    0.000
53959  1239  1675    4.334    1.465   10.377
53975  1390  1627      NaN    0.000    0.000
54012  1972   608    4.281    1.210   10.552
54026  2342   610      NaN    1.106    9.590
54027  2174   675    4.161    1.519    8.494
54049  2685   645    5.503    2.790    6.684
54094  3316   610      NaN    0.000    0.000
54096  3490   630      NaN    0.000    0.000
54102  1806   679    4.153    0.997   10.142
54115  2024   718    5.223    1.032    9.477
54135  2495   718      NaN    1.052   10.132
54157  2726   764    5.666    2.003    7.635
54161  2825   684      NaN    0.000    0.000
54186  3159   744      NaN    0.000    0.000
54208  1845   876    4.800    1.881    7.361
54218  2125   867      NaN    0.000    0.000
54226  2319   860    4.428    2.416    7.855
54236  2525   850    4.895    2.626    7.319
54259  2795   886    6.420    2.077    4.406
54273  2997   787    6.064    2.242    5.671
54292  3305   800    5.541    2.410    6.277
54308  1864   987    5.046    1.158    8.165
54311  1989   904      NaN    0.000    0.000
54324  2291   947    5.685    1.019   10.068
54337  2366   994      NaN    0.000    0.000
54342  2635   927    5.039    4.468    5.923
54346  2665   974      NaN    0.000    0.000
54374  3016   929    5.167    3.929    5.016
54377  2930   998    6.299    2.226    3.084
54386  3156   970    6.094    2.074    3.865
54401  1668  1033      NaN    0.000    0.000
54405  1737  1074      NaN    0.000    0.000
54423  2011  1011      NaN    0.000    0.000
54436  2123  1076    6.210    2.477    6.835
54471  2484  1046      NaN    0.000    0.000
54493  2777  1041    6.530    1.874    4.045
54497  2726  1115      NaN    0.000    0.000
54511  1825  1128      NaN    0.000    0.000
54527  1924  1222      NaN    0.000    0.000
54534  2028  1160      NaN    0.000    0.000
54539  2118  1184      NaN    0.000    0.000
54587  2601  1227      NaN    0.000    0.000
54602  1744  1250      NaN    0.000    0.000
54618  1855  1336      NaN    0.000    0.000
54662  2424  1244      NaN    0.000    0.000
54715  1856  1420      NaN    0.000    0.000
54725  1965  1401    4.989    2.184    8.568
54751  2321  1352      NaN    0.000    0.000
54753  2276  1388      NaN    0.000    0.000
54776  2542  1412      NaN    2.710    4.932
54808  1756  1543    5.291    1.610   10.184
54823  1911  1502    4.478    2.235    7.694
54826  1916  1541      NaN    0.000    0.000
54836  2034  1548      NaN    0.000    0.000
54843  2150  1483      NaN    0.000    0.000
54857  2278  1562      NaN    0.000    0.000
54863  2374  1483    5.250    2.194    5.535
54909  1744  1674    5.159    1.655    8.842
54916  1888  1618      NaN    0.000    0.000
54929  2011  1653    5.193    2.445    5.823
54945  2189  1632    5.233    0.000    0.000
56065   180  1711    6.094    1.852    3.826
56079   333  1840    6.957    1.945    3.768
56080   326  1681    5.729    1.984    4.248
56096   552  1860    5.360    0.000    0.000
56146     1  2060    5.476    2.026    4.229
56152    38  1985    6.757    2.077    3.961
56167   126  2131    5.947    2.174    3.897
56172   251  2028    7.152    1.816    3.516
56182   400  1944    6.642    2.645    3.655
56187   430  2163      NaN    0.000    0.000
56193   507  1970    4.201    2.503    3.700
56196   531  2079      NaN    0.000    0.000
56257    31  2241    4.658    2.377    4.739
56287   337  2243    6.210    2.213    5.052
56357    35  2347    4.493    2.671    4.358
56374   221  2235    3.813    1.371    2.468
56385   374  2295    6.220    1.400    3.565
56462   169  2353    3.761    1.377    2.919
56492   516  2375    5.214    2.594    6.110
56571   255  2476      NaN    0.000    0.000
56586   421  2540    4.248    2.077    3.897
56651    25  2596    4.868    1.242    4.603
56671   253  2616    5.197    2.497    7.510
56684   369  2642    5.693    2.758    5.135
56691   481  2592      NaN    2.277    4.123
56751    22  2723      NaN    2.819    4.390
56763   210  2719    0.005    2.013    7.916
56768   171  2799      NaN    2.890    4.819
56778   302  2799      NaN    0.000    0.000
56786   430  2736    4.609    2.065    4.165
56886   423  2853    3.415    2.655    3.935
56951    25  2919      NaN    3.300    4.081
56959    89  3137      NaN    0.000    0.000
56964   111  3051    3.858    2.513    3.242
56966   223  2958    0.893    1.932    2.781
56969   178  3193    2.719    3.981    4.294
56977   204  3068    3.721    3.490    4.048
56985   380  2982      NaN    0.000    0.000
57006   645  1728      NaN    0.000    0.000
57014   658  1730      NaN    0.000    0.000
57016   800  1754      NaN    0.000    0.000
57025   828  1735    4.275    1.529    9.694
57046  1130  1739    6.736    1.565   10.097
57067  1237  1787    4.875    1.655    8.148
57071  1394  1702    4.583    1.452    9.429
57083  1530  1713      NaN    0.000    0.000
57127   789  1898    5.451    0.000    0.000
57131  1005  1744      NaN    1.955    9.542
57178  1410  1901      NaN    0.000    0.000
57193  1627  1817    5.600    1.948    8.358
57237   901  2010    5.451    4.900    6.400
57245  1013  1937      NaN    0.000    0.000
57259  1207  2013    4.827    3.210    4.297
57265  1308  1974      NaN    0.000    0.000
57279  1420  2000    3.962    3.332    5.690
57290  1571  1905      NaN    0.000    0.000
57297  1575  2002      NaN    0.000    0.000
57306   669  2064      NaN    3.200    5.839
57328   841  2107      NaN    0.000    0.000
57348  1069  2127    5.619    4.390    5.871
57378  1408  2110      NaN    2.635    5.968
57399  1677  2108    5.301    2.606    4.965
57411   682  2151      NaN    0.000    0.000
57426   875  2164    3.615    3.071    6.452
57447  1061  2209    5.213    2.194    3.694
57461  1267  2163      NaN    0.000    0.000
57476  1362  2202      NaN    0.000    0.000
57494  1584  2172      NaN    0.000    0.000
57503   574  2284    5.286    2.603    5.894
57504   567  2288      NaN    0.000    0.000
57516   725  2288      NaN    0.000    0.000
57554  1140  2308    5.137    4.000    5.206
57584  1466  2310      NaN    0.000    0.000
57598  1634  2349    0.971    3.271    5.597
57602   610  2366      NaN    0.000    0.000
57604   604  2377    5.434    0.000    0.000
57633   983  2372    5.238    2.516    4.187
57655  1166  2413    6.013    3.068    5.587
57662  1310  2347      NaN    0.000    0.000
57687  1442  2439      NaN    0.000    0.000
57707   587  2543    5.306    2.361    3.668
57712   779  2495    3.561    2.629    5.148
57713   772  2499    4.543    2.000    4.787
57731   925  2471    4.809    2.897    4.842
57745  1086  2527    4.588    2.329    5.010
57766  1285  2551    5.502    2.916    6.029
57776  1423  2543    4.394    1.142    3.913
57793  1612  2487    5.598    0.000    0.000
57799  1677  2564      NaN    0.000    0.000
57816   755  2624      NaN    0.000    0.000
57832   972  2581    5.925    2.732    4.729
57845  1097  2670    5.223    1.958    3.194
57853  1192  2607    4.843    0.000    0.000
57866  1302  2663      NaN    0.000    0.000
57902   582  2752    5.165    2.513    3.394
57916   759  2752    4.753    2.071    3.394
57922   847  2708    4.597    1.190    2.642
57932   957  2693    4.889    2.245    3.813
57957  1155  2764    4.503    0.000    0.000
57972  1461  2711    5.573    3.739    6.071
57993  1681  2704    5.111    3.445    6.610
58027  1922  1761      NaN    0.000    0.000
58040  2144  1698      NaN    0.000    0.000
58102  1767  1806      NaN    0.000    0.000
58141  2133  1830    5.007    2.548    5.890
58144  2133  1838      NaN    0.000    0.000
58150  2269  1819    5.468    3.503    6.681
58203  1763  1920    3.677    2.761    6.442
58208  1750  1998    4.931    3.648    5.555
58221  1948  1914    5.862    2.874    7.129
58238  2118  2024    4.726    3.223    7.432
58251  2273  1922      NaN    0.000    0.000
58265  2420  2010    5.395    0.000    0.000
58314  1830  2084      NaN    0.000    0.000
58321  1939  2041    5.005    2.661    7.468
58338  2082  2112    4.709    2.610    7.590
58345  2183  2080      NaN    0.000    0.000
58362  2403  2082      NaN    0.000    0.000
58424  1911  2181      NaN    0.000    0.000
58437  2034  2226      NaN    2.174    4.577
58457  2260  2215      NaN    0.000    0.000
58472  2515  2159      NaN    0.000    0.000
58477  2478  2237    1.687    0.000    0.000
58506  1791  2288    5.120    1.584    4.332
58527  1927  2319      NaN    0.000    0.000
58543  2131  2284      NaN    0.000    0.000
58556  2332  2286      NaN    0.000    0.000
58569  2459  2331      NaN    0.000    0.000
58606  1784  2398    4.780    3.155    7.110
58633  2114  2357      NaN    0.000    0.000
58646  2232  2415    5.315    2.400    6.177
58660  2368  2370      NaN    0.000    0.000
58666  2452  2415      NaN    2.623    3.881
58715  1866  2512    5.336    2.616    6.461
58725  1957  2540    1.871    2.771    5.161
58730  2021  2491    0.536    1.297    4.516
58731  2077  2474    5.247    1.455    4.558
58752  2314  2489    5.014    0.000    0.000
58754  2263  2540      NaN    0.000    0.000
58813  1830  2594    4.947    2.794    6.948
58834  2034  2618      NaN    3.323    5.755
58847  2161  2680      NaN    0.000    0.000
58849  2234  2670      NaN    5.400    8.055
58853  2319  2577      NaN    0.000    0.000
58911  1834  2706    5.132    2.819    7.345
58921  1944  2693    5.864    0.000    0.000
58926  1950  2767      NaN    5.861    7.339
58931  2028  2721    4.072    2.984    5.339
58944  2217  2743      NaN    0.000    0.000
58968  2411  2797      NaN    0.000    0.000
58974  2472  2730      NaN    0.000    0.000
59007   568  2906    4.627    2.777    4.097
59023   901  2835    5.236    0.000    0.000
59046  1054  2874      NaN    0.000    0.000
59058  1179  2891    4.849    3.174    4.474
59072  1386  2823      NaN    0.000    0.000
59082  1524  2838    5.214    4.435    5.661
59087  1515  2926      NaN    0.000    0.000
59096  1623  2872    5.361    2.400    4.148
59102  1754  2807    5.033    2.281    4.619
59117  1806  2879      NaN    0.000    0.000
59134  2026  2859      NaN    0.000    0.000
59152  2349  2823      NaN    0.000    0.000
59158  2318  2896      NaN    0.000    0.000
59162  2437  2827      NaN    0.000    0.000
59209   667  2991      NaN    1.016    2.526
59211   740  2924    4.426    0.000    0.000
59254  1130  2980      NaN    0.000    0.000
59265  1267  2971    5.371    3.571    5.177
59278  1397  3019    5.975    0.000    0.000
59287  1494  3006      NaN    0.000    0.000
59293  1651  2935    4.738    2.961    4.484
59316  1870  2980      NaN    0.000    0.000
59348  2204  2995      NaN    2.077    5.329
59353  2331  2967      NaN    3.729    5.587
59358  2265  3025      NaN    0.000    0.000
59362  2422  2911      NaN    0.000    0.000
59368  2394  3014      NaN    0.000    0.000
59417   757  3096    4.824    4.968    5.797
59431   921  3066    5.016    2.223    3.626
59456  1226  3098    5.166    2.897    4.155
59493  1580  3075      NaN    0.000    0.000
59501  1722  3049      NaN    0.000    0.000
59554  2271  3068      NaN    0.000    0.000
59556  2342  3098      NaN    0.000    0.000
59559  2325  3137    3.045    3.010    5.290
59562  2370  3053      NaN    0.000    0.000
59567  2415  3133      NaN    0.000    0.000
59632   966  3143    5.416    0.000    0.000
59644  1020  3195      NaN    0.000    0.000
59658  1155  3232    2.090    3.045    5.023
59663  1341  3156    5.747    2.587    4.200
59673  1431  3167      NaN    0.000    0.000
59758  1149  3361      NaN    0.000    0.000
59792  1873  3286      NaN    0.000    0.000
