30949  1341    50    3.903    0.570    4.177
30967  1765    12    4.140    0.420    4.770
30978  2060    20    3.931    0.420    4.587
31583  3352    25    0.551    0.677    3.943
31587  3210    44    4.545    0.583    4.567
31594  3370    66    0.917    0.727    4.187
31618  3637   111    1.531    0.940    3.123
31624  3723    68    2.238    0.970    2.917
31632  3880     8    2.171    1.220    2.340
31636  3891    51    3.088    0.967    2.707
31655  4096    63      NaN    1.277    2.497
31702  3482   113    1.858    0.900    3.390
31703  3555   113    1.876    1.093    3.417
31707  3469   255    4.716    0.713    3.880
31710  3654   231    0.882    0.837    3.857
31713  3691   143    1.257    1.017    3.487
31725  3790   156    1.466    1.023    3.397
31733  4020   134      NaN    1.303    2.757
31735  3940   167    4.818    1.240    2.883
31754  4151   158    2.602    1.453    2.220
31770  4515   113      NaN    1.567    1.967
31786  3900   275    1.525    1.103    3.213
31788  3846   320    1.638    1.120    3.330
31792  3992   251      NaN    1.223    2.963
31801  4054   262    2.203    1.170    2.730
31823  4429   229      NaN    0.000    0.000
31825  4302   270    2.199    1.060    2.517
31829  4367   302      NaN    0.000    0.000
31832  3839   359      NaN    1.067    3.427
31845  3956   389    2.800    1.100    3.073
31866  4294   389      NaN    1.117    2.907
31873  3779   464    1.033    0.960    3.623
31878  3757   552    1.000    1.007    3.620
31884  3839   514    2.681    1.087    3.353
31909  4100   561      NaN    0.880    3.650
31913  3583   537      NaN    0.000    0.000
31915  3516   628    0.862    0.807    4.060
31917  3508   669    0.669    0.783    4.293
31921  3592   593      NaN    0.903    4.113
31924  3592   624    0.770    0.843    3.933
31931  3706   583    1.179    1.050    3.720
31935  3751   626    1.068    0.917    3.427
31939  3794   656    0.987    1.220    3.283
31958  3971   645    0.913    0.987    3.427
31959  4016   632      NaN    0.000    0.000
31960  3578   772      NaN    0.000    0.000
31961  3581   686    0.759    0.920    4.050
31969  3451   824      NaN    0.000    0.000
31977  3591   755      NaN    0.830    4.017
31981  3704   677    1.062    1.123    3.537
31987  3699   768    3.591    0.807    3.747
31989  3798   796      NaN    0.000    0.000
31994  3828   720    4.001    1.013    3.203
32088  4709   106      NaN    0.000    0.000
32098  4828    89      NaN    0.000    0.000
32099  5011   152      NaN    0.000    0.000
32121  4727   227      NaN    0.000    0.000
32128  4711   331      NaN    0.000    0.000
32133  4795   300    0.175    1.277    2.140
32150  4785   343    2.372    0.000    0.000
44230   225    50    3.974    0.550    4.433
44231    20    42    3.599    0.740    4.260
44232   303    70    3.832    0.523    4.573
44237   156   165    4.142    0.630    4.407
44239   399   135    4.124    0.573    4.570
44241   680   122    4.095    0.517    4.650
44256  1614    51    3.968    0.383    4.697
44259  1631   216    4.340    0.283    5.267
44282   165   287    4.314    0.577    4.790
44284    16   371    3.785    0.370    4.730
44285   311   348    3.749    0.527    4.803
44287    78   434    4.600    0.223    5.677
44288   313   419    4.046    0.407    5.330
44292   770   234      NaN    0.000    0.000
44294   839   303    4.145    0.470    4.823
44298   921   399    3.687    0.273    5.170
44302  1358   249    4.224    0.353    4.857
44304  1192   302    4.202    0.320    5.000
44305  1489   372    4.257    0.277    5.137
44313  2086   268    4.375    0.437    4.860
44314  1752   318    4.704    0.210    5.403
44317  1722   460    4.511    0.290    5.177
44336   438   511      NaN    0.150    6.057
44341   705   475    3.819    0.273    5.503
44347   596   626      NaN    0.107    6.170
44352  1386   479    4.099    0.200    5.583
44354  1134   572    3.609    0.127    5.827
44358  1334   703    3.738    0.130    5.757
44373   496   720      NaN    0.000    0.000
45004  1588  3102      NaN    0.000    0.000
45005  1588  3103      NaN    0.000    0.000
45007  1560  3102      NaN    0.000    0.000
45011  1520  3118      NaN    0.000    0.000
45013  1520  3118      NaN    0.000    0.000
45018  1520  3122      NaN    0.000    0.000
45020  1517  3116      NaN    0.000    0.000
45031  1618  3075      NaN    1.427    6.523
45032  1586  3077    0.069    1.330    6.003
45033  1603  3077      NaN    0.867    7.020
45034  1595  3083    2.074    4.463    5.970
45035  1567  3085      NaN    0.000    0.000
45036  1608  3085      NaN    0.000    0.000
45037  1590  3087      NaN    0.000    0.000
45038  1565  3092      NaN    0.000    0.000
45039  1591  3092      NaN    0.000    0.000
45040  1599  3094      NaN    0.000    0.000
45041  1597  3102      NaN    0.000    0.000
45042  1558  3103      NaN    0.000    0.000
45043  1588  3109      NaN    0.000    0.000
45044  1571  3115      NaN    0.000    0.000
45045  1603  3116      NaN    0.000    0.000
47003  3406   862      NaN    0.763    4.630
47005  3171   918    3.967    1.127    3.417
47008  3340   921      NaN    0.000    0.000
47014  3012   921    5.656    1.180    3.740
47016  3156   964      NaN    0.000    0.000
47020  2980  1013    5.382    1.187    3.600
47022  3154  1030    5.453    1.267    3.730
47025  3271  1046      NaN    0.870    4.760
47028  2794  1071      NaN    1.010    4.073
47031  3053  1080    5.963    1.420    3.313
47035  2732  1110      NaN    0.000    0.000
47037  2829  1123    6.353    1.020    4.043
47039  2941  1102    6.348    1.153    4.013
47041  3087  1128      NaN    0.950    4.360
47046  3158  1117      NaN    0.000    0.000
47050  2874  1164      NaN    0.930    4.323
47052  2986  1209    6.168    1.213    3.897
47055  3074  1212      NaN    0.890    4.707
47058  2889  1229      NaN    0.000    0.000
47060  2844  1265      NaN    0.000    0.000
47061  3158  1263    6.660    0.000    0.000
47065  2887  1287      NaN    0.000    0.000
47067  2973  1289    5.700    1.050    4.027
47068  2788  1328      NaN    1.840    3.797
47069  2879  1341      NaN    0.823    4.233
47070  2976  1349    6.126    0.833    4.243
47075  3057  1298    6.359    1.100    3.850
47090  3200  1317      NaN    0.000    0.000
47092  3212  1338    5.739    0.993    4.497
47095  3059  1328    6.345    0.947    3.903
47097  3079  1427    5.949    0.823    4.110
47098  3032  1356      NaN    0.000    0.000
47099  2997  1358      NaN    0.000    0.000
47100  3217  1380    2.388    1.123    4.130
47101  3107  1356      NaN    0.000    0.000
47102  2760  1349      NaN    1.703    3.567
47104  3232  1367    6.806    1.080    4.077
47105  3236  1373      NaN    0.000    0.000
47106  3262  1401      NaN    0.000    0.000
47108  3019  1394      NaN    0.000    0.000
47110  3001  1394      NaN    0.000    0.000
47112  2982  1403      NaN    0.000    0.000
47113  2962  1405      NaN    0.967    3.373
47114  3131  1420    6.198    0.000    0.000
47115  3464  1401      NaN    2.110    4.483
47119  3023  1427      NaN    0.000    0.000
47121  3187  1436    2.703    1.147    3.967
47127  3131  1461      NaN    0.000    0.000
47129  2969  1481    5.815    0.890    4.227
47130  3296  1459      NaN    0.000    0.000
47131  3074  1498      NaN    0.000    0.000
47133  3066  1528      NaN    0.000    0.000
47135  3135  1545    2.894    0.983    4.430
47136  3215  1506    6.233    0.970    4.423
47137  3154  1524    6.676    0.970    4.423
47138  3292  1565      NaN    0.000    0.000
47140  2997  1569      NaN    0.000    0.000
47143  3206  1582      NaN    0.000    0.000
47145  3038  1483    6.416    0.817    4.277
47146  3042  1590      NaN    0.000    0.000
47150  2975  1532      NaN    0.887    4.277
47151  3288  1614      NaN    0.000    0.000
47152  3284  1619      NaN    0.000    0.000
47154  3172  1556      NaN    0.000    0.000
47155  3200  1662      NaN    0.000    0.000
47156  3012  1662      NaN    0.000    0.000
47157  3126  1606    6.640    0.953    4.370
47159  3253  1670      NaN    0.000    0.000
47162  3186  1698      NaN    0.000    0.000
47163  2954  1683      NaN    0.000    0.000
47165  2956  1702      NaN    0.000    0.000
47167  3094  1700      NaN    0.000    0.000
47168  3107  1711      NaN    0.000    0.000
47169  2851  1716      NaN    2.467    3.713
47170  2991  1750      NaN    3.017    4.530
47171  3010  1619      NaN    0.000    0.000
47172  2991  1632      NaN    0.817    4.540
47173  3062  1636    6.703    1.050    4.290
47174  3051  1674    5.634    1.173    4.547
47175  2948  1741      NaN    1.423    4.497
47182  2969  1847      NaN    0.000    0.000
47184  2971  1849      NaN    0.000    0.000
47185  2930  1873      NaN    0.000    0.000
47188  3010  1862      NaN    1.473    4.707
47189  2975  1879      NaN    0.000    0.000
47192  3150  1659      NaN    0.000    0.000
47401  4670   514      NaN    0.000    0.000
47402  4770   568    4.806    1.347    3.043
47404  4671   632      NaN    0.000    0.000
47405  4813   608      NaN    1.537    3.473
47406  4664   679      NaN    0.000    0.000
47407  4746   701      NaN    0.000    0.000
47409  4961   671      NaN    1.580    3.800
47411  4595   764      NaN    0.000    0.000
47412  4630   778      NaN    0.000    0.000
47413  4681   761      NaN    1.607    2.800
47417  4841   794      NaN    0.000    0.000
47418  4972   787      NaN    0.000    0.000
47421  4505   807      NaN    1.607    2.923
47423  4591   862      NaN    0.000    0.000
47424  4655   828      NaN    0.000    0.000
47426  4793   878      NaN    0.000    0.000
47428  4494   912      NaN    0.000    0.000
47430  4565   918      NaN    0.000    0.000
47433  4565   796      NaN    0.000    0.000
47435  4856   634      NaN    0.000    0.000
47440  4852   863      NaN    0.000    0.000
47512  4673  1226      NaN    1.273    3.833
47520  4516  1261    2.815    1.253    3.127
47570  4472  1403      NaN    0.000    0.000
47574  4474  1048      NaN    1.420    3.207
47575  4567  1030      NaN    0.000    0.000
47576  4617   977      NaN    1.227    3.367
47581  4651  1061      NaN    0.000    0.000
47582  4492  1153      NaN    0.000    0.000
47584  4612  1155      NaN    0.000    0.000
47585  4701  1160    5.207    1.163    3.747
47587  4464  1242      NaN    0.000    0.000
47588  4520  1317      NaN    0.000    0.000
47590  4582  1315      NaN    0.000    0.000
47592  4627  1296      NaN    0.000    0.000
47595  4533  1371      NaN    0.000    0.000
47597  4505  1442      NaN    0.000    0.000
47598  4582  1463      NaN    0.000    0.000
47600  4134  1412      NaN    0.000    0.000
47602  4283  1341      NaN    0.000    0.000
47604  4375  1354      NaN    0.000    0.000
47605  4104  1504      NaN    0.000    0.000
47606  4151  1479      NaN    0.000    0.000
47607  4167  1489      NaN    0.000    0.000
47610  4279  1494      NaN    0.000    0.000
47612  4285  1446    5.233    1.193    4.047
47615  4466  1507      NaN    0.000    0.000
47616  4057  1563      NaN    0.000    0.000
47617  4173  1552      NaN    0.000    0.000
47618  4253  1541      NaN    0.000    0.000
47620  4270  1563      NaN    0.000    0.000
47622  4319  1530      NaN    0.000    0.000
47624  4376  1524      NaN    0.000    0.000
47626  4412  1552      NaN    0.000    0.000
47629  4533  1526      NaN    0.000    0.000
47631  4040  1608      NaN    0.000    0.000
47632  4119  1636      NaN    0.000    0.000
47636  4141  1662      NaN    0.000    0.000
47637  4236  1623      NaN    0.000    0.000
47638  4319  1606      NaN    0.000    0.000
47639  4339  1640      NaN    0.000    0.000
47640  4343  1625      NaN    0.000    0.000
47641  4376  1571      NaN    0.000    0.000
47648  4576  1599      NaN    0.000    0.000
47649  4050  1707      NaN    0.000    0.000
47651  4091  1711      NaN    0.000    0.000
47653  4156  1722      NaN    0.000    0.000
47654  4225  1713      NaN    0.000    0.000
47655  4281  1726      NaN    0.000    0.000
47656  4302  1683      NaN    0.000    0.000
47657  4362  1668      NaN    0.000    0.000
47662  4455  1604      NaN    0.000    0.000
47663  4055  1786      NaN    1.577    4.297
47666  4352  1726      NaN    0.000    0.000
47668  4380  1675      NaN    1.720    4.893
47670  4442  1632      NaN    0.000    0.000
47672  4466  1683      NaN    0.000    0.000
47674  4516  1664      NaN    1.517    5.100
47675  4410  1709      NaN    0.000    0.000
47677  4427  1780      NaN    2.930    4.563
47678  4457  1892      NaN    2.050    4.487
47682  4492  1614      NaN    0.000    0.000
47684  4098  1688      NaN    0.000    0.000
47690  4425  1487      NaN    1.287    4.140
47740  3734  1547      NaN    1.997    4.017
47741  3704  1631      NaN    0.000    0.000
47742  3723  1619      NaN    0.000    0.000
47744  3734  1632      NaN    0.000    0.000
47746  3835  1627      NaN    0.000    0.000
47747  3900  1621    7.607    1.430    4.140
47750  3956  1631      NaN    1.637    4.063
47754  3518  1746      NaN    0.000    0.000
47755  3592  1692      NaN    0.000    0.000
47756  3811  1674      NaN    0.000    0.000
47759  4003  1679      NaN    0.000    0.000
47761  4061  1649      NaN    0.000    0.000
47762  3466  1799      NaN    0.000    0.000
47765  3637  1748      NaN    0.000    0.000
47766  3647  1767      NaN    0.000    0.000
47767  3725  1743      NaN    0.000    0.000
47768  3800  1718      NaN    0.000    0.000
47769  3884  1700      NaN    0.000    0.000
47770  3945  1715      NaN    0.000    0.000
47772  3979  1716      NaN    0.000    0.000
47776  3910  1756      NaN    1.400    4.723
47777  3940  1767      NaN    0.000    0.000
47778  4007  1855      NaN    1.863    4.750
47780  4014  1715      NaN    0.000    0.000
47784  3523  1774      NaN    0.000    0.000
47800  3283  1771      NaN    0.000    0.000
47805  3311  1864      NaN    0.000    0.000
47807  3404  1840      NaN    0.000    0.000
47809  3439  1832      NaN    0.000    0.000
47812  3331  1886      NaN    0.000    0.000
47813  3395  1875      NaN    0.000    0.000
47814  3466  1870      NaN    0.000    0.000
47815  3542  1879      NaN    0.000    0.000
47817  3346  1935      NaN    0.000    0.000
47818  3391  1935    8.027    2.673    4.847
47819  3439  1926      NaN    0.000    0.000
47821  3480  1918    4.948    1.207    4.757
47822  3546  1952      NaN    0.000    0.000
47823  3383  2013      NaN    0.000    0.000
47824  3445  1993      NaN    0.000    0.000
47827  3423  2067      NaN    0.000    0.000
47829  3482  2047      NaN    0.000    0.000
47830  3520  2024      NaN    0.000    0.000
47831  3395  2099      NaN    1.647    5.410
47835  3518  2064      NaN    1.433    5.230
47836  3436  2198      NaN    1.803    5.493
47837  3471  2161      NaN    0.000    0.000
47838  3365  1995      NaN    0.000    0.000
47842  3176  2019      NaN    0.000    0.000
47843  3230  1939      NaN    0.000    0.000
47887  3673  1810      NaN    0.000    0.000
47890  3781  1761      NaN    0.000    0.000
47891  3815  1758      NaN    0.000    0.000
47892  3647  1879      NaN    0.000    0.000
47893  3759  1842      NaN    0.000    0.000
47895  3872  1786      NaN    0.000    0.000
47897  3663  1914    7.154    0.000    0.000
47898  3699  1937      NaN    0.000    0.000
47899  3830  1877      NaN    0.000    0.000
47909  3305  2422      NaN    1.663    5.257
47912  2579  2861      NaN    3.923    5.800
47917  2663  2864      NaN    0.000    0.000
47918  2708  2876      NaN    0.000    0.000
47927  2833  2823      NaN    0.000    0.000
47929  3003  2652      NaN    2.197    5.563
47936  3102  2667      NaN    0.000    0.000
47940  3133  2622      NaN    0.000    0.000
47942  3215  2528      NaN    2.407    5.313
47945  3499  2708      NaN    2.417    5.420
47971  4726  2566      NaN    0.000    0.000
48803   445  3081    4.398    2.257    4.930
48806   438  3212    0.545    2.857    5.477
48808   701  3062    4.380    2.633    4.843
48820   651  3245      NaN    0.000    0.000
48823   690  3312    3.882    0.817    1.480
48826   744  3271    4.243    2.400    5.733
48830   759  3156    3.229    2.107    5.100
48839   865  3346      NaN    0.000    0.000
48921   212  3178    2.447    3.117    5.093
48924   165  3243    3.255    4.037    5.323
48925   225  3284    0.005    3.030    5.110
48927   475  3314    1.071    2.530    5.727
50527  2213    89      NaN    0.000    0.000
50548  2657    91      NaN    0.417    4.683
50557  2827    94    5.156    0.410    4.837
50564  3064    64    4.866    0.537    4.440
50603  1884   150    4.432    0.287    5.223
50632  2456   139    0.366    0.583    4.273
50658  2900   219    4.944    0.000    0.000
50727  2234   318    4.589    0.693    4.267
50745  2680   294      NaN    0.000    0.000
50756  3021   288    4.852    0.433    4.977
50774  3238   257    5.609    0.623    3.623
50788  3583   311    4.875    0.753    3.970
50844  2624   404    4.611    0.307    5.377
50854  2836   406    5.164    0.393    5.203
50888  3606   414    4.611    0.800    3.960
50915  1901   503    4.666    0.270    5.430
50949  2786   552    5.309    0.393    5.260
50953  2999   477    5.172    0.560    4.907
50963  3219   453    5.516    0.653    4.490
50968  3133   537      NaN    0.000    0.000
50978  3466   527      NaN    0.000    0.000
50983  3693   475      NaN    0.000    0.000
52267   120   903      NaN    0.000    0.000
52378   266   968      NaN    0.000    0.000
52495   505  1037      NaN    0.000    0.000
52652    50  1240      NaN    0.000    0.000
52681   346  1274    4.504    0.100    7.193
52754    16  1420      NaN    1.013    4.820
52787   322  1435    5.312    0.563    5.893
52866   199  1500      NaN    0.000    0.000
52889   436  1563      NaN    0.000    0.000
52955    85  1616    4.776    0.667    5.663
52983   466  1584    5.079    0.397    6.187
52996   561  1638    4.996    0.700    6.050
53068  1345   712      NaN    0.137    5.967
53083  1586   604    4.223    0.243    5.330
53149  1136   837      NaN    0.113    6.327
53192  1675   671    4.312    0.257    5.403
53231   716   959      NaN    0.000    0.000
53276  1446   852      NaN    0.223    5.670
53336   955   946      NaN    0.127    6.397
53352  1170   931    4.798    0.193    6.007
53391  1569   908    4.776    0.333    5.547
53463  1310  1030      NaN    0.000    0.000
53480  1464  1005    5.396    0.347    5.520
53487  1494  1110      NaN    0.000    0.000
53502   645  1145      NaN    0.073    6.840
53513   830  1035      NaN    0.000    0.000
53529   895  1222      NaN    0.183    6.677
53543  1119  1140      NaN    0.000    0.000
53564  1250  1190      NaN    0.260    6.263
53588  1515  1239    1.516    0.350    6.370
53593  1632  1140      NaN    0.000    0.000
53614   695  1293    5.056    0.153    6.907
53646  1097  1315    5.226    0.250    6.300
53673  1423  1261      NaN    0.000    0.000
53698  1616  1341      NaN    0.000    0.000
53705   638  1403    5.343    0.170    6.893
53723   828  1367    4.759    0.280    6.437
53764  1244  1401      NaN    0.000    0.000
53772  1407  1369      NaN    0.000    0.000
53787  1455  1450    5.699    0.260    6.483
53798  1625  1450      NaN    0.000    0.000
53845  1065  1502    5.796    0.300    6.793
53863  1336  1453      NaN    0.000    0.000
53898  1614  1563    5.800    0.980    6.127
53915   748  1619      NaN    0.000    0.000
53923   856  1599      NaN    0.000    0.000
53959  1239  1675    5.549    0.230    7.067
53975  1390  1627      NaN    0.000    0.000
54012  1972   608    4.587    0.393    5.193
54026  2342   610      NaN    0.177    5.870
54027  2174   675    4.900    0.270    5.483
54049  2685   645    4.956    0.313    5.213
54094  3316   610      NaN    0.000    0.000
54096  3490   630      NaN    0.000    0.000
54102  1806   679    4.636    0.273    5.280
54115  2024   718    4.657    0.307    5.267
54135  2495   718      NaN    0.220    5.907
54157  2726   764    5.550    0.433    5.217
54161  2825   684      NaN    0.000    0.000
54186  3159   744      NaN    0.000    0.000
54208  1845   876    5.295    0.413    5.150
54218  2125   867      NaN    0.000    0.000
54226  2319   860    5.014    0.240    5.557
54236  2525   850    5.016    0.293    5.283
54259  2795   886    6.189    0.840    4.473
54273  2997   787    4.630    1.000    4.203
54292  3305   800    5.629    0.740    4.203
54308  1864   987    5.663    0.330    5.630
54311  1989   904      NaN    0.000    0.000
54324  2291   947    5.158    0.217    5.963
54337  2366   994      NaN    0.000    0.000
54342  2635   927    5.902    0.440    5.197
54346  2665   974      NaN    0.000    0.000
54374  3016   929    0.937    0.963    3.640
54377  2930   998    5.907    0.990    3.723
54386  3156   970    5.678    1.250    3.363
54401  1668  1033      NaN    0.000    0.000
54405  1737  1074      NaN    0.000    0.000
54423  2011  1011      NaN    0.000    0.000
54436  2123  1076    6.376    0.393    5.763
54471  2484  1046      NaN    0.000    0.000
54493  2777  1041    5.849    1.003    4.133
54497  2726  1115      NaN    0.000    0.000
54511  1825  1128      NaN    0.000    0.000
54527  1924  1222      NaN    0.000    0.000
54534  2028  1160      NaN    0.000    0.000
54539  2118  1184      NaN    0.000    0.000
54587  2601  1227      NaN    0.000    0.000
54602  1744  1250      NaN    0.000    0.000
54618  1855  1336      NaN    0.000    0.000
54662  2424  1244      NaN    0.000    0.000
54715  1856  1420      NaN    0.000    0.000
54725  1965  1401    6.059    0.500    5.980
54751  2321  1352      NaN    0.000    0.000
54753  2276  1388      NaN    0.000    0.000
54776  2542  1412      NaN    1.327    4.600
54808  1756  1543    7.404    0.667    6.310
54823  1911  1502    6.312    0.327    6.543
54826  1916  1541      NaN    0.000    0.000
54836  2034  1548      NaN    0.000    0.000
54843  2150  1483      NaN    0.000    0.000
54857  2278  1562      NaN    0.000    0.000
54863  2374  1483      NaN    0.640    5.037
54909  1744  1674    7.567    1.147    6.070
54916  1888  1618      NaN    0.000    0.000
54929  2011  1653    5.970    0.433    6.213
54945  2189  1632      NaN    0.000    0.000
56065   180  1711    5.081    1.257    4.710
56079   333  1840    5.534    1.690    4.513
56080   326  1681    4.929    1.143    4.887
56096   552  1860    4.833    0.000    0.000
56146     1  2060    4.881    1.703    4.843
56152    38  1985    4.211    1.590    4.770
56167   126  2131    4.640    1.633    4.737
56172   251  2028    2.243    1.513    4.553
56182   400  1944    5.598    2.207    4.340
56187   430  2163      NaN    0.353    3.750
56193   507  1970    3.606    1.697    4.940
56196   531  2079      NaN    0.000    0.000
56257    31  2241    4.413    1.287    5.077
56287   337  2243    6.270    1.727    5.510
56357    35  2347    4.533    1.430    5.107
56374   221  2235    0.862    1.953    4.437
56385   374  2295    6.474    2.067    6.380
56462   169  2353    0.889    0.963    5.150
56492   516  2375    5.013    0.417    6.683
56571   255  2476      NaN    0.000    0.000
56586   421  2540    4.102    1.167    5.520
56651    25  2596    5.700    0.717    5.553
56671   253  2616    5.755    0.867    7.203
56684   369  2642    6.005    0.887    6.557
56691   481  2592    4.173    0.980    5.777
56751    22  2723      NaN    1.223    6.217
56763   210  2719    0.005    0.900    6.583
56768   171  2799    0.005    1.243    6.410
56778   302  2799      NaN    0.000    0.000
56786   430  2736    5.629    1.123    5.827
56886   423  2853    5.354    1.557    5.683
56951    25  2919      NaN    4.280    6.260
56959    89  3137      NaN    0.000    0.000
56964   111  3051    5.947    1.363    5.750
56966   223  2958    0.005    1.547    5.543
56969   178  3193    0.984    3.227    5.347
56977   204  3068    3.531    3.467    5.553
56985   380  2982      NaN    0.000    0.000
57006   645  1728      NaN    0.000    0.000
57014   658  1730      NaN    0.000    0.000
57016   800  1754      NaN    0.000    0.000
57025   828  1735    6.886    1.057    5.393
57046  1130  1739    7.397    0.340    7.003
57067  1237  1787    5.659    0.367    6.480
57071  1394  1702    5.962    0.550    6.530
57083  1530  1713      NaN    0.000    0.000
57127   789  1898    6.175    0.000    0.000
57131  1005  1744      NaN    0.500    6.520
57178  1410  1901      NaN    0.000    0.000
57193  1627  1817    7.131    0.563    6.690
57237   901  2010    6.651    1.760    5.210
57245  1013  1937      NaN    0.000    0.000
57259  1207  2013    7.184    1.053    5.550
57265  1308  1974      NaN    0.000    0.000
57279  1420  2000    5.954    1.620    6.003
57290  1571  1905      NaN    0.000    0.000
57297  1575  2002      NaN    0.000    0.000
57306   669  2064      NaN    0.593    6.467
57328   841  2107      NaN    0.000    0.000
57348  1069  2127    6.722    1.647    5.103
57378  1408  2110      NaN    0.810    6.350
57399  1677  2108    6.188    0.697    6.030
57411   682  2151      NaN    0.000    0.000
57426   875  2164    5.173    1.353    5.193
57447  1061  2209    6.239    1.600    4.740
57461  1267  2163      NaN    0.000    0.000
57476  1362  2202      NaN    0.000    0.000
57494  1584  2172      NaN    0.000    0.000
57503   574  2284    3.864    1.040    6.007
57504   567  2288      NaN    0.000    0.000
57516   725  2288      NaN    0.000    0.000
57554  1140  2308    6.159    1.693    4.480
57584  1466  2310      NaN    0.000    0.000
57598  1634  2349    4.092    1.860    5.243
57602   610  2366      NaN    0.000    0.000
57604   604  2377      NaN    0.713    6.333
57633   983  2372    5.573    1.847    4.363
57655  1166  2413    6.914    1.440    4.837
57662  1310  2347      NaN    0.000    0.000
57687  1442  2439      NaN    0.000    0.000
57707   587  2543    2.853    1.990    5.177
57712   779  2495    2.670    1.750    4.613
57713   772  2499    2.740    1.850    4.807
57731   925  2471    5.271    1.760    4.333
57745  1086  2527    4.732    1.817    4.637
57766  1285  2551    5.103    1.767    5.113
57776  1423  2543    3.230    1.733    5.310
57793  1612  2487    5.470    0.000    0.000
57799  1677  2564      NaN    0.000    0.000
57816   755  2624      NaN    0.000    0.000
57832   972  2581    5.528    2.013    4.253
57845  1097  2670    5.409    2.013    4.240
57853  1192  2607    4.508    1.947    4.693
57866  1302  2663      NaN    0.000    0.000
57902   582  2752    3.369    2.227    4.923
57916   759  2752    3.823    2.177    4.333
57922   847  2708    3.128    2.113    4.033
57932   957  2693    4.001    2.550    4.373
57957  1155  2764    4.486    2.133    4.827
57972  1461  2711    6.052    1.760    5.523
57993  1681  2704    5.463    1.467    5.883
58027  1922  1761      NaN    0.000    0.000
58040  2144  1698      NaN    0.000    0.000
58102  1767  1806      NaN    0.000    0.000
58141  2133  1830    6.139    0.890    5.623
58144  2133  1838      NaN    0.000    0.000
58150  2269  1819    7.287    0.490    5.820
58203  1763  1920    6.255    2.057    5.590
58208  1750  1998    6.005    0.597    6.440
58221  1948  1914    6.944    0.553    6.323
58238  2118  2024    6.230    0.583    5.943
58251  2273  1922      NaN    0.000    0.000
58265  2420  2010    7.064    0.000    0.000
58314  1830  2084      NaN    0.000    0.000
58321  1939  2041      NaN    0.537    6.320
58338  2082  2112    6.463    0.973    5.620
58345  2183  2080      NaN    0.000    0.000
58362  2403  2082      NaN    0.000    0.000
58424  1911  2181      NaN    0.000    0.000
58437  2034  2226    8.903    1.657    5.230
58457  2260  2215      NaN    0.000    0.000
58472  2515  2159      NaN    0.000    0.000
58477  2478  2237      NaN    0.000    0.000
58506  1791  2288    3.942    1.457    5.643
58527  1927  2319      NaN    0.000    0.000
58543  2131  2284      NaN    0.000    0.000
58556  2332  2286      NaN    0.000    0.000
58569  2459  2331      NaN    0.000    0.000
58606  1784  2398    5.527    1.220    5.717
58633  2114  2357      NaN    0.000    0.000
58646  2232  2415    6.660    1.583    4.770
58660  2368  2370      NaN    0.000    0.000
58666  2452  2415      NaN    2.617    4.317
58715  1866  2512    6.105    1.647    5.667
58725  1957  2540    2.458    1.777    4.893
58730  2021  2491    2.659    1.420    4.777
58731  2077  2474    5.631    1.403    4.503
58752  2314  2489      NaN    0.000    0.000
58754  2263  2540      NaN    0.000    0.000
58813  1830  2594    5.258    1.513    5.587
58834  2034  2618      NaN    2.063    5.087
58847  2161  2680      NaN    0.000    0.000
58849  2234  2670      NaN    2.540    5.800
58853  2319  2577      NaN    0.000    0.000
58911  1834  2706    5.280    1.443    5.623
58921  1944  2693    6.237    0.000    0.000
58926  1950  2767      NaN    2.717    5.460
58931  2028  2721    2.969    2.563    5.583
58944  2217  2743      NaN    0.000    0.000
58968  2411  2797      NaN    0.000    0.000
58974  2472  2730      NaN    0.000    0.000
59007   568  2906    4.714    1.987    5.090
59023   901  2835    5.310    2.250    4.947
59046  1054  2874      NaN    0.000    0.000
59058  1179  2891    5.234    1.857    5.640
59072  1386  2823      NaN    0.000    0.000
59082  1524  2838    5.372    1.987    5.510
59087  1515  2926      NaN    0.000    0.000
59096  1623  2872    5.668    1.660    6.020
59102  1754  2807    4.729    1.697    5.943
59117  1806  2879      NaN    0.000    0.000
59134  2026  2859      NaN    0.000    0.000
59152  2349  2823      NaN    0.000    0.000
59158  2318  2896      NaN    0.000    0.000
59162  2437  2827      NaN    0.000    0.000
59209   667  2991    5.386    2.803    5.067
59211   740  2924    3.338    1.727    5.313
59254  1130  2980      NaN    0.000    0.000
59265  1267  2971    5.396    0.773    6.850
59278  1397  3019    5.376    0.000    0.000
59287  1494  3006      NaN    0.000    0.000
59293  1651  2935    5.427    1.020    6.317
59316  1870  2980      NaN    0.000    0.000
59348  2204  2995      NaN    1.400    7.653
59353  2331  2967      NaN    2.200    6.493
59358  2265  3025      NaN    0.000    0.000
59362  2422  2911      NaN    0.000    0.000
59368  2394  3014      NaN    0.000    0.000
59417   757  3096    3.025    2.453    5.113
59431   921  3066    3.340    1.657    5.087
59456  1226  3098    4.771    1.157    5.757
59493  1580  3075      NaN    0.000    0.000
59501  1722  3049      NaN    0.000    0.000
59554  2271  3068      NaN    0.000    0.000
59556  2342  3098      NaN    0.000    0.000
59559  2325  3137    0.019    1.870    6.627
59562  2370  3053      NaN    0.000    0.000
59567  2415  3133      NaN    0.000    0.000
59632   966  3143    4.119    1.403    5.920
59644  1020  3195      NaN    0.000    0.000
59658  1155  3232      NaN    1.403    6.297
59663  1341  3156    4.931    1.147    6.080
59673  1431  3167      NaN    0.000    0.000
59758  1149  3361      NaN    0.000    0.000
59792  1873  3286      NaN    0.000    0.000
