30949  1341    50    3.690    2.110    5.681
30967  1765    12    4.013    1.348    5.858
30978  2060    20    4.132    1.868    5.581
31583  3352    25    4.476    3.484    5.603
31587  3210    44    5.991    5.652    6.335
31594  3370    66    4.675    3.413    5.626
31618  3637   111    4.236    4.000    5.503
31624  3723    68    2.719    4.177    5.810
31632  3880     8    3.928    3.116    5.497
31636  3891    51    3.109    4.335    5.890
31655  4096    63      NaN    3.361    5.681
31702  3482   113    4.785    4.710    5.694
31703  3555   113    5.016    4.171    5.632
31707  3469   255    5.081    4.926    5.984
31710  3654   231    3.245    4.461    6.071
31713  3691   143    2.485    5.161    6.213
31725  3790   156    4.252    6.206    6.932
31733  4020   134      NaN    6.277    7.268
31735  3940   167    4.819    3.706    5.442
31754  4151   158    3.114    3.532    5.261
31770  4515   113      NaN    3.642    5.226
31786  3900   275    4.174    5.081    5.874
31788  3846   320    3.910    3.629    5.719
31792  3992   251    4.120    3.310    5.184
31801  4054   262    3.647    4.226    5.552
31823  4429   229      NaN    0.000    0.000
31825  4302   270    4.498    3.826    5.342
31829  4367   302      NaN    0.000    0.000
31832  3839   359    3.781    4.126    5.871
31845  3956   389    4.256    4.110    5.552
31866  4294   389    8.253    4.052    5.323
31873  3779   464    3.806    5.274    6.181
31878  3757   552    3.591    4.019    5.881
31884  3839   514    4.678    3.361    5.526
31909  4100   561    7.510    4.106    5.845
31913  3583   537      NaN    0.000    0.000
31915  3516   628    5.449    2.800    5.739
31917  3508   669    4.418    3.294    5.648
31921  3592   593      NaN    3.329    6.013
31924  3592   624    4.286    3.297    5.606
31931  3706   583    4.400    3.819    5.813
31935  3751   626    5.231    3.658    5.687
31939  3794   656    4.275    3.039    5.355
31958  3971   645    5.960    5.029    5.539
31959  4016   632      NaN    0.000    0.000
31960  3578   772      NaN    0.000    0.000
31961  3581   686    4.635    3.097    5.429
31969  3451   824      NaN    0.000    0.000
31977  3591   755      NaN    2.548    5.316
31981  3704   677    5.081    2.194    5.639
31987  3699   768    6.546    2.681    5.219
31989  3798   796      NaN    0.000    0.000
31994  3828   720    6.696    3.284    5.042
32088  4709   106      NaN    0.000    0.000
32098  4828    89      NaN    0.000    0.000
32099  5011   152      NaN    0.000    0.000
32121  4727   227      NaN    0.000    0.000
32128  4711   331      NaN    0.000    0.000
32133  4795   300    5.592    3.645    5.271
32150  4785   343    6.102    0.000    0.000
44230   225    50    4.546    1.103    6.274
44231    20    42    4.858    1.039    5.916
44232   303    70    5.187    1.835    6.123
44237   156   165    3.651    1.516    5.790
44239   399   135    4.542    1.890    5.997
44241   680   122    4.879    1.297    6.506
44256  1614    51    3.649    1.203    5.923
44259  1631   216    4.340    0.829    6.416
44282   165   287    5.257    1.094    6.387
44284    16   371    4.617    1.110    6.526
44285   311   348    4.401    1.023    6.390
44287    78   434    4.502    0.506    7.752
44288   313   419    4.734    0.535    7.381
44292   770   234      NaN    0.000    0.000
44294   839   303    4.557    0.997    6.481
44298   921   399    4.413    0.442    7.048
44302  1358   249    4.331    2.035    5.900
44304  1192   302    4.452    1.271    6.377
44305  1489   372    4.639    0.729    6.368
44313  2086   268    4.033    0.848    6.410
44314  1752   318    3.999    1.494    5.900
44317  1722   460    4.908    1.345    6.029
44336   438   511      NaN    0.119    8.500
44341   705   475    4.328    0.216    7.997
44347   596   626      NaN    0.094    8.671
44352  1386   479    4.470    0.552    7.116
44354  1134   572    3.780    0.152    7.877
44358  1334   703    2.875    0.148    7.913
44373   496   720      NaN    0.000    0.000
45004  1588  3102      NaN    0.000    0.000
45005  1588  3103      NaN    0.000    0.000
45007  1560  3102      NaN    0.000    0.000
45011  1520  3118      NaN    0.000    0.000
45013  1520  3118      NaN    0.000    0.000
45018  1520  3122      NaN    0.000    0.000
45020  1517  3116      NaN    0.000    0.000
45031  1618  3075      NaN    4.235    6.474
45032  1586  3077    0.171    3.368    5.490
45033  1603  3077      NaN    4.187    6.503
45034  1595  3083    2.251    4.400    6.145
45035  1567  3085      NaN    0.000    0.000
45036  1608  3085      NaN    0.000    0.000
45037  1590  3087      NaN    0.000    0.000
45038  1565  3092      NaN    0.000    0.000
45039  1591  3092      NaN    0.000    0.000
45040  1599  3094      NaN    0.000    0.000
45041  1597  3102      NaN    0.000    0.000
45042  1558  3103      NaN    0.000    0.000
45043  1588  3109      NaN    0.000    0.000
45044  1571  3115      NaN    0.000    0.000
45045  1603  3116      NaN    0.000    0.000
47003  3406   862      NaN    3.177    5.655
47005  3171   918    5.896    2.668    5.006
47008  3340   921      NaN    0.000    0.000
47014  3012   921    5.602    3.197    5.052
47016  3156   964      NaN    0.000    0.000
47020  2980  1013    5.551    2.906    4.903
47022  3154  1030    6.545    3.052    4.668
47025  3271  1046      NaN    2.565    5.142
47028  2794  1071      NaN    3.184    4.655
47031  3053  1080    6.118    2.848    4.200
47035  2732  1110      NaN    0.000    0.000
47037  2829  1123    4.629    2.977    4.397
47039  2941  1102    4.763    2.942    4.426
47041  3087  1128    4.882    2.671    4.503
47046  3158  1117    5.885    0.000    0.000
47050  2874  1164      NaN    3.029    4.913
47052  2986  1209    5.954    3.042    4.310
47055  3074  1212      NaN    3.045    4.894
47058  2889  1229      NaN    0.000    0.000
47060  2844  1265      NaN    0.000    0.000
47061  3158  1263    6.477    0.000    0.000
47065  2887  1287      NaN    0.000    0.000
47067  2973  1289    5.009    3.203    4.742
47068  2788  1328    5.485    3.423    4.481
47069  2879  1341      NaN    3.032    4.613
47070  2976  1349    5.819    2.942    4.523
47075  3057  1298    5.915    2.829    4.106
47090  3200  1317      NaN    0.000    0.000
47092  3212  1338    6.900    3.384    5.226
47095  3059  1328    5.039    3.339    4.594
47097  3079  1427    4.080    3.271    4.655
47098  3032  1356      NaN    0.000    0.000
47099  2997  1358      NaN    0.000    0.000
47100  3217  1380    4.656    3.097    4.487
47101  3107  1356      NaN    0.000    0.000
47102  2760  1349      NaN    4.119    5.013
47104  3232  1367    6.368    3.374    4.923
47105  3236  1373      NaN    0.000    0.000
47106  3262  1401      NaN    0.000    0.000
47108  3019  1394      NaN    0.000    0.000
47110  3001  1394      NaN    0.000    0.000
47112  2982  1403      NaN    0.000    0.000
47113  2962  1405      NaN    3.055    4.126
47114  3131  1420    5.500    0.000    0.000
47115  3464  1401      NaN    4.865    5.726
47119  3023  1427      NaN    0.000    0.000
47121  3187  1436    4.088    3.110    4.368
47127  3131  1461      NaN    0.000    0.000
47129  2969  1481    4.681    3.339    4.855
47130  3296  1459      NaN    0.000    0.000
47131  3074  1498      NaN    0.000    0.000
47133  3066  1528      NaN    0.000    0.000
47135  3135  1545    4.139    3.555    4.894
47136  3215  1506    5.915    3.474    4.913
47137  3154  1524    5.755    3.768    5.106
47138  3292  1565      NaN    0.000    0.000
47140  2997  1569      NaN    0.000    0.000
47143  3206  1582      NaN    0.000    0.000
47145  3038  1483    5.190    3.539    4.974
47146  3042  1590      NaN    0.000    0.000
47150  2975  1532      NaN    3.581    5.171
47151  3288  1614      NaN    0.000    0.000
47152  3284  1619      NaN    0.000    0.000
47154  3172  1556      NaN    0.000    0.000
47155  3200  1662      NaN    0.000    0.000
47156  3012  1662      NaN    0.000    0.000
47157  3126  1606    5.984    3.235    4.939
47159  3253  1670      NaN    0.000    0.000
47162  3186  1698      NaN    0.000    0.000
47163  2954  1683      NaN    0.000    0.000
47165  2956  1702      NaN    0.000    0.000
47167  3094  1700      NaN    0.000    0.000
47168  3107  1711      NaN    0.000    0.000
47169  2851  1716      NaN    4.103    5.048
47170  2991  1750      NaN    4.897    6.539
47171  3010  1619      NaN    0.000    0.000
47172  2991  1632      NaN    3.684    5.616
47173  3062  1636    5.009    3.935    5.265
47174  3051  1674      NaN    3.758    5.635
47175  2948  1741    3.022    3.639    6.039
47182  2969  1847      NaN    0.000    0.000
47184  2971  1849      NaN    0.000    0.000
47185  2930  1873      NaN    0.000    0.000
47188  3010  1862      NaN    3.919    6.126
47189  2975  1879      NaN    0.000    0.000
47192  3150  1659      NaN    0.000    0.000
47401  4670   514      NaN    0.000    0.000
47402  4770   568    8.998    3.658    5.271
47404  4671   632      NaN    0.000    0.000
47405  4813   608      NaN    3.071    5.819
47406  4664   679      NaN    0.000    0.000
47407  4746   701      NaN    0.000    0.000
47409  4961   671      NaN    2.571    6.197
47411  4595   764      NaN    0.000    0.000
47412  4630   778      NaN    0.000    0.000
47413  4681   761      NaN    3.394    5.271
47417  4841   794      NaN    0.000    0.000
47418  4972   787      NaN    0.000    0.000
47421  4505   807      NaN    3.935    5.261
47423  4591   862      NaN    0.000    0.000
47424  4655   828      NaN    0.000    0.000
47426  4793   878    5.467    0.000    0.000
47428  4494   912      NaN    0.000    0.000
47430  4565   918      NaN    0.000    0.000
47433  4565   796      NaN    0.000    0.000
47435  4856   634      NaN    0.000    0.000
47440  4852   863      NaN    0.000    0.000
47512  4673  1226    6.750    4.523    6.342
47520  4516  1261    4.906    3.358    5.874
47570  4472  1403      NaN    0.000    0.000
47574  4474  1048      NaN    4.106    6.210
47575  4567  1030      NaN    0.000    0.000
47576  4617   977    5.602    3.429    5.923
47581  4651  1061      NaN    0.000    0.000
47582  4492  1153      NaN    0.000    0.000
47584  4612  1155      NaN    0.000    0.000
47585  4701  1160    4.381    2.958    6.039
47587  4464  1242      NaN    0.000    0.000
47588  4520  1317      NaN    0.000    0.000
47590  4582  1315      NaN    0.000    0.000
47592  4627  1296      NaN    0.000    0.000
47595  4533  1371      NaN    0.000    0.000
47597  4505  1442      NaN    0.000    0.000
47598  4582  1463      NaN    0.000    0.000
47600  4134  1412      NaN    0.000    0.000
47602  4283  1341      NaN    0.000    0.000
47604  4375  1354      NaN    0.000    0.000
47605  4104  1504      NaN    0.000    0.000
47606  4151  1479      NaN    0.000    0.000
47607  4167  1489      NaN    0.000    0.000
47610  4279  1494      NaN    0.000    0.000
47612  4285  1446    5.040    3.116    5.842
47615  4466  1507      NaN    0.000    0.000
47616  4057  1563      NaN    0.000    0.000
47617  4173  1552      NaN    0.000    0.000
47618  4253  1541      NaN    0.000    0.000
47620  4270  1563      NaN    0.000    0.000
47622  4319  1530      NaN    0.000    0.000
47624  4376  1524      NaN    0.000    0.000
47626  4412  1552      NaN    0.000    0.000
47629  4533  1526      NaN    0.000    0.000
47631  4040  1608      NaN    0.000    0.000
47632  4119  1636      NaN    0.000    0.000
47636  4141  1662      NaN    0.000    0.000
47637  4236  1623      NaN    0.000    0.000
47638  4319  1606      NaN    0.000    0.000
47639  4339  1640   10.100    0.000    0.000
47640  4343  1625      NaN    0.000    0.000
47641  4376  1571      NaN    0.000    0.000
47648  4576  1599      NaN    0.000    0.000
47649  4050  1707      NaN    0.000    0.000
47651  4091  1711      NaN    0.000    0.000
47653  4156  1722      NaN    0.000    0.000
47654  4225  1713      NaN    0.000    0.000
47655  4281  1726      NaN    0.000    0.000
47656  4302  1683      NaN    0.000    0.000
47657  4362  1668      NaN    0.000    0.000
47662  4455  1604      NaN    0.000    0.000
47663  4055  1786      NaN    3.232    6.190
47666  4352  1726      NaN    0.000    0.000
47668  4380  1675      NaN    4.374    7.529
47670  4442  1632      NaN    0.000    0.000
47672  4466  1683      NaN    0.000    0.000
47674  4516  1664      NaN    3.784    6.884
47675  4410  1709      NaN    0.000    0.000
47677  4427  1780      NaN    5.165    6.652
47678  4457  1892    2.997    4.784    6.171
47682  4492  1614      NaN    0.000    0.000
47684  4098  1688      NaN    0.000    0.000
47690  4425  1487      NaN    3.274    5.539
47740  3734  1547      NaN    4.977    7.284
47741  3704  1631      NaN    0.000    0.000
47742  3723  1619      NaN    0.000    0.000
47744  3734  1632      NaN    0.000    0.000
47746  3835  1627      NaN    0.000    0.000
47747  3900  1621    6.820    3.694    5.971
47750  3956  1631      NaN    3.426    6.165
47754  3518  1746      NaN    0.000    0.000
47755  3592  1692      NaN    0.000    0.000
47756  3811  1674      NaN    0.000    0.000
47759  4003  1679      NaN    0.000    0.000
47761  4061  1649      NaN    0.000    0.000
47762  3466  1799      NaN    0.000    0.000
47765  3637  1748      NaN    0.000    0.000
47766  3647  1767      NaN    0.000    0.000
47767  3725  1743      NaN    0.000    0.000
47768  3800  1718      NaN    0.000    0.000
47769  3884  1700      NaN    0.000    0.000
47770  3945  1715      NaN    0.000    0.000
47772  3979  1716      NaN    0.000    0.000
47776  3910  1756      NaN    3.161    6.974
47777  3940  1767      NaN    0.000    0.000
47778  4007  1855      NaN    3.855    6.790
47780  4014  1715      NaN    0.000    0.000
47784  3523  1774      NaN    0.000    0.000
47800  3283  1771      NaN    0.000    0.000
47805  3311  1864      NaN    0.000    0.000
47807  3404  1840      NaN    0.000    0.000
47809  3439  1832      NaN    0.000    0.000
47812  3331  1886      NaN    0.000    0.000
47813  3395  1875      NaN    0.000    0.000
47814  3466  1870      NaN    0.000    0.000
47815  3542  1879      NaN    0.000    0.000
47817  3346  1935      NaN    0.000    0.000
47818  3391  1935    3.708    3.458    7.245
47819  3439  1926      NaN    0.000    0.000
47821  3480  1918    3.726    4.152    6.155
47822  3546  1952      NaN    0.000    0.000
47823  3383  2013      NaN    0.000    0.000
47824  3445  1993      NaN    0.000    0.000
47827  3423  2067      NaN    0.000    0.000
47829  3482  2047      NaN    0.000    0.000
47830  3520  2024      NaN    0.000    0.000
47831  3395  2099    0.548    3.535    6.926
47835  3518  2064    6.739    3.068    6.971
47836  3436  2198      NaN    4.552    7.165
47837  3471  2161      NaN    0.000    0.000
47838  3365  1995      NaN    0.000    0.000
47842  3176  2019      NaN    0.000    0.000
47843  3230  1939      NaN    0.000    0.000
47887  3673  1810      NaN    0.000    0.000
47890  3781  1761      NaN    0.000    0.000
47891  3815  1758      NaN    0.000    0.000
47892  3647  1879      NaN    0.000    0.000
47893  3759  1842      NaN    0.000    0.000
47895  3872  1786      NaN    0.000    0.000
47897  3663  1914    3.878    0.000    0.000
47898  3699  1937      NaN    0.000    0.000
47899  3830  1877      NaN    0.000    0.000
47909  3305  2422      NaN    3.716    6.242
47912  2579  2861      NaN    6.074    7.532
47917  2663  2864      NaN    0.000    0.000
47918  2708  2876      NaN    0.000    0.000
47927  2833  2823      NaN    0.000    0.000
47929  3003  2652      NaN    4.906    6.632
47936  3102  2667      NaN    0.000    0.000
47940  3133  2622      NaN    0.000    0.000
47942  3215  2528      NaN    5.023    6.594
47945  3499  2708      NaN    4.597    6.119
47971  4726  2566      NaN    0.000    0.000
48803   445  3081    5.631    3.087    5.177
48806   438  3212    2.072    4.119    5.635
48808   701  3062    5.557    3.471    5.094
48820   651  3245      NaN    0.000    0.000
48823   690  3312    5.569    1.019    1.313
48826   744  3271    4.695    3.035    5.684
48830   759  3156    5.334    3.384    5.084
48839   865  3346      NaN    0.000    0.000
48921   212  3178    2.740    3.652    4.719
48924   165  3243    4.539    3.884    4.948
48925   225  3284    0.867    4.068    5.058
48927   475  3314    2.742    3.639    5.113
50527  2213    89      NaN    0.000    0.000
50548  2657    91      NaN    1.884    5.610
50557  2827    94    5.959    1.316    6.187
50564  3064    64    4.590    2.474    5.639
50603  1884   150    4.212    0.761    6.481
50632  2456   139    4.539    2.800    4.865
50658  2900   219    4.454    0.000    0.000
50727  2234   318    7.695    2.274    5.206
50745  2680   294      NaN    0.000    0.000
50756  3021   288    5.201    2.952    5.703
50774  3238   257    6.547    3.229    5.835
50788  3583   311    5.598    3.823    6.194
50844  2624   404    5.376    1.242    6.413
50854  2836   406    5.531    1.826    6.206
50888  3606   414    5.600    2.397    6.316
50915  1901   503    3.521    0.777    6.700
50949  2786   552    4.359    3.919    5.819
50953  2999   477    4.550    2.710    5.903
50963  3219   453    6.277    1.571    6.735
50968  3133   537      NaN    0.000    0.000
50978  3466   527      NaN    0.000    0.000
50983  3693   475      NaN    0.000    0.000
52267   120   903      NaN    0.000    0.000
52378   266   968      NaN    0.000    0.000
52495   505  1037      NaN    0.000    0.000
52652    50  1240      NaN    0.000    0.000
52681   346  1274    4.780    0.397    8.239
52754    16  1420    6.334    1.835    5.332
52787   322  1435    3.014    2.365    6.110
52866   199  1500      NaN    0.000    0.000
52889   436  1563      NaN    0.000    0.000
52955    85  1616    5.331    1.723    5.626
52983   466  1584    4.555    1.568    6.510
52996   561  1638    5.470    1.694    6.287
53068  1345   712      NaN    0.126    8.290
53083  1586   604    4.133    0.600    7.303
53149  1136   837      NaN    0.106    8.600
53192  1675   671    4.345    0.368    7.587
53231   716   959      NaN    0.000    0.000
53276  1446   852      NaN    0.135    8.187
53336   955   946      NaN    0.165    8.497
53352  1170   931    4.555    0.181    8.277
53391  1569   908    5.313    0.452    7.477
53463  1310  1030      NaN    0.000    0.000
53480  1464  1005    4.575    0.748    7.126
53487  1494  1110      NaN    0.000    0.000
53502   645  1145      NaN    0.116    8.652
53513   830  1035      NaN    0.000    0.000
53529   895  1222      NaN    0.245    8.087
53543  1119  1140      NaN    0.000    0.000
53564  1250  1190      NaN    0.435    7.932
53588  1515  1239    6.698    2.910    5.790
53593  1632  1140      NaN    0.000    0.000
53614   695  1293    5.280    0.610    7.955
53646  1097  1315    5.106    0.513    7.558
53673  1423  1261      NaN    0.000    0.000
53698  1616  1341      NaN    0.000    0.000
53705   638  1403      NaN    0.665    7.726
53723   828  1367    3.779    0.587    7.726
53764  1244  1401      NaN    0.000    0.000
53772  1407  1369      NaN    0.000    0.000
53787  1455  1450    4.785    1.752    6.345
53798  1625  1450      NaN    0.000    0.000
53845  1065  1502    6.177    1.397    6.790
53863  1336  1453      NaN    0.000    0.000
53898  1614  1563    4.457    1.442    7.048
53915   748  1619      NaN    0.000    0.000
53923   856  1599      NaN    0.000    0.000
53959  1239  1675    4.842    0.765    7.381
53975  1390  1627      NaN    0.000    0.000
54012  1972   608    4.744    0.900    6.745
54026  2342   610      NaN    1.210    6.490
54027  2174   675    4.616    1.565    6.223
54049  2685   645    5.037    2.155    5.845
54094  3316   610      NaN    0.000    0.000
54096  3490   630      NaN    0.000    0.000
54102  1806   679    4.282    0.771    7.261
54115  2024   718    5.397    1.006    6.497
54135  2495   718      NaN    1.042    6.652
54157  2726   764    5.796    2.287    6.081
54161  2825   684      NaN    0.000    0.000
54186  3159   744      NaN    0.000    0.000
54208  1845   876    5.953    1.713    5.835
54218  2125   867      NaN    0.000    0.000
54226  2319   860    4.196    1.881    6.100
54236  2525   850    4.116    1.674    6.371
54259  2795   886    5.546    2.658    5.542
54273  2997   787    5.353    2.619    5.726
54292  3305   800    5.754    3.513    5.703
54308  1864   987    5.533    2.190    5.416
54311  1989   904      NaN    0.000    0.000
54324  2291   947    5.419    1.606    5.735
54337  2366   994      NaN    0.000    0.000
54342  2635   927    4.700    3.155    5.952
54346  2665   974      NaN    0.000    0.000
54374  3016   929    3.960    3.584    5.048
54377  2930   998    4.791    3.184    4.723
54386  3156   970    5.806    2.935    4.800
54401  1668  1033      NaN    0.000    0.000
54405  1737  1074      NaN    0.000    0.000
54423  2011  1011      NaN    0.000    0.000
54436  2123  1076    5.865    2.797    5.313
54471  2484  1046      NaN    0.000    0.000
54493  2777  1041    5.931    3.226    4.797
54497  2726  1115      NaN    0.000    0.000
54511  1825  1128      NaN    0.000    0.000
54527  1924  1222      NaN    0.000    0.000
54534  2028  1160      NaN    0.000    0.000
54539  2118  1184      NaN    0.000    0.000
54587  2601  1227      NaN    0.000    0.000
54602  1744  1250      NaN    0.000    0.000
54618  1855  1336      NaN    0.000    0.000
54662  2424  1244      NaN    0.000    0.000
54715  1856  1420      NaN    0.000    0.000
54725  1965  1401    4.457    1.690    6.565
54751  2321  1352      NaN    0.000    0.000
54753  2276  1388      NaN    0.000    0.000
54776  2542  1412      NaN    3.603    4.897
54808  1756  1543    5.867    0.877    7.281
54823  1911  1502    4.561    2.071    6.252
54826  1916  1541      NaN    0.000    0.000
54836  2034  1548      NaN    0.000    0.000
54843  2150  1483      NaN    0.000    0.000
54857  2278  1562      NaN    0.000    0.000
54863  2374  1483    5.433    2.994    5.213
54909  1744  1674    5.788    1.200    6.806
54916  1888  1618      NaN    0.000    0.000
54929  2011  1653    5.387    1.771    5.377
54945  2189  1632    5.893    0.000    0.000
56065   180  1711    6.859    2.010    5.000
56079   333  1840    6.924    2.013    4.816
56080   326  1681    6.128    2.042    5.100
56096   552  1860    5.671    0.000    0.000
56146     1  2060    6.189    2.061    4.942
56152    38  1985    6.469    2.229    4.968
56167   126  2131    6.365    2.413    4.523
56172   251  2028    6.657    2.623    4.910
56182   400  1944    7.427    3.187    5.203
56187   430  2163      NaN    0.671    3.042
56193   507  1970    5.025    3.368    5.271
56196   531  2079      NaN    0.000    0.000
56257    31  2241    5.904    2.103    4.897
56287   337  2243    6.091    2.929    5.877
56357    35  2347    4.755    2.606    4.906
56374   221  2235    4.715    2.616    4.032
56385   374  2295      NaN    2.713    6.223
56462   169  2353    3.261    2.565    4.435
56492   516  2375    5.302    1.006    7.132
56571   255  2476      NaN    0.000    0.000
56586   421  2540    4.893    2.403    5.877
56651    25  2596    4.759    1.797    5.742
56671   253  2616    6.186    2.565    6.174
56684   369  2642    5.973    1.997    5.855
56691   481  2592    6.398    2.481    5.916
56751    22  2723      NaN    3.458    5.861
56763   210  2719    0.005    2.410    6.206
56768   171  2799    1.127    3.287    6.035
56778   302  2799      NaN    0.000    0.000
56786   430  2736    5.510    2.326    5.565
56886   423  2853    5.810    2.539    5.326
56951    25  2919      NaN    3.335    6.187
56959    89  3137      NaN    0.000    0.000
56964   111  3051    4.854    3.042    5.016
56966   223  2958    0.485    3.039    4.913
56969   178  3193    0.687    4.032    5.174
56977   204  3068    3.363    3.945    5.084
56985   380  2982      NaN    0.000    0.000
57006   645  1728      NaN    0.000    0.000
57014   658  1730      NaN    0.000    0.000
57016   800  1754      NaN    0.000    0.000
57025   828  1735    5.154    1.148    6.287
57046  1130  1739    7.532    1.581    6.855
57067  1237  1787    5.243    1.184    6.290
57071  1394  1702    5.279    0.910    7.097
57083  1530  1713      NaN    0.000    0.000
57127   789  1898    5.875    0.000    0.000
57131  1005  1744      NaN    0.929    7.503
57178  1410  1901      NaN    0.000    0.000
57193  1627  1817    5.150    0.874    6.961
57237   901  2010    6.265    4.219    6.148
57245  1013  1937      NaN    0.000    0.000
57259  1207  2013    5.007    3.945    6.197
57265  1308  1974      NaN    0.000    0.000
57279  1420  2000    4.489    2.610    6.519
57290  1571  1905      NaN    0.000    0.000
57297  1575  2002      NaN    0.000    0.000
57306   669  2064      NaN    1.745    6.403
57328   841  2107      NaN    0.000    0.000
57348  1069  2127    6.141    4.229    6.539
57378  1408  2110      NaN    1.816    6.903
57399  1677  2108    4.935    3.177    5.777
57411   682  2151      NaN    0.000    0.000
57426   875  2164    3.583    2.632    6.235
57447  1061  2209    5.547    3.558    5.900
57461  1267  2163      NaN    0.000    0.000
57476  1362  2202      NaN    0.000    0.000
57494  1584  2172      NaN    0.000    0.000
57503   574  2284    4.770    1.877    6.568
57504   567  2288      NaN    0.000    0.000
57516   725  2288      NaN    0.000    0.000
57554  1140  2308    4.440    2.961    5.761
57584  1466  2310      NaN    0.000    0.000
57598  1634  2349    0.836    4.277    6.613
57602   610  2366      NaN    0.000    0.000
57604   604  2377    5.717    1.003    7.213
57633   983  2372    5.598    2.981    6.074
57655  1166  2413    5.444    2.513    7.055
57662  1310  2347      NaN    0.000    0.000
57687  1442  2439      NaN    0.000    0.000
57707   587  2543    5.202    3.181    6.203
57712   779  2495    4.704    2.523    6.400
57713   772  2499    5.820    2.745    6.539
57731   925  2471    5.496    2.597    6.319
57745  1086  2527    5.613    3.226    6.761
57766  1285  2551    6.089    2.703    7.316
57776  1423  2543    3.453    3.165    7.094
57793  1612  2487    6.099    0.000    0.000
57799  1677  2564      NaN    0.000    0.000
57816   755  2624      NaN    0.000    0.000
57832   972  2581    6.424    2.968    6.477
57845  1097  2670    5.573    3.884    6.206
57853  1192  2607    5.809    3.287    6.887
57866  1302  2663      NaN    0.000    0.000
57902   582  2752    5.361    3.165    5.948
57916   759  2752    5.939    2.929    6.084
57922   847  2708    5.582    3.316    6.042
57932   957  2693    5.056    4.410    6.719
57957  1155  2764    5.744    3.490    6.329
57972  1461  2711    5.785    3.565    6.019
57993  1681  2704    5.752    3.294    5.848
58027  1922  1761      NaN    0.000    0.000
58040  2144  1698      NaN    0.000    0.000
58102  1767  1806      NaN    0.000    0.000
58141  2133  1830    4.843    2.697    4.561
58144  2133  1838      NaN    0.000    0.000
58150  2269  1819    5.707    3.103    4.497
58203  1763  1920    4.428    2.335    5.694
58208  1750  1998    5.297    3.261    5.858
58221  1948  1914    5.187    2.419    5.016
58238  2118  2024    4.535    2.881    4.968
58251  2273  1922      NaN    0.000    0.000
58265  2420  2010    5.326    0.000    0.000
58314  1830  2084      NaN    0.000    0.000
58321  1939  2041    5.044    2.890    5.242
58338  2082  2112    4.985    2.832    5.413
58345  2183  2080      NaN    0.000    0.000
58362  2403  2082      NaN    0.000    0.000
58424  1911  2181      NaN    0.000    0.000
58437  2034  2226    4.829    3.461    5.781
58457  2260  2215      NaN    0.000    0.000
58472  2515  2159      NaN    0.000    0.000
58477  2478  2237    0.983    0.000    0.000
58506  1791  2288    1.038    3.139    6.148
58527  1927  2319      NaN    0.000    0.000
58543  2131  2284      NaN    0.000    0.000
58556  2332  2286      NaN    0.000    0.000
58569  2459  2331      NaN    0.000    0.000
58606  1784  2398    4.880    2.929    6.210
58633  2114  2357      NaN    0.000    0.000
58646  2232  2415    6.166    3.326    5.600
58660  2368  2370      NaN    0.000    0.000
58666  2452  2415      NaN    4.887    6.355
58715  1866  2512    4.916    3.726    6.097
58725  1957  2540    0.764    3.506    5.916
58730  2021  2491    0.469    2.774    5.687
58731  2077  2474    4.907    2.971    5.645
58752  2314  2489    5.221    0.000    0.000
58754  2263  2540      NaN    0.000    0.000
58813  1830  2594    5.026    2.845    5.671
58834  2034  2618      NaN    3.671    5.926
58847  2161  2680      NaN    0.000    0.000
58849  2234  2670      NaN    4.577    7.642
58853  2319  2577      NaN    0.000    0.000
58911  1834  2706    5.577    2.761    5.852
58921  1944  2693    5.730    0.000    0.000
58926  1950  2767      NaN    4.403    6.103
58931  2028  2721    0.868    2.871    5.735
58944  2217  2743    4.652    0.000    0.000
58968  2411  2797      NaN    0.000    0.000
58974  2472  2730      NaN    0.000    0.000
59007   568  2906    4.520    3.061    5.261
59023   901  2835    6.288    3.484    5.974
59046  1054  2874      NaN    0.000    0.000
59058  1179  2891    5.949    3.706    5.810
59072  1386  2823      NaN    0.000    0.000
59082  1524  2838    5.927    4.374    5.894
59087  1515  2926      NaN    0.000    0.000
59096  1623  2872    4.993    3.800    5.539
59102  1754  2807    5.497    3.335    5.558
59117  1806  2879      NaN    0.000    0.000
59134  2026  2859      NaN    0.000    0.000
59152  2349  2823      NaN    0.000    0.000
59158  2318  2896      NaN    0.000    0.000
59162  2437  2827      NaN    0.000    0.000
59209   667  2991    6.737    3.581    5.265
59211   740  2924    4.535    2.955    5.800
59254  1130  2980      NaN    0.000    0.000
59265  1267  2971    6.077    3.581    5.703
59278  1397  3019    6.171    0.000    0.000
59287  1494  3006      NaN    0.000    0.000
59293  1651  2935    5.917    3.252    4.858
59316  1870  2980      NaN    0.000    0.000
59348  2204  2995      NaN    3.255    8.119
59353  2331  2967    4.342    4.200    6.945
59358  2265  3025      NaN    0.000    0.000
59362  2422  2911      NaN    0.000    0.000
59368  2394  3014      NaN    0.000    0.000
59417   757  3096    4.862    5.458    6.726
59431   921  3066    5.329    3.377    5.074
59456  1226  3098    6.093    3.329    5.000
59493  1580  3075      NaN    0.000    0.000
59501  1722  3049      NaN    0.000    0.000
59554  2271  3068      NaN    0.000    0.000
59556  2342  3098      NaN    0.000    0.000
59559  2325  3137    0.976    3.945    7.052
59562  2370  3053      NaN    0.000    0.000
59567  2415  3133    2.450    0.000    0.000
59632   966  3143    5.776    3.429    5.461
59644  1020  3195      NaN    0.000    0.000
59658  1155  3232    0.357    3.845    5.774
59663  1341  3156    5.358    3.500    5.287
59673  1431  3167      NaN    0.000    0.000
59758  1149  3361      NaN    0.000    0.000
59792  1873  3286      NaN    0.000    0.000
