30949  1341    50    1.732    0.639    2.342
30967  1765    12    1.574    0.658    2.719
30978  2060    20    1.670    0.568    2.810
31583  3352    25    0.388    0.600    2.352
31587  3210    44    2.073    0.632    3.058
31594  3370    66    0.459    0.616    2.503
31618  3637   111    0.845    0.648    1.994
31624  3723    68    1.143    0.661    1.803
31632  3880     8    1.599    0.648    1.616
31636  3891    51    1.801    0.623    1.745
31655  4096    63      NaN    0.752    1.600
31702  3482   113    1.343    0.648    2.268
31703  3555   113    0.784    0.665    2.181
31707  3469   255    2.449    0.674    2.665
31710  3654   231    0.179    0.694    2.319
31713  3691   143    0.179    0.713    2.065
31725  3790   156    0.126    0.665    1.897
31733  4020   134      NaN    0.858    1.787
31735  3940   167    2.424    0.761    1.813
31754  4151   158    1.208    0.774    1.532
31770  4515   113      NaN    0.797    1.784
31786  3900   275    0.823    0.710    1.939
31788  3846   320    0.539    0.723    2.058
31792  3992   251    0.944    0.777    1.984
31801  4054   262    1.596    0.642    1.716
31823  4429   229      NaN    0.000    0.000
31825  4302   270    1.293    0.545    1.606
31829  4367   302      NaN    0.000    0.000
31832  3839   359    0.508    0.752    2.203
31845  3956   389    1.789    0.626    1.816
31866  4294   389    3.355    0.861    1.784
31873  3779   464    0.205    0.700    2.261
31878  3757   552    0.377    0.826    2.565
31884  3839   514    1.628    0.729    2.239
31909  4100   561    2.097    0.726    2.245
31913  3583   537      NaN    0.000    0.000
31915  3516   628    0.502    0.542    2.732
31917  3508   669    0.713    0.565    2.958
31921  3592   593      NaN    0.652    2.910
31924  3592   624    0.477    0.626    2.739
31931  3706   583    0.558    0.823    2.752
31935  3751   626    0.987    0.613    2.361
31939  3794   656    1.169    0.813    2.406
31958  3971   645    1.830    0.735    2.271
31959  4016   632      NaN    0.000    0.000
31960  3578   772      NaN    0.000    0.000
31961  3581   686    0.570    0.584    2.771
31969  3451   824      NaN    0.000    0.000
31977  3591   755      NaN    0.587    2.481
31981  3704   677    1.309    0.642    2.455
31987  3699   768    2.570    0.639    2.465
31989  3798   796      NaN    0.000    0.000
31994  3828   720    2.357    0.655    2.210
32088  4709   106      NaN    0.000    0.000
32098  4828    89      NaN    0.000    0.000
32099  5011   152      NaN    0.000    0.000
32121  4727   227      NaN    0.000    0.000
32128  4711   331      NaN    0.000    0.000
32133  4795   300    2.304    0.713    1.442
32150  4785   343    2.700    0.000    0.000
44230   225    50    1.324    0.510    3.094
44231    20    42    1.244    0.652    2.819
44232   303    70    1.494    0.468    2.997
44237   156   165    1.455    0.642    2.887
44239   399   135    1.627    0.545    2.813
44241   680   122    1.897    0.606    2.974
44256  1614    51    1.482    0.603    2.842
44259  1631   216    1.877    0.571    3.490
44282   165   287    2.032    0.629    2.968
44284    16   371    1.533    0.655    2.884
44285   311   348    1.640    0.565    3.087
44287    78   434    1.800    0.532    3.619
44288   313   419    1.573    0.526    3.590
44292   770   234      NaN    0.000    0.000
44294   839   303    1.837    0.568    3.126
44298   921   399    1.790    0.477    3.487
44302  1358   249    1.890    0.577    3.097
44304  1192   302    2.065    0.542    3.229
44305  1489   372    2.041    0.506    3.535
44313  2086   268    2.020    0.516    3.135
44314  1752   318    2.089    0.468    3.503
44317  1722   460    2.328    0.465    3.506
44336   438   511      NaN    0.290    4.365
44341   705   475    1.502    0.419    3.765
44347   596   626      NaN    0.242    4.610
44352  1386   479    1.956    0.413    3.787
44354  1134   572    1.398    0.274    4.252
44358  1334   703    1.571    0.303    4.410
44373   496   720      NaN    0.000    0.000
45004  1588  3102      NaN    0.000    0.000
45005  1588  3103      NaN    0.000    0.000
45007  1560  3102      NaN    0.000    0.000
45011  1520  3118      NaN    0.000    0.000
45013  1520  3118      NaN    0.000    0.000
45018  1520  3122      NaN    0.000    0.000
45020  1517  3116      NaN    0.000    0.000
45031  1618  3075      NaN    1.958    5.281
45032  1586  3077    0.005    2.135    4.758
45033  1603  3077      NaN    2.094    5.765
45034  1595  3083    1.197    4.061    5.148
45035  1567  3085      NaN    0.000    0.000
45036  1608  3085      NaN    0.000    0.000
45037  1590  3087      NaN    0.000    0.000
45038  1565  3092      NaN    0.000    0.000
45039  1591  3092      NaN    0.000    0.000
45040  1599  3094      NaN    0.000    0.000
45041  1597  3102      NaN    0.000    0.000
45042  1558  3103      NaN    0.000    0.000
45043  1588  3109      NaN    0.000    0.000
45044  1571  3115      NaN    0.000    0.000
45045  1603  3116      NaN    0.000    0.000
47003  3406   862      NaN    0.632    3.003
47005  3171   918    3.796    0.668    2.277
47008  3340   921      NaN    0.000    0.000
47014  3012   921    3.457    0.855    2.594
47016  3156   964      NaN    0.000    0.000
47020  2980  1013    3.722    0.829    2.555
47022  3154  1030    4.087    0.729    2.635
47025  3271  1046      NaN    0.642    3.323
47028  2794  1071      NaN    0.929    2.887
47031  3053  1080    3.665    0.894    2.445
47035  2732  1110      NaN    0.000    0.000
47037  2829  1123    3.464    0.926    3.277
47039  2941  1102    3.693    0.881    2.990
47041  3087  1128    3.234    0.806    3.287
47046  3158  1117    3.788    0.000    0.000
47050  2874  1164      NaN    0.765    3.303
47052  2986  1209    3.934    0.903    2.832
47055  3074  1212      NaN    0.829    3.300
47058  2889  1229      NaN    0.000    0.000
47060  2844  1265      NaN    0.000    0.000
47061  3158  1263    4.221    0.000    0.000
47065  2887  1287      NaN    0.000    0.000
47067  2973  1289    3.333    0.913    2.997
47068  2788  1328    3.501    0.845    3.416
47069  2879  1341      NaN    0.735    3.277
47070  2976  1349    3.850    0.839    3.284
47075  3057  1298    3.459    0.726    2.668
47090  3200  1317      NaN    0.000    0.000
47092  3212  1338    4.680    1.152    2.929
47095  3059  1328    3.758    0.948    2.984
47097  3079  1427    3.511    1.123    3.042
47098  3032  1356      NaN    0.000    0.000
47099  2997  1358      NaN    0.000    0.000
47100  3217  1380    3.270    0.900    3.016
47101  3107  1356      NaN    0.000    0.000
47102  2760  1349      NaN    1.574    2.690
47104  3232  1367    4.211    1.065    2.655
47105  3236  1373      NaN    0.000    0.000
47106  3262  1401      NaN    0.000    0.000
47108  3019  1394      NaN    0.000    0.000
47110  3001  1394      NaN    0.000    0.000
47112  2982  1403      NaN    0.000    0.000
47113  2962  1405      NaN    0.813    3.461
47114  3131  1420    4.391    0.000    0.000
47115  3464  1401      NaN    0.997    4.010
47119  3023  1427      NaN    0.000    0.000
47121  3187  1436    3.181    1.026    2.868
47127  3131  1461      NaN    0.000    0.000
47129  2969  1481    3.566    0.939    3.258
47130  3296  1459      NaN    0.000    0.000
47131  3074  1498      NaN    0.000    0.000
47133  3066  1528      NaN    0.000    0.000
47135  3135  1545    3.648    1.203    2.961
47136  3215  1506    4.372    1.206    3.045
47137  3154  1524    4.483    1.106    2.926
47138  3292  1565      NaN    0.000    0.000
47140  2997  1569      NaN    0.000    0.000
47143  3206  1582      NaN    0.000    0.000
47145  3038  1483    3.729    1.119    3.123
47146  3042  1590      NaN    0.000    0.000
47150  2975  1532      NaN    1.090    3.226
47151  3288  1614      NaN    0.000    0.000
47152  3284  1619      NaN    0.000    0.000
47154  3172  1556      NaN    0.000    0.000
47155  3200  1662      NaN    0.000    0.000
47156  3012  1662      NaN    0.000    0.000
47157  3126  1606    4.412    1.068    3.042
47159  3253  1670      NaN    0.000    0.000
47162  3186  1698      NaN    0.000    0.000
47163  2954  1683      NaN    0.000    0.000
47165  2956  1702      NaN    0.000    0.000
47167  3094  1700      NaN    0.000    0.000
47168  3107  1711      NaN    0.000    0.000
47169  2851  1716      NaN    1.681    3.084
47170  2991  1750      NaN    2.287    3.032
47171  3010  1619      NaN    0.000    0.000
47172  2991  1632      NaN    0.935    3.377
47173  3062  1636    4.156    1.274    2.929
47174  3051  1674      NaN    1.506    3.097
47175  2948  1741    1.968    1.558    2.994
47182  2969  1847      NaN    0.000    0.000
47184  2971  1849      NaN    0.000    0.000
47185  2930  1873      NaN    0.000    0.000
47188  3010  1862      NaN    1.445    3.203
47189  2975  1879      NaN    0.000    0.000
47192  3150  1659      NaN    0.000    0.000
47401  4670   514      NaN    0.000    0.000
47402  4770   568    3.447    0.906    1.813
47404  4671   632      NaN    0.000    0.000
47405  4813   608      NaN    0.932    2.284
47406  4664   679      NaN    0.000    0.000
47407  4746   701      NaN    0.000    0.000
47409  4961   671      NaN    1.010    2.845
47411  4595   764      NaN    0.000    0.000
47412  4630   778      NaN    0.000    0.000
47413  4681   761      NaN    1.097    1.990
47417  4841   794      NaN    0.000    0.000
47418  4972   787      NaN    0.000    0.000
47421  4505   807      NaN    1.258    2.074
47423  4591   862      NaN    0.000    0.000
47424  4655   828      NaN    0.000    0.000
47426  4793   878    3.525    0.000    0.000
47428  4494   912      NaN    0.000    0.000
47430  4565   918      NaN    0.000    0.000
47433  4565   796      NaN    0.000    0.000
47435  4856   634      NaN    0.000    0.000
47440  4852   863      NaN    0.000    0.000
47512  4673  1226    4.444    1.197    2.539
47520  4516  1261    3.178    1.068    2.371
47570  4472  1403      NaN    0.000    0.000
47574  4474  1048      NaN    1.219    2.242
47575  4567  1030      NaN    0.000    0.000
47576  4617   977    3.443    0.974    2.155
47581  4651  1061      NaN    0.000    0.000
47582  4492  1153      NaN    0.000    0.000
47584  4612  1155      NaN    0.000    0.000
47585  4701  1160    3.263    1.123    2.465
47587  4464  1242      NaN    0.000    0.000
47588  4520  1317      NaN    0.000    0.000
47590  4582  1315      NaN    0.000    0.000
47592  4627  1296      NaN    0.000    0.000
47595  4533  1371      NaN    0.000    0.000
47597  4505  1442      NaN    0.000    0.000
47598  4582  1463      NaN    0.000    0.000
47600  4134  1412      NaN    0.000    0.000
47602  4283  1341      NaN    0.000    0.000
47604  4375  1354      NaN    0.000    0.000
47605  4104  1504      NaN    0.000    0.000
47606  4151  1479      NaN    0.000    0.000
47607  4167  1489      NaN    0.000    0.000
47610  4279  1494      NaN    0.000    0.000
47612  4285  1446    3.079    1.152    2.719
47615  4466  1507      NaN    0.000    0.000
47616  4057  1563      NaN    0.000    0.000
47617  4173  1552      NaN    0.000    0.000
47618  4253  1541      NaN    0.000    0.000
47620  4270  1563      NaN    0.000    0.000
47622  4319  1530      NaN    0.000    0.000
47624  4376  1524      NaN    0.000    0.000
47626  4412  1552      NaN    0.000    0.000
47629  4533  1526      NaN    0.000    0.000
47631  4040  1608      NaN    0.000    0.000
47632  4119  1636      NaN    0.000    0.000
47636  4141  1662      NaN    0.000    0.000
47637  4236  1623      NaN    0.000    0.000
47638  4319  1606      NaN    0.000    0.000
47639  4339  1640    5.018    0.000    0.000
47640  4343  1625      NaN    0.000    0.000
47641  4376  1571      NaN    0.000    0.000
47648  4576  1599      NaN    0.000    0.000
47649  4050  1707      NaN    0.000    0.000
47651  4091  1711      NaN    0.000    0.000
47653  4156  1722      NaN    0.000    0.000
47654  4225  1713      NaN    0.000    0.000
47655  4281  1726      NaN    0.000    0.000
47656  4302  1683      NaN    0.000    0.000
47657  4362  1668      NaN    0.000    0.000
47662  4455  1604      NaN    0.000    0.000
47663  4055  1786      NaN    1.965    3.132
47666  4352  1726      NaN    0.000    0.000
47668  4380  1675      NaN    1.368    3.397
47670  4442  1632      NaN    0.000    0.000
47672  4466  1683      NaN    0.000    0.000
47674  4516  1664      NaN    1.355    3.661
47675  4410  1709      NaN    0.000    0.000
47677  4427  1780      NaN    1.729    3.158
47678  4457  1892    1.819    1.965    3.352
47682  4492  1614      NaN    0.000    0.000
47684  4098  1688      NaN    0.000    0.000
47690  4425  1487      NaN    1.581    2.729
47740  3734  1547      NaN    1.545    3.303
47741  3704  1631      NaN    0.000    0.000
47742  3723  1619      NaN    0.000    0.000
47744  3734  1632      NaN    0.000    0.000
47746  3835  1627      NaN    0.000    0.000
47747  3900  1621    4.732    1.410    3.261
47750  3956  1631      NaN    1.965    3.152
47754  3518  1746      NaN    0.000    0.000
47755  3592  1692      NaN    0.000    0.000
47756  3811  1674      NaN    0.000    0.000
47759  4003  1679      NaN    0.000    0.000
47761  4061  1649      NaN    0.000    0.000
47762  3466  1799      NaN    0.000    0.000
47765  3637  1748      NaN    0.000    0.000
47766  3647  1767      NaN    0.000    0.000
47767  3725  1743      NaN    0.000    0.000
47768  3800  1718      NaN    0.000    0.000
47769  3884  1700      NaN    0.000    0.000
47770  3945  1715      NaN    0.000    0.000
47772  3979  1716      NaN    0.000    0.000
47776  3910  1756      NaN    1.274    3.606
47777  3940  1767      NaN    0.000    0.000
47778  4007  1855      NaN    1.568    3.300
47780  4014  1715      NaN    0.000    0.000
47784  3523  1774      NaN    0.000    0.000
47800  3283  1771      NaN    0.000    0.000
47805  3311  1864      NaN    0.000    0.000
47807  3404  1840      NaN    0.000    0.000
47809  3439  1832      NaN    0.000    0.000
47812  3331  1886      NaN    0.000    0.000
47813  3395  1875      NaN    0.000    0.000
47814  3466  1870      NaN    0.000    0.000
47815  3542  1879      NaN    0.000    0.000
47817  3346  1935      NaN    0.000    0.000
47818  3391  1935    4.198    2.442    3.297
47819  3439  1926      NaN    0.000    0.000
47821  3480  1918    3.778    1.932    3.090
47822  3546  1952      NaN    0.000    0.000
47823  3383  2013      NaN    0.000    0.000
47824  3445  1993      NaN    0.000    0.000
47827  3423  2067      NaN    0.000    0.000
47829  3482  2047      NaN    0.000    0.000
47830  3520  2024      NaN    0.000    0.000
47831  3395  2099    1.153    1.323    3.777
47835  3518  2064    4.563    1.290    3.484
47836  3436  2198      NaN    1.535    3.768
47837  3471  2161      NaN    0.000    0.000
47838  3365  1995      NaN    0.000    0.000
47842  3176  2019      NaN    0.000    0.000
47843  3230  1939      NaN    0.000    0.000
47887  3673  1810      NaN    0.000    0.000
47890  3781  1761      NaN    0.000    0.000
47891  3815  1758      NaN    0.000    0.000
47892  3647  1879      NaN    0.000    0.000
47893  3759  1842      NaN    0.000    0.000
47895  3872  1786      NaN    0.000    0.000
47897  3663  1914    3.260    0.000    0.000
47898  3699  1937      NaN    0.000    0.000
47899  3830  1877      NaN    0.000    0.000
47909  3305  2422      NaN    1.829    3.842
47912  2579  2861      NaN    3.571    4.242
47917  2663  2864      NaN    0.000    0.000
47918  2708  2876      NaN    0.000    0.000
47927  2833  2823      NaN    0.000    0.000
47929  3003  2652      NaN    2.458    4.419
47936  3102  2667      NaN    0.000    0.000
47940  3133  2622      NaN    0.000    0.000
47942  3215  2528      NaN    2.581    4.255
47945  3499  2708      NaN    3.406    4.484
47971  4726  2566      NaN    0.000    0.000
48803   445  3081    3.075    2.239    3.803
48806   438  3212    0.547    2.987    4.523
48808   701  3062    3.138    2.300    3.926
48820   651  3245      NaN    0.000    0.000
48823   690  3312    3.370    0.897    1.152
48826   744  3271    2.849    2.306    4.874
48830   759  3156    3.770    2.423    4.442
48839   865  3346      NaN    0.000    0.000
48921   212  3178    2.607    3.313    4.377
48924   165  3243    3.725    3.697    4.874
48925   225  3284    0.428    3.352    4.919
48927   475  3314    0.129    2.484    4.039
50527  2213    89      NaN    0.000    0.000
50548  2657    91      NaN    0.555    2.655
50557  2827    94    1.995    0.655    2.923
50564  3064    64    2.171    0.574    2.674
50603  1884   150    1.809    0.542    3.432
50632  2456   139    0.139    0.568    2.500
50658  2900   219    2.043    0.000    0.000
50727  2234   318    2.959    0.703    2.929
50745  2680   294      NaN    0.000    0.000
50756  3021   288    2.253    0.587    3.139
50774  3238   257    3.020    0.552    2.242
50788  3583   311    2.427    0.723    2.968
50844  2624   404    2.350    0.410    3.806
50854  2836   406    2.365    0.494    3.345
50888  3606   414    2.465    0.629    3.026
50915  1901   503    2.108    0.494    3.726
50949  2786   552    2.450    0.552    3.194
50953  2999   477    2.421    0.632    3.110
50963  3219   453    2.762    0.642    3.419
50968  3133   537      NaN    0.000    0.000
50978  3466   527      NaN    0.000    0.000
50983  3693   475      NaN    0.000    0.000
52267   120   903      NaN    0.000    0.000
52378   266   968      NaN    0.000    0.000
52495   505  1037      NaN    0.000    0.000
52652    50  1240      NaN    0.000    0.000
52681   346  1274    2.354    0.332    4.858
52754    16  1420    3.129    1.106    3.058
52787   322  1435    3.276    1.000    3.016
52866   199  1500      NaN    0.000    0.000
52889   436  1563      NaN    0.000    0.000
52955    85  1616    3.066    1.019    3.674
52983   466  1584    2.722    0.735    3.310
52996   561  1638    3.245    1.097    3.000
53068  1345   712      NaN    0.303    4.487
53083  1586   604    2.100    0.452    3.768
53149  1136   837      NaN    0.339    4.481
53192  1675   671    1.995    0.439    3.945
53231   716   959      NaN    0.000    0.000
53276  1446   852      NaN    0.439    4.184
53336   955   946      NaN    0.355    4.452
53352  1170   931    2.561    0.542    3.971
53391  1569   908    2.373    0.552    3.755
53463  1310  1030      NaN    0.000    0.000
53480  1464  1005    2.919    0.635    3.639
53487  1494  1110      NaN    0.000    0.000
53502   645  1145      NaN    0.226    4.952
53513   830  1035      NaN    0.000    0.000
53529   895  1222      NaN    0.565    4.319
53543  1119  1140      NaN    0.000    0.000
53564  1250  1190      NaN    0.606    3.952
53588  1515  1239    1.608    0.858    3.668
53593  1632  1140      NaN    0.000    0.000
53614   695  1293    2.713    0.545    4.139
53646  1097  1315    2.753    0.690    3.852
53673  1423  1261      NaN    0.000    0.000
53698  1616  1341      NaN    0.000    0.000
53705   638  1403    3.104    0.613    3.932
53723   828  1367    2.764    0.706    3.665
53764  1244  1401      NaN    0.000    0.000
53772  1407  1369      NaN    0.000    0.000
53787  1455  1450    3.333    0.800    3.548
53798  1625  1450      NaN    0.000    0.000
53845  1065  1502    3.811    0.810    3.700
53863  1336  1453      NaN    0.000    0.000
53898  1614  1563    3.119    0.548    4.361
53915   748  1619      NaN    0.000    0.000
53923   856  1599      NaN    0.000    0.000
53959  1239  1675    3.030    0.826    3.929
53975  1390  1627      NaN    0.000    0.000
54012  1972   608    2.268    0.565    3.626
54026  2342   610      NaN    0.319    4.239
54027  2174   675    2.272    0.406    3.677
54049  2685   645    2.262    0.594    3.300
54094  3316   610      NaN    0.000    0.000
54096  3490   630      NaN    0.000    0.000
54102  1806   679    2.217    0.494    3.800
54115  2024   718    2.459    0.490    3.684
54135  2495   718      NaN    0.377    4.194
54157  2726   764    2.725    0.632    3.387
54161  2825   684      NaN    0.000    0.000
54186  3159   744      NaN    0.000    0.000
54208  1845   876    2.831    0.594    3.213
54218  2125   867      NaN    0.000    0.000
54226  2319   860    2.471    0.358    3.929
54236  2525   850    2.731    0.490    3.710
54259  2795   886    3.418    0.848    2.990
54273  2997   787    3.110    0.755    3.058
54292  3305   800    3.256    0.587    2.952
54308  1864   987    3.157    0.513    3.323
54311  1989   904      NaN    0.000    0.000
54324  2291   947    3.020    0.335    4.126
54337  2366   994      NaN    0.000    0.000
54342  2635   927    2.747    0.597    3.442
54346  2665   974      NaN    0.000    0.000
54374  3016   929    1.334    0.716    2.519
54377  2930   998    3.419    0.758    2.645
54386  3156   970    3.567    0.739    2.348
54401  1668  1033      NaN    0.000    0.000
54405  1737  1074      NaN    0.000    0.000
54423  2011  1011      NaN    0.000    0.000
54436  2123  1076    3.761    0.542    3.781
54471  2484  1046      NaN    0.000    0.000
54493  2777  1041    3.783    0.984    2.974
54497  2726  1115      NaN    0.000    0.000
54511  1825  1128      NaN    0.000    0.000
54527  1924  1222      NaN    0.000    0.000
54534  2028  1160      NaN    0.000    0.000
54539  2118  1184      NaN    0.000    0.000
54587  2601  1227      NaN    0.000    0.000
54602  1744  1250      NaN    0.000    0.000
54618  1855  1336      NaN    0.000    0.000
54662  2424  1244      NaN    0.000    0.000
54715  1856  1420      NaN    0.000    0.000
54725  1965  1401    3.230    0.658    3.958
54751  2321  1352      NaN    0.000    0.000
54753  2276  1388      NaN    0.000    0.000
54776  2542  1412      NaN    0.794    3.774
54808  1756  1543    3.404    0.561    4.381
54823  1911  1502    3.311    0.832    3.906
54826  1916  1541      NaN    0.000    0.000
54836  2034  1548      NaN    0.000    0.000
54843  2150  1483      NaN    0.000    0.000
54857  2278  1562      NaN    0.000    0.000
54863  2374  1483    3.263    0.748    3.545
54909  1744  1674    3.514    0.732    4.294
54916  1888  1618      NaN    0.000    0.000
54929  2011  1653    3.538    1.074    3.597
54945  2189  1632    3.431    0.000    0.000
56065   180  1711    3.550    1.342    2.981
56079   333  1840    3.615    1.265    3.100
56080   326  1681    3.561    1.239    2.977
56096   552  1860    3.180    0.000    0.000
56146     1  2060    3.452    1.310    3.574
56152    38  1985    3.323    1.358    3.290
56167   126  2131    3.447    1.319    3.529
56172   251  2028    2.815    1.197    3.313
56182   400  1944    4.191    1.490    3.152
56187   430  2163      NaN    0.774    2.445
56193   507  1970    2.365    1.658    2.613
56196   531  2079      NaN    0.000    0.000
56257    31  2241    3.355    1.245    3.687
56287   337  2243    2.769    1.945    3.597
56357    35  2347    3.098    1.545    3.548
56374   221  2235    1.365    1.423    3.110
56385   374  2295    3.208    1.787    3.290
56462   169  2353    0.688    1.094    3.574
56492   516  2375    2.233    1.139    4.516
56571   255  2476      NaN    0.000    0.000
56586   421  2540    2.984    1.758    3.181
56651    25  2596    3.865    1.165    4.052
56671   253  2616    3.977    1.387    4.394
56684   369  2642    4.239    1.881    3.629
56691   481  2592    3.507    2.103    3.355
56751    22  2723      NaN    1.490    3.942
56763   210  2719    0.005    1.477    3.997
56768   171  2799    0.521    2.458    4.019
56778   302  2799      NaN    0.000    0.000
56786   430  2736    3.243    1.852    3.442
56886   423  2853    2.246    2.197    3.565
56951    25  2919      NaN    3.026    4.513
56959    89  3137      NaN    0.000    0.000
56964   111  3051    3.334    2.377    4.194
56966   223  2958    0.051    2.216    3.777
56969   178  3193    0.385    3.145    4.816
56977   204  3068    2.645    3.284    4.416
56985   380  2982      NaN    0.000    0.000
57006   645  1728      NaN    0.000    0.000
57014   658  1730      NaN    0.000    0.000
57016   800  1754      NaN    0.000    0.000
57025   828  1735    4.211    0.903    3.432
57046  1130  1739    4.277    0.858    3.974
57067  1237  1787    3.778    0.965    3.503
57071  1394  1702    4.060    0.819    4.074
57083  1530  1713      NaN    0.000    0.000
57127   789  1898    2.829    0.000    0.000
57131  1005  1744      NaN    0.777    4.252
57178  1410  1901      NaN    0.000    0.000
57193  1627  1817    3.617    0.516    4.665
57237   901  2010    4.096    1.745    3.419
57245  1013  1937      NaN    0.000    0.000
57259  1207  2013    3.808    1.042    3.184
57265  1308  1974      NaN    0.000    0.000
57279  1420  2000    3.219    0.819    4.200
57290  1571  1905      NaN    0.000    0.000
57297  1575  2002      NaN    0.000    0.000
57306   669  2064      NaN    1.103    4.329
57328   841  2107      NaN    0.000    0.000
57348  1069  2127    4.048    1.616    3.268
57378  1408  2110      NaN    1.019    4.032
57399  1677  2108    3.215    1.216    3.668
57411   682  2151      NaN    0.000    0.000
57426   875  2164    3.236    1.306    3.552
57447  1061  2209    4.007    1.416    3.013
57461  1267  2163      NaN    0.000    0.000
57476  1362  2202      NaN    0.000    0.000
57494  1584  2172      NaN    0.000    0.000
57503   574  2284    2.659    1.242    3.971
57504   567  2288      NaN    0.000    0.000
57516   725  2288      NaN    0.000    0.000
57554  1140  2308    3.829    1.526    3.094
57584  1466  2310      NaN    0.000    0.000
57598  1634  2349    0.808    1.558    3.784
57602   610  2366      NaN    0.000    0.000
57604   604  2377    2.651    1.303    4.165
57633   983  2372    4.093    1.577    3.100
57655  1166  2413    4.059    1.284    3.952
57662  1310  2347      NaN    0.000    0.000
57687  1442  2439      NaN    0.000    0.000
57707   587  2543    3.543    1.890    3.384
57712   779  2495    1.807    1.548    3.100
57713   772  2499    2.587    1.581    3.203
57731   925  2471    3.254    1.558    3.210
57745  1086  2527    3.881    1.516    3.558
57766  1285  2551    3.395    1.455    3.865
57776  1423  2543    2.067    2.235    3.839
57793  1612  2487    3.700    0.000    0.000
57799  1677  2564      NaN    0.000    0.000
57816   755  2624      NaN    0.000    0.000
57832   972  2581    4.107    1.661    3.300
57845  1097  2670    3.674    1.887    3.487
57853  1192  2607    3.487    1.723    3.600
57866  1302  2663      NaN    0.000    0.000
57902   582  2752    2.787    2.203    3.265
57916   759  2752    3.318    1.855    3.387
57922   847  2708    3.693    1.965    3.297
57932   957  2693    3.503    2.165    3.577
57957  1155  2764    3.389    1.784    3.810
57972  1461  2711    3.897    1.974    3.745
57993  1681  2704    3.615    1.839    3.681
58027  1922  1761      NaN    0.000    0.000
58040  2144  1698      NaN    0.000    0.000
58102  1767  1806      NaN    0.000    0.000
58141  2133  1830    3.122    1.065    3.423
58144  2133  1838      NaN    0.000    0.000
58150  2269  1819    3.874    0.977    3.845
58203  1763  1920    3.001    0.797    3.910
58208  1750  1998    3.306    1.055    3.584
58221  1948  1914    3.504    0.948    3.361
58238  2118  2024    3.409    1.371    3.519
58251  2273  1922      NaN    0.000    0.000
58265  2420  2010    3.299    0.000    0.000
58314  1830  2084      NaN    0.000    0.000
58321  1939  2041    3.145    1.277    3.516
58338  2082  2112    3.643    1.242    3.610
58345  2183  2080      NaN    0.000    0.000
58362  2403  2082      NaN    0.000    0.000
58424  1911  2181      NaN    0.000    0.000
58437  2034  2226    4.661    1.481    3.606
58457  2260  2215      NaN    0.000    0.000
58472  2515  2159      NaN    0.000    0.000
58477  2478  2237    0.218    0.000    0.000
58506  1791  2288    1.294    1.368    4.116
58527  1927  2319      NaN    0.000    0.000
58543  2131  2284      NaN    0.000    0.000
58556  2332  2286      NaN    0.000    0.000
58569  2459  2331      NaN    0.000    0.000
58606  1784  2398    3.204    1.335    4.110
58633  2114  2357      NaN    0.000    0.000
58646  2232  2415    4.079    1.842    3.448
58660  2368  2370      NaN    0.000    0.000
58666  2452  2415      NaN    1.829    3.594
58715  1866  2512    3.818    1.806    3.871
58725  1957  2540    1.298    1.832    3.329
58730  2021  2491    0.729    1.461    3.342
58731  2077  2474    3.256    1.587    3.290
58752  2314  2489    3.171    0.000    0.000
58754  2263  2540      NaN    0.000    0.000
58813  1830  2594    3.534    1.526    3.677
58834  2034  2618      NaN    2.642    3.884
58847  2161  2680      NaN    0.000    0.000
58849  2234  2670      NaN    2.535    4.935
58853  2319  2577      NaN    0.000    0.000
58911  1834  2706    3.505    1.706    3.955
58921  1944  2693    4.277    0.000    0.000
58926  1950  2767      NaN    2.903    4.355
58931  2028  2721    2.438    2.471    4.129
58944  2217  2743    2.506    0.000    0.000
58968  2411  2797      NaN    0.000    0.000
58974  2472  2730      NaN    0.000    0.000
59007   568  2906    3.725    2.094    3.448
59023   901  2835    3.825    1.916    3.842
59046  1054  2874      NaN    0.000    0.000
59058  1179  2891    4.530    1.923    4.068
59072  1386  2823      NaN    0.000    0.000
59082  1524  2838    4.085    2.268    3.913
59087  1515  2926      NaN    0.000    0.000
59096  1623  2872    4.260    2.419    4.074
59102  1754  2807    2.883    2.068    4.165
59117  1806  2879      NaN    0.000    0.000
59134  2026  2859      NaN    0.000    0.000
59152  2349  2823      NaN    0.000    0.000
59158  2318  2896      NaN    0.000    0.000
59162  2437  2827      NaN    0.000    0.000
59209   667  2991    4.703    2.132    3.594
59211   740  2924    2.774    1.752    3.845
59254  1130  2980      NaN    0.000    0.000
59265  1267  2971    3.915    2.081    4.587
59278  1397  3019    4.346    0.000    0.000
59287  1494  3006      NaN    0.000    0.000
59293  1651  2935    4.723    2.045    4.319
59316  1870  2980      NaN    0.000    0.000
59348  2204  2995      NaN    1.068    6.297
59353  2331  2967    3.792    2.813    5.000
59358  2265  3025      NaN    0.000    0.000
59362  2422  2911      NaN    0.000    0.000
59368  2394  3014      NaN    0.000    0.000
59417   757  3096    2.504    3.568    4.845
59431   921  3066    3.622    2.226    4.210
59456  1226  3098    4.192    2.329    4.494
59493  1580  3075      NaN    0.000    0.000
59501  1722  3049      NaN    0.000    0.000
59554  2271  3068      NaN    0.000    0.000
59556  2342  3098      NaN    0.000    0.000
59559  2325  3137    0.006    2.558    4.719
59562  2370  3053      NaN    0.000    0.000
59567  2415  3133    0.005    0.000    0.000
59632   966  3143    3.693    2.345    4.610
59644  1020  3195      NaN    0.000    0.000
59658  1155  3232    0.029    2.903    4.555
59663  1341  3156    3.223    2.390    4.474
59673  1431  3167      NaN    0.000    0.000
59758  1149  3361      NaN    0.000    0.000
59792  1873  3286      NaN    0.000    0.000
