30949  1341    50    5.190    0.474    5.774
30967  1765    12    4.438    0.352    6.268
30978  2060    20    4.491    0.345    6.013
31583  3352    25    2.385    0.919    5.197
31587  3210    44    6.334    1.519    5.723
31594  3370    66    3.561    1.045    5.174
31618  3637   111    4.158    1.235    4.165
31624  3723    68    4.447    1.248    4.387
31632  3880     8    5.189    1.297    4.248
31636  3891    51    4.781    1.971    4.513
31655  4096    63      NaN    1.252    4.861
31702  3482   113    4.667    1.442    4.419
31703  3555   113    4.184    1.177    4.455
31707  3469   255    6.280    1.016    5.039
31710  3654   231    0.980    1.342    4.665
31713  3691   143    2.638    1.290    4.539
31725  3790   156    2.627    1.326    4.813
31733  4020   134      NaN    2.081    4.910
31735  3940   167    6.369    1.368    4.858
31754  4151   158    3.725    1.303    4.274
31770  4515   113      NaN    1.897    3.371
31786  3900   275    4.217    1.358    4.629
31788  3846   320    3.804    1.329    4.468
31792  3992   251      NaN    1.223    4.639
31801  4054   262    4.744    1.365    4.294
31823  4429   229      NaN    0.000    0.000
31825  4302   270    4.443    1.426    3.510
31829  4367   302      NaN    0.000    0.000
31832  3839   359      NaN    1.477    4.590
31845  3956   389    5.429    1.506    4.416
31866  4294   389      NaN    1.752    3.032
31873  3779   464    4.251    1.748    4.387
31878  3757   552    2.789    1.687    4.490
31884  3839   514    5.870    1.465    4.303
31909  4100   561      NaN    1.571    3.955
31913  3583   537      NaN    0.000    0.000
31915  3516   628    2.951    1.219    4.342
31917  3508   669    2.482    1.271    4.552
31921  3592   593      NaN    1.481    4.539
31924  3592   624    3.367    1.410    4.348
31931  3706   583    4.363    1.629    4.490
31935  3751   626    4.624    1.555    4.242
31939  3794   656    3.845    1.603    3.971
31958  3971   645    3.160    1.597    3.887
31959  4016   632      NaN    0.000    0.000
31960  3578   772      NaN    0.000    0.000
31961  3581   686    3.208    1.584    4.365
31969  3451   824      NaN    0.000    0.000
31977  3591   755      NaN    1.655    4.229
31981  3704   677    4.768    1.342    4.239
31987  3699   768    6.715    1.623    4.461
31989  3798   796      NaN    0.000    0.000
31994  3828   720    6.022    1.529    4.013
32088  4709   106      NaN    0.000    0.000
32098  4828    89      NaN    0.000    0.000
32099  5011   152      NaN    0.000    0.000
32121  4727   227      NaN    0.000    0.000
32128  4711   331      NaN    0.000    0.000
32133  4795   300    2.896    1.477    3.094
32150  4785   343    6.554    0.000    0.000
44230   225    50    4.902    0.639    5.484
44231    20    42    4.786    0.629    5.313
44232   303    70    4.817    0.768    5.284
44237   156   165    5.201    0.645    5.348
44239   399   135    4.792    0.742    5.203
44241   680   122    5.155    0.877    5.158
44256  1614    51    4.887    0.332    6.019
44259  1631   216    4.932    0.187    6.787
44282   165   287    5.918    0.561    6.000
44284    16   371    4.741    0.277    5.903
44285   311   348    4.734    0.539    6.045
44287    78   434    5.296    0.148    7.032
44288   313   419    5.342    0.368    6.710
44292   770   234      NaN    0.000    0.000
44294   839   303    4.890    0.519    5.790
44298   921   399    4.764    0.297    6.419
44302  1358   249    5.187    0.432    6.029
44304  1192   302    4.524    0.394    5.897
44305  1489   372    4.969    0.245    6.397
44313  2086   268    4.837    0.345    6.374
44314  1752   318    5.198    0.242    6.852
44317  1722   460    4.995    0.255    6.545
44336   438   511      NaN    0.132    7.484
44341   705   475    4.751    0.265    6.735
44347   596   626      NaN    0.106    7.448
44352  1386   479    4.856    0.206    6.906
44354  1134   572    4.214    0.100    7.277
44358  1334   703    4.631    0.148    7.216
44373   496   720      NaN    0.000    0.000
45004  1588  3102      NaN    0.000    0.000
45005  1588  3103      NaN    0.000    0.000
45007  1560  3102      NaN    0.000    0.000
45011  1520  3118      NaN    0.000    0.000
45013  1520  3118      NaN    0.000    0.000
45018  1520  3122      NaN    0.000    0.000
45020  1517  3116      NaN    0.000    0.000
45031  1618  3075      NaN    2.368    6.168
45032  1586  3077    0.100    2.161    5.645
45033  1603  3077      NaN    2.348    6.400
45034  1595  3083    1.561    4.071    5.842
45035  1567  3085      NaN    0.000    0.000
45036  1608  3085      NaN    0.000    0.000
45037  1590  3087      NaN    0.000    0.000
45038  1565  3092      NaN    0.000    0.000
45039  1591  3092      NaN    0.000    0.000
45040  1599  3094      NaN    0.000    0.000
45041  1597  3102      NaN    0.000    0.000
45042  1558  3103      NaN    0.000    0.000
45043  1588  3109      NaN    0.000    0.000
45044  1571  3115      NaN    0.000    0.000
45045  1603  3116      NaN    0.000    0.000
47003  3406   862      NaN    1.603    4.516
47005  3171   918    6.240    1.461    4.403
47008  3340   921      NaN    0.000    0.000
47014  3012   921    6.321    1.400    5.000
47016  3156   964      NaN    0.000    0.000
47020  2980  1013    6.311    1.535    4.674
47022  3154  1030    6.768    1.565    4.419
47025  3271  1046      NaN    1.574    5.339
47028  2794  1071      NaN    1.145    5.671
47031  3053  1080    7.282    1.881    4.152
47035  2732  1110      NaN    0.000    0.000
47037  2829  1123    6.449    1.235    5.539
47039  2941  1102    6.740    1.510    4.974
47041  3087  1128      NaN    1.474    5.106
47046  3158  1117      NaN    0.000    0.000
47050  2874  1164      NaN    1.155    5.755
47052  2986  1209    6.950    1.626    4.874
47055  3074  1212      NaN    1.219    5.765
47058  2889  1229      NaN    0.000    0.000
47060  2844  1265      NaN    0.000    0.000
47061  3158  1263    8.317    0.000    0.000
47065  2887  1287      NaN    0.000    0.000
47067  2973  1289    6.942    1.194    5.223
47068  2788  1328      NaN    1.571    5.568
47069  2879  1341      NaN    1.058    5.655
47070  2976  1349    6.919    0.974    5.539
47075  3057  1298    6.975    1.165    4.810
47090  3200  1317      NaN    0.000    0.000
47092  3212  1338    7.494    1.635    5.197
47095  3059  1328    6.684    1.216    5.087
47097  3079  1427    6.200    1.184    5.126
47098  3032  1356      NaN    0.000    0.000
47099  2997  1358      NaN    0.000    0.000
47100  3217  1380    4.631    1.355    4.726
47101  3107  1356      NaN    0.000    0.000
47102  2760  1349      NaN    3.281    5.148
47104  3232  1367    7.509    1.687    4.819
47105  3236  1373      NaN    0.000    0.000
47106  3262  1401      NaN    0.000    0.000
47108  3019  1394      NaN    0.000    0.000
47110  3001  1394      NaN    0.000    0.000
47112  2982  1403      NaN    0.000    0.000
47113  2962  1405      NaN    1.077    5.023
47114  3131  1420    6.732    0.000    0.000
47115  3464  1401      NaN    3.068    4.506
47119  3023  1427      NaN    0.000    0.000
47121  3187  1436    4.734    1.577    4.513
47127  3131  1461      NaN    0.000    0.000
47129  2969  1481    6.850    1.077    5.742
47130  3296  1459      NaN    0.000    0.000
47131  3074  1498      NaN    0.000    0.000
47133  3066  1528      NaN    0.000    0.000
47135  3135  1545    5.382    1.852    4.835
47136  3215  1506    6.962    1.642    4.774
47137  3154  1524    7.494    1.665    4.910
47138  3292  1565      NaN    0.000    0.000
47140  2997  1569      NaN    0.000    0.000
47143  3206  1582      NaN    0.000    0.000
47145  3038  1483    7.104    1.487    5.190
47146  3042  1590      NaN    0.000    0.000
47150  2975  1532      NaN    1.239    5.690
47151  3288  1614      NaN    0.000    0.000
47152  3284  1619      NaN    0.000    0.000
47154  3172  1556      NaN    0.000    0.000
47155  3200  1662      NaN    0.000    0.000
47156  3012  1662      NaN    0.000    0.000
47157  3126  1606    6.954    1.758    4.729
47159  3253  1670      NaN    0.000    0.000
47162  3186  1698      NaN    0.000    0.000
47163  2954  1683      NaN    0.000    0.000
47165  2956  1702      NaN    0.000    0.000
47167  3094  1700      NaN    0.000    0.000
47168  3107  1711      NaN    0.000    0.000
47169  2851  1716      NaN    3.052    4.374
47170  2991  1750      NaN    3.961    5.287
47171  3010  1619      NaN    0.000    0.000
47172  2991  1632      NaN    1.371    5.513
47173  3062  1636    7.354    1.929    4.794
47174  3051  1674    6.933    2.590    4.897
47175  2948  1741      NaN    3.455    5.181
47182  2969  1847      NaN    0.000    0.000
47184  2971  1849      NaN    0.000    0.000
47185  2930  1873      NaN    0.000    0.000
47188  3010  1862      NaN    2.252    4.694
47189  2975  1879      NaN    0.000    0.000
47192  3150  1659      NaN    0.000    0.000
47401  4670   514      NaN    0.000    0.000
47402  4770   568    7.348    1.681    3.819
47404  4671   632      NaN    0.000    0.000
47405  4813   608      NaN    1.848    4.403
47406  4664   679      NaN    0.000    0.000
47407  4746   701      NaN    0.000    0.000
47409  4961   671      NaN    2.229    4.371
47411  4595   764      NaN    0.000    0.000
47412  4630   778      NaN    0.000    0.000
47413  4681   761      NaN    2.242    3.971
47417  4841   794      NaN    0.000    0.000
47418  4972   787      NaN    0.000    0.000
47421  4505   807      NaN    1.971    3.758
47423  4591   862      NaN    0.000    0.000
47424  4655   828      NaN    0.000    0.000
47426  4793   878      NaN    0.000    0.000
47428  4494   912      NaN    0.000    0.000
47430  4565   918      NaN    0.000    0.000
47433  4565   796      NaN    0.000    0.000
47435  4856   634      NaN    0.000    0.000
47440  4852   863      NaN    0.000    0.000
47512  4673  1226      NaN    2.268    4.835
47520  4516  1261    6.834    1.681    4.739
47570  4472  1403      NaN    0.000    0.000
47574  4474  1048      NaN    2.010    4.452
47575  4567  1030      NaN    0.000    0.000
47576  4617   977      NaN    1.826    4.277
47581  4651  1061      NaN    0.000    0.000
47582  4492  1153      NaN    0.000    0.000
47584  4612  1155      NaN    0.000    0.000
47585  4701  1160    5.790    2.055    4.674
47587  4464  1242      NaN    0.000    0.000
47588  4520  1317      NaN    0.000    0.000
47590  4582  1315      NaN    0.000    0.000
47592  4627  1296      NaN    0.000    0.000
47595  4533  1371      NaN    0.000    0.000
47597  4505  1442      NaN    0.000    0.000
47598  4582  1463      NaN    0.000    0.000
47600  4134  1412      NaN    0.000    0.000
47602  4283  1341      NaN    0.000    0.000
47604  4375  1354      NaN    0.000    0.000
47605  4104  1504      NaN    0.000    0.000
47606  4151  1479      NaN    0.000    0.000
47607  4167  1489      NaN    0.000    0.000
47610  4279  1494      NaN    0.000    0.000
47612  4285  1446    6.654    1.529    4.697
47615  4466  1507      NaN    0.000    0.000
47616  4057  1563      NaN    0.000    0.000
47617  4173  1552      NaN    0.000    0.000
47618  4253  1541      NaN    0.000    0.000
47620  4270  1563      NaN    0.000    0.000
47622  4319  1530      NaN    0.000    0.000
47624  4376  1524      NaN    0.000    0.000
47626  4412  1552      NaN    0.000    0.000
47629  4533  1526      NaN    0.000    0.000
47631  4040  1608      NaN    0.000    0.000
47632  4119  1636      NaN    0.000    0.000
47636  4141  1662      NaN    0.000    0.000
47637  4236  1623      NaN    0.000    0.000
47638  4319  1606      NaN    0.000    0.000
47639  4339  1640      NaN    0.000    0.000
47640  4343  1625      NaN    0.000    0.000
47641  4376  1571      NaN    0.000    0.000
47648  4576  1599      NaN    0.000    0.000
47649  4050  1707      NaN    0.000    0.000
47651  4091  1711      NaN    0.000    0.000
47653  4156  1722      NaN    0.000    0.000
47654  4225  1713      NaN    0.000    0.000
47655  4281  1726      NaN    0.000    0.000
47656  4302  1683      NaN    0.000    0.000
47657  4362  1668      NaN    0.000    0.000
47662  4455  1604      NaN    0.000    0.000
47663  4055  1786      NaN    1.852    4.594
47666  4352  1726      NaN    0.000    0.000
47668  4380  1675      NaN    2.652    5.126
47670  4442  1632      NaN    0.000    0.000
47672  4466  1683      NaN    0.000    0.000
47674  4516  1664      NaN    2.152    5.003
47675  4410  1709      NaN    0.000    0.000
47677  4427  1780      NaN    3.587    4.758
47678  4457  1892      NaN    2.968    4.655
47682  4492  1614      NaN    0.000    0.000
47684  4098  1688      NaN    0.000    0.000
47690  4425  1487      NaN    1.700    4.710
47740  3734  1547      NaN    2.790    4.497
47741  3704  1631      NaN    0.000    0.000
47742  3723  1619      NaN    0.000    0.000
47744  3734  1632      NaN    0.000    0.000
47746  3835  1627      NaN    0.000    0.000
47747  3900  1621    8.009    1.971    4.542
47750  3956  1631      NaN    2.229    4.716
47754  3518  1746      NaN    0.000    0.000
47755  3592  1692      NaN    0.000    0.000
47756  3811  1674      NaN    0.000    0.000
47759  4003  1679      NaN    0.000    0.000
47761  4061  1649      NaN    0.000    0.000
47762  3466  1799      NaN    0.000    0.000
47765  3637  1748      NaN    0.000    0.000
47766  3647  1767      NaN    0.000    0.000
47767  3725  1743      NaN    0.000    0.000
47768  3800  1718      NaN    0.000    0.000
47769  3884  1700      NaN    0.000    0.000
47770  3945  1715      NaN    0.000    0.000
47772  3979  1716      NaN    0.000    0.000
47776  3910  1756      NaN    1.984    5.458
47777  3940  1767      NaN    0.000    0.000
47778  4007  1855      NaN    2.471    4.774
47780  4014  1715      NaN    0.000    0.000
47784  3523  1774      NaN    0.000    0.000
47800  3283  1771      NaN    0.000    0.000
47805  3311  1864      NaN    0.000    0.000
47807  3404  1840      NaN    0.000    0.000
47809  3439  1832      NaN    0.000    0.000
47812  3331  1886      NaN    0.000    0.000
47813  3395  1875      NaN    0.000    0.000
47814  3466  1870      NaN    0.000    0.000
47815  3542  1879      NaN    0.000    0.000
47817  3346  1935      NaN    0.000    0.000
47818  3391  1935    7.436    3.306    4.987
47819  3439  1926      NaN    0.000    0.000
47821  3480  1918    5.200    1.984    4.571
47822  3546  1952      NaN    0.000    0.000
47823  3383  2013      NaN    0.000    0.000
47824  3445  1993      NaN    0.000    0.000
47827  3423  2067      NaN    0.000    0.000
47829  3482  2047      NaN    0.000    0.000
47830  3520  2024      NaN    0.000    0.000
47831  3395  2099      NaN    2.284    4.742
47835  3518  2064      NaN    2.126    4.800
47836  3436  2198      NaN    2.661    4.832
47837  3471  2161      NaN    0.000    0.000
47838  3365  1995      NaN    0.000    0.000
47842  3176  2019      NaN    0.000    0.000
47843  3230  1939      NaN    0.000    0.000
47887  3673  1810      NaN    0.000    0.000
47890  3781  1761      NaN    0.000    0.000
47891  3815  1758      NaN    0.000    0.000
47892  3647  1879      NaN    0.000    0.000
47893  3759  1842      NaN    0.000    0.000
47895  3872  1786      NaN    0.000    0.000
47897  3663  1914    5.496    0.000    0.000
47898  3699  1937      NaN    0.000    0.000
47899  3830  1877      NaN    0.000    0.000
47909  3305  2422      NaN    2.397    4.235
47912  2579  2861      NaN    4.771    6.123
47917  2663  2864      NaN    0.000    0.000
47918  2708  2876      NaN    0.000    0.000
47927  2833  2823      NaN    0.000    0.000
47929  3003  2652      NaN    3.490    4.742
47936  3102  2667      NaN    0.000    0.000
47940  3133  2622      NaN    0.000    0.000
47942  3215  2528      NaN    3.239    4.419
47945  3499  2708      NaN    3.468    4.277
47971  4726  2566      NaN    0.000    0.000
48803   445  3081    5.661    2.106    5.345
48806   438  3212    0.437    3.542    5.977
48808   701  3062    5.983    2.658    5.477
48820   651  3245      NaN    0.000    0.000
48823   690  3312    4.782    0.906    1.755
48826   744  3271    5.575    2.123    6.590
48830   759  3156    6.197    2.458    5.626
48839   865  3346      NaN    0.000    0.000
48921   212  3178    2.709    3.668    5.603
48924   165  3243    3.385    4.400    5.874
48925   225  3284    0.653    4.132    5.635
48927   475  3314    1.416    3.661    6.010
50527  2213    89      NaN    0.000    0.000
50548  2657    91      NaN    0.532    5.890
50557  2827    94    6.033    0.545    6.297
50564  3064    64    5.531    0.706    5.697
50603  1884   150    4.402    0.194    6.758
50632  2456   139    1.513    0.668    5.165
50658  2900   219    5.227    0.000    0.000
50727  2234   318    6.925    0.697    5.597
50745  2680   294      NaN    0.000    0.000
50756  3021   288    5.285    0.542    6.342
50774  3238   257    7.073    1.342    4.735
50788  3583   311    6.041    0.955    5.245
50844  2624   404    5.009    0.361    6.768
50854  2836   406    5.367    0.471    6.306
50888  3606   414    5.244    1.019    5.016
50915  1901   503    5.458    0.252    6.926
50949  2786   552    5.595    0.526    6.748
50953  2999   477    5.229    0.703    6.132
50963  3219   453    6.395    0.868    5.816
50968  3133   537      NaN    0.000    0.000
50978  3466   527      NaN    0.000    0.000
50983  3693   475      NaN    0.000    0.000
52267   120   903      NaN    0.000    0.000
52378   266   968      NaN    0.000    0.000
52495   505  1037      NaN    0.000    0.000
52652    50  1240      NaN    0.000    0.000
52681   346  1274    4.801    0.135    7.997
52754    16  1420      NaN    1.177    5.229
52787   322  1435    5.427    0.823    6.003
52866   199  1500      NaN    0.000    0.000
52889   436  1563      NaN    0.000    0.000
52955    85  1616    5.418    0.716    6.248
52983   466  1584    5.865    0.613    6.377
52996   561  1638    5.726    0.994    6.010
53068  1345   712      NaN    0.145    7.535
53083  1586   604    5.059    0.235    6.868
53149  1136   837      NaN    0.113    7.635
53192  1675   671    4.862    0.226    6.935
53231   716   959      NaN    0.000    0.000
53276  1446   852      NaN    0.174    7.242
53336   955   946      NaN    0.084    7.852
53352  1170   931    5.769    0.132    7.458
53391  1569   908    5.886    0.290    6.758
53463  1310  1030      NaN    0.000    0.000
53480  1464  1005    6.160    0.277    6.829
53487  1494  1110      NaN    0.000    0.000
53502   645  1145      NaN    0.055    8.206
53513   830  1035      NaN    0.000    0.000
53529   895  1222      NaN    0.161    7.942
53543  1119  1140      NaN    0.000    0.000
53564  1250  1190      NaN    0.177    7.597
53588  1515  1239    4.356    0.574    7.068
53593  1632  1140      NaN    0.000    0.000
53614   695  1293    5.803    0.245    7.671
53646  1097  1315    5.720    0.219    7.494
53673  1423  1261      NaN    0.000    0.000
53698  1616  1341      NaN    0.000    0.000
53705   638  1403    6.089    0.319    7.552
53723   828  1367    5.013    0.310    7.439
53764  1244  1401      NaN    0.000    0.000
53772  1407  1369      NaN    0.000    0.000
53787  1455  1450    5.801    0.471    6.913
53798  1625  1450      NaN    0.000    0.000
53845  1065  1502    6.010    0.632    7.145
53863  1336  1453      NaN    0.000    0.000
53898  1614  1563    6.103    0.906    6.755
53915   748  1619      NaN    0.000    0.000
53923   856  1599      NaN    0.000    0.000
53959  1239  1675    6.211    0.445    6.997
53975  1390  1627      NaN    0.000    0.000
54012  1972   608    4.986    0.348    6.671
54026  2342   610      NaN    0.213    7.152
54027  2174   675    5.228    0.252    7.065
54049  2685   645    5.270    0.413    6.500
54094  3316   610      NaN    0.000    0.000
54096  3490   630      NaN    0.000    0.000
54102  1806   679    5.044    0.232    6.771
54115  2024   718    5.017    0.219    6.726
54135  2495   718      NaN    0.303    7.048
54157  2726   764    5.137    0.529    6.387
54161  2825   684      NaN    0.000    0.000
54186  3159   744      NaN    0.000    0.000
54208  1845   876    6.133    0.416    6.381
54218  2125   867      NaN    0.000    0.000
54226  2319   860    5.173    0.232    7.265
54236  2525   850    4.957    0.248    6.990
54259  2795   886    6.934    1.394    5.513
54273  2997   787    5.455    1.206    5.539
54292  3305   800    6.315    1.394    4.565
54308  1864   987    6.865    0.352    6.713
54311  1989   904      NaN    0.000    0.000
54324  2291   947    5.949    0.326    7.481
54337  2366   994      NaN    0.000    0.000
54342  2635   927    6.096    0.452    6.732
54346  2665   974      NaN    0.000    0.000
54374  3016   929    3.428    1.500    4.635
54377  2930   998    6.087    1.326    4.900
54386  3156   970    6.123    1.439    4.268
54401  1668  1033      NaN    0.000    0.000
54405  1737  1074      NaN    0.000    0.000
54423  2011  1011      NaN    0.000    0.000
54436  2123  1076    7.582    1.055    6.800
54471  2484  1046      NaN    0.000    0.000
54493  2777  1041    6.676    1.035    5.771
54497  2726  1115      NaN    0.000    0.000
54511  1825  1128      NaN    0.000    0.000
54527  1924  1222      NaN    0.000    0.000
54534  2028  1160      NaN    0.000    0.000
54539  2118  1184      NaN    0.000    0.000
54587  2601  1227      NaN    0.000    0.000
54602  1744  1250      NaN    0.000    0.000
54618  1855  1336      NaN    0.000    0.000
54662  2424  1244      NaN    0.000    0.000
54715  1856  1420      NaN    0.000    0.000
54725  1965  1401    6.842    0.848    6.590
54751  2321  1352      NaN    0.000    0.000
54753  2276  1388      NaN    0.000    0.000
54776  2542  1412      NaN    1.316    6.490
54808  1756  1543    7.986    0.800    6.790
54823  1911  1502    6.724    0.810    6.923
54826  1916  1541      NaN    0.000    0.000
54836  2034  1548      NaN    0.000    0.000
54843  2150  1483      NaN    0.000    0.000
54857  2278  1562      NaN    0.000    0.000
54863  2374  1483      NaN    0.877    6.232
54909  1744  1674    7.763    1.481    6.187
54916  1888  1618      NaN    0.000    0.000
54929  2011  1653    6.230    0.900    6.310
54945  2189  1632      NaN    0.000    0.000
56065   180  1711    5.697    1.235    5.481
56079   333  1840    5.810    1.652    5.197
56080   326  1681    6.026    1.445    5.358
56096   552  1860    6.465    0.000    0.000
56146     1  2060    5.893    1.248    5.871
56152    38  1985    5.467    1.323    5.826
56167   126  2131    5.306    1.487    5.787
56172   251  2028    3.452    1.665    5.626
56182   400  1944    6.680    2.219    5.355
56187   430  2163      NaN    0.442    3.468
56193   507  1970    5.380    2.703    5.377
56196   531  2079      NaN    0.000    0.000
56257    31  2241    5.172    1.190    5.874
56287   337  2243    6.163    2.084    6.110
56357    35  2347    4.261    1.358    5.816
56374   221  2235    1.822    2.203    5.052
56385   374  2295    7.779    2.326    6.806
56462   169  2353    1.337    1.555    5.600
56492   516  2375    5.676    0.681    7.287
56571   255  2476      NaN    0.000    0.000
56586   421  2540    5.793    1.287    6.358
56651    25  2596    5.744    0.858    6.290
56671   253  2616    6.080    0.855    7.781
56684   369  2642    6.257    1.094    6.677
56691   481  2592    5.642    1.239    6.458
56751    22  2723      NaN    1.248    7.152
56763   210  2719    0.005    1.090    6.974
56768   171  2799    0.005    1.629    6.610
56778   302  2799      NaN    0.000    0.000
56786   430  2736    5.711    1.390    6.261
56886   423  2853    5.282    1.694    6.097
56951    25  2919      NaN    4.558    6.761
56959    89  3137      NaN    0.000    0.000
56964   111  3051    5.457    1.871    6.100
56966   223  2958    0.005    1.984    6.077
56969   178  3193    0.960    3.587    5.923
56977   204  3068    4.109    3.629    5.816
56985   380  2982      NaN    0.000    0.000
57006   645  1728      NaN    0.000    0.000
57014   658  1730      NaN    0.000    0.000
57016   800  1754      NaN    0.000    0.000
57025   828  1735    6.748    1.568    5.574
57046  1130  1739    8.227    1.261    6.506
57067  1237  1787    6.697    0.819    6.210
57071  1394  1702    6.212    0.790    6.455
57083  1530  1713      NaN    0.000    0.000
57127   789  1898    6.376    0.000    0.000
57131  1005  1744      NaN    0.974    6.768
57178  1410  1901      NaN    0.000    0.000
57193  1627  1817    7.337    0.761    6.584
57237   901  2010    7.019    2.942    6.026
57245  1013  1937      NaN    0.000    0.000
57259  1207  2013    7.302    2.110    5.677
57265  1308  1974      NaN    0.000    0.000
57279  1420  2000    5.490    0.942    6.568
57290  1571  1905      NaN    0.000    0.000
57297  1575  2002      NaN    0.000    0.000
57306   669  2064      NaN    0.926    7.026
57328   841  2107      NaN    0.000    0.000
57348  1069  2127    7.147    2.232    5.932
57378  1408  2110      NaN    0.816    6.658
57399  1677  2108    5.716    0.952    6.113
57411   682  2151      NaN    0.000    0.000
57426   875  2164    5.952    1.684    6.268
57447  1061  2209    6.795    2.200    5.706
57461  1267  2163      NaN    0.000    0.000
57476  1362  2202      NaN    0.000    0.000
57494  1584  2172      NaN    0.000    0.000
57503   574  2284    5.684    1.400    6.677
57504   567  2288      NaN    0.000    0.000
57516   725  2288      NaN    0.000    0.000
57554  1140  2308    6.313    2.523    5.810
57584  1466  2310      NaN    0.000    0.000
57598  1634  2349    2.652    2.442    5.832
57602   610  2366      NaN    0.000    0.000
57604   604  2377      NaN    0.684    7.058
57633   983  2372    6.364    2.361    5.623
57655  1166  2413    6.420    1.690    6.148
57662  1310  2347      NaN    0.000    0.000
57687  1442  2439      NaN    0.000    0.000
57707   587  2543    5.372    1.900    6.277
57712   779  2495    5.523    1.516    5.629
57713   772  2499    6.532    1.800    5.845
57731   925  2471    6.209    1.929    5.487
57745  1086  2527    6.906    2.010    5.871
57766  1285  2551    6.599    1.852    6.039
57776  1423  2543    4.384    2.506    5.806
57793  1612  2487    6.888    0.000    0.000
57799  1677  2564      NaN    0.000    0.000
57816   755  2624      NaN    0.000    0.000
57832   972  2581    7.497    2.148    5.419
57845  1097  2670    6.868    2.581    5.158
57853  1192  2607    6.452    2.045    5.587
57866  1302  2663      NaN    0.000    0.000
57902   582  2752    5.146    1.681    5.910
57916   759  2752    5.341    2.129    5.303
57922   847  2708    6.618    2.755    5.223
57932   957  2693    6.227    3.184    5.519
57957  1155  2764    6.901    2.313    5.361
57972  1461  2711    6.193    2.110    5.177
57993  1681  2704    6.582    2.100    5.145
58027  1922  1761      NaN    0.000    0.000
58040  2144  1698      NaN    0.000    0.000
58102  1767  1806      NaN    0.000    0.000
58141  2133  1830    5.732    1.077    6.348
58144  2133  1838      NaN    0.000    0.000
58150  2269  1819    6.622    0.823    6.368
58203  1763  1920    6.150    1.555    6.081
58208  1750  1998    6.171    0.919    6.258
58221  1948  1914    6.675    0.771    6.406
58238  2118  2024    5.909    0.619    6.594
58251  2273  1922      NaN    0.000    0.000
58265  2420  2010    6.327    0.000    0.000
58314  1830  2084      NaN    0.000    0.000
58321  1939  2041      NaN    0.774    6.597
58338  2082  2112    6.025    1.010    6.552
58345  2183  2080      NaN    0.000    0.000
58362  2403  2082      NaN    0.000    0.000
58424  1911  2181      NaN    0.000    0.000
58437  2034  2226      NaN    2.384    6.077
58457  2260  2215      NaN    0.000    0.000
58472  2515  2159      NaN    0.000    0.000
58477  2478  2237      NaN    0.000    0.000
58506  1791  2288    3.254    2.187    6.294
58527  1927  2319      NaN    0.000    0.000
58543  2131  2284      NaN    0.000    0.000
58556  2332  2286      NaN    0.000    0.000
58569  2459  2331      NaN    0.000    0.000
58606  1784  2398    6.055    1.432    6.355
58633  2114  2357      NaN    0.000    0.000
58646  2232  2415    6.462    2.097    4.855
58660  2368  2370      NaN    0.000    0.000
58666  2452  2415      NaN    2.810    4.329
58715  1866  2512    6.792    2.313    5.526
58725  1957  2540    2.714    2.413    4.739
58730  2021  2491    2.481    1.952    4.761
58731  2077  2474    6.316    1.994    4.555
58752  2314  2489      NaN    0.000    0.000
58754  2263  2540      NaN    0.000    0.000
58813  1830  2594    6.293    1.865    5.006
58834  2034  2618      NaN    2.632    4.703
58847  2161  2680      NaN    0.000    0.000
58849  2234  2670      NaN    3.148    5.358
58853  2319  2577      NaN    0.000    0.000
58911  1834  2706    6.354    1.848    4.600
58921  1944  2693    7.385    0.000    0.000
58926  1950  2767      NaN    3.342    4.826
58931  2028  2721    4.428    3.155    4.900
58944  2217  2743      NaN    0.000    0.000
58968  2411  2797      NaN    0.000    0.000
58974  2472  2730      NaN    0.000    0.000
59007   568  2906    5.902    1.797    5.461
59023   901  2835    6.643    2.126    5.484
59046  1054  2874      NaN    0.000    0.000
59058  1179  2891    6.721    2.119    5.403
59072  1386  2823      NaN    0.000    0.000
59082  1524  2838    6.346    2.677    4.897
59087  1515  2926      NaN    0.000    0.000
59096  1623  2872    7.606    2.632    4.913
59102  1754  2807    5.629    2.448    4.665
59117  1806  2879      NaN    0.000    0.000
59134  2026  2859      NaN    0.000    0.000
59152  2349  2823      NaN    0.000    0.000
59158  2318  2896      NaN    0.000    0.000
59162  2437  2827      NaN    0.000    0.000
59209   667  2991    6.892    2.939    5.500
59211   740  2924    4.401    1.829    5.594
59254  1130  2980      NaN    0.000    0.000
59265  1267  2971    6.250    1.848    5.826
59278  1397  3019    6.684    0.000    0.000
59287  1494  3006      NaN    0.000    0.000
59293  1651  2935    6.329    2.365    5.035
59316  1870  2980      NaN    0.000    0.000
59348  2204  2995      NaN    2.426    7.829
59353  2331  2967    3.404    2.500    6.813
59358  2265  3025      NaN    0.000    0.000
59362  2422  2911      NaN    0.000    0.000
59368  2394  3014      NaN    0.000    0.000
59417   757  3096    5.310    2.716    5.706
59431   921  3066    5.201    2.332    5.603
59456  1226  3098    5.808    2.135    5.497
59493  1580  3075      NaN    0.000    0.000
59501  1722  3049      NaN    0.000    0.000
59554  2271  3068      NaN    0.000    0.000
59556  2342  3098      NaN    0.000    0.000
59559  2325  3137    0.384    2.813    7.010
59562  2370  3053      NaN    0.000    0.000
59567  2415  3133      NaN    0.000    0.000
59632   966  3143    5.909    1.781    6.455
59644  1020  3195      NaN    0.000    0.000
59658  1155  3232      NaN    2.919    6.516
59663  1341  3156    4.562    2.600    5.616
59673  1431  3167      NaN    0.000    0.000
59758  1149  3361      NaN    0.000    0.000
59792  1873  3286      NaN    0.000    0.000
