30949  1341    50    0.780    0.382    0.407
30967  1765    12    1.447    0.336    0.350
30978  2060    20    1.426    0.268    0.279
31583  3352    25    1.207    0.236    0.239
31587  3210    44    1.502    0.332    0.346
31594  3370    66    1.196    0.239    0.243
31618  3637   111    0.384    0.307    0.311
31624  3723    68    1.307    0.332    0.386
31632  3880     8    1.445    0.318    0.361
31636  3891    51    1.016    0.332    0.375
31655  4096    63      NaN    0.318    0.325
31702  3482   113    1.202    0.243    0.261
31703  3555   113    0.757    0.268    0.275
31707  3469   255    1.614    0.314    0.325
31710  3654   231    0.983    0.271    0.279
31713  3691   143    0.438    0.275    0.282
31725  3790   156    1.030    0.250    0.257
31733  4020   134      NaN    0.379    0.400
31735  3940   167    1.530    0.329    0.343
31754  4151   158    1.505    0.268    0.311
31770  4515   113      NaN    0.429    0.446
31786  3900   275    0.670    0.318    0.329
31788  3846   320    0.365    0.296    0.300
31792  3992   251    0.590    0.296    0.304
31801  4054   262    1.043    0.329    0.339
31823  4429   229      NaN    0.000    0.000
31825  4302   270    1.091    0.386    0.454
31829  4367   302      NaN    0.000    0.000
31832  3839   359    1.294    0.321    0.332
31845  3956   389    1.085    0.479    0.518
31866  4294   389    2.055    0.454    0.504
31873  3779   464    0.600    0.289    0.296
31878  3757   552    0.797    0.350    0.361
31884  3839   514    0.749    0.325    0.339
31909  4100   561      NaN    0.521    0.657
31913  3583   537      NaN    0.000    0.000
31915  3516   628    0.864    0.536    0.564
31917  3508   669    0.559    0.575    0.625
31921  3592   593      NaN    0.482    0.521
31924  3592   624    0.779    0.514    0.557
31931  3706   583    0.426    0.411    0.425
31935  3751   626      NaN    0.579    0.596
31939  3794   656    0.356    0.607    0.632
31958  3971   645    0.747    0.457    0.507
31959  4016   632      NaN    0.000    0.000
31960  3578   772      NaN    0.000    0.000
31961  3581   686    0.305    0.511    0.554
31969  3451   824      NaN    0.000    0.000
31977  3591   755      NaN    0.639    0.746
31981  3704   677    0.284    0.404    0.418
31987  3699   768    2.420    0.454    0.761
31989  3798   796      NaN    0.000    0.000
31994  3828   720      NaN    0.550    0.646
32088  4709   106      NaN    0.000    0.000
32098  4828    89      NaN    0.000    0.000
32099  5011   152      NaN    0.000    0.000
32121  4727   227      NaN    0.000    0.000
32128  4711   331      NaN    0.000    0.000
32133  4795   300    0.366    0.543    0.582
32150  4785   343    0.729    0.000    0.000
44230   225    50    0.977    0.382    0.411
44231    20    42    1.425    0.389    0.432
44232   303    70    1.224    0.339    0.361
44237   156   165    1.291    0.486    0.543
44239   399   135    1.017    0.400    0.436
44241   680   122    1.467    0.354    0.375
44256  1614    51    1.154    0.379    0.404
44259  1631   216    1.472    0.404    0.429
44282   165   287    1.533    0.643    0.825
44284    16   371    1.534    0.432    0.486
44285   311   348    1.381    0.550    0.636
44287    78   434    1.460    0.625    0.804
44288   313   419    0.701    0.779    1.082
44292   770   234      NaN    0.000    0.000
44294   839   303    1.500    0.296    0.318
44298   921   399    1.630    0.489    0.586
44302  1358   249    1.586    0.332    0.346
44304  1192   302    1.616    0.382    0.414
44305  1489   372    1.554    0.486    0.550
44313  2086   268    1.644    0.243    0.250
44314  1752   318    1.590    0.339    0.354
44317  1722   460    1.526    0.400    0.432
44336   438   511      NaN    0.682    1.096
44341   705   475    1.533    0.704    1.043
44347   596   626      NaN    0.704    1.529
44352  1386   479    1.494    0.607    0.832
44354  1134   572    1.322    0.668    1.379
44358  1334   703    1.468    0.696    1.618
44373   496   720      NaN    0.000    0.000
45004  1588  3102      NaN    0.000    0.000
45005  1588  3103      NaN    0.000    0.000
45007  1560  3102      NaN    0.000    0.000
45011  1520  3118      NaN    0.000    0.000
45013  1520  3118      NaN    0.000    0.000
45018  1520  3122      NaN    0.000    0.000
45020  1517  3116      NaN    0.000    0.000
45031  1618  3075      NaN    1.618    4.457
45032  1586  3077    0.090    1.539    4.096
45033  1603  3077      NaN    1.671    4.768
45034  1595  3083    0.711    2.489    4.136
45035  1567  3085      NaN    0.000    0.000
45036  1608  3085      NaN    0.000    0.000
45037  1590  3087      NaN    0.000    0.000
45038  1565  3092      NaN    0.000    0.000
45039  1591  3092      NaN    0.000    0.000
45040  1599  3094      NaN    0.000    0.000
45041  1597  3102      NaN    0.000    0.000
45042  1558  3103      NaN    0.000    0.000
45043  1588  3109      NaN    0.000    0.000
45044  1571  3115      NaN    0.000    0.000
45045  1603  3116      NaN    0.000    0.000
47003  3406   862      NaN    0.746    1.189
47005  3171   918    1.118    0.493    0.550
47008  3340   921      NaN    0.000    0.000
47014  3012   921    1.846    0.439    0.457
47016  3156   964      NaN    0.000    0.000
47020  2980  1013    1.851    0.586    0.671
47022  3154  1030    2.114    0.571    0.679
47025  3271  1046      NaN    0.864    1.504
47028  2794  1071      NaN    0.789    0.939
47031  3053  1080      NaN    0.589    0.654
47035  2732  1110      NaN    0.000    0.000
47037  2829  1123    2.467    0.800    1.139
47039  2941  1102    2.658    0.925    1.189
47041  3087  1128    2.661    0.868    1.254
47046  3158  1117      NaN    0.000    0.000
47050  2874  1164      NaN    0.868    1.382
47052  2986  1209    3.200    0.932    1.164
47055  3074  1212      NaN    0.746    1.496
47058  2889  1229      NaN    0.000    0.000
47060  2844  1265      NaN    0.000    0.000
47061  3158  1263    3.645    0.000    0.000
47065  2887  1287      NaN    0.000    0.000
47067  2973  1289    2.895    0.975    1.529
47068  2788  1328    2.751    1.057    1.593
47069  2879  1341    3.132    0.943    1.657
47070  2976  1349    3.320    0.896    1.529
47075  3057  1298    2.153    0.768    0.871
47090  3200  1317      NaN    0.000    0.000
47092  3212  1338    3.528    0.714    1.804
47095  3059  1328    3.305    1.043    1.536
47097  3079  1427    3.215    1.011    1.896
47098  3032  1356      NaN    0.000    0.000
47099  2997  1358      NaN    0.000    0.000
47100  3217  1380      NaN    1.104    1.846
47101  3107  1356      NaN    0.000    0.000
47102  2760  1349      NaN    0.625    1.336
47104  3232  1367    3.521    0.525    1.554
47105  3236  1373      NaN    0.000    0.000
47106  3262  1401      NaN    0.000    0.000
47108  3019  1394      NaN    0.000    0.000
47110  3001  1394      NaN    0.000    0.000
47112  2982  1403      NaN    0.000    0.000
47113  2962  1405      NaN    0.875    1.432
47114  3131  1420    3.518    0.000    0.000
47115  3464  1401      NaN    1.321    2.011
47119  3023  1427      NaN    0.000    0.000
47121  3187  1436    2.068    1.096    1.761
47127  3131  1461      NaN    0.000    0.000
47129  2969  1481    3.255    1.000    1.882
47130  3296  1459      NaN    0.000    0.000
47131  3074  1498      NaN    0.000    0.000
47133  3066  1528      NaN    0.000    0.000
47135  3135  1545    1.887    1.018    1.918
47136  3215  1506    3.608    0.900    1.943
47137  3154  1524    3.556    0.932    1.818
47138  3292  1565      NaN    0.000    0.000
47140  2997  1569      NaN    0.000    0.000
47143  3206  1582      NaN    0.000    0.000
47145  3038  1483    3.595    0.921    1.904
47146  3042  1590      NaN    0.000    0.000
47150  2975  1532    3.759    0.946    1.950
47151  3288  1614      NaN    0.000    0.000
47152  3284  1619      NaN    0.000    0.000
47154  3172  1556      NaN    0.000    0.000
47155  3200  1662      NaN    0.000    0.000
47156  3012  1662      NaN    0.000    0.000
47157  3126  1606    3.955    0.854    2.039
47159  3253  1670      NaN    0.000    0.000
47162  3186  1698      NaN    0.000    0.000
47163  2954  1683      NaN    0.000    0.000
47165  2956  1702      NaN    0.000    0.000
47167  3094  1700      NaN    0.000    0.000
47168  3107  1711      NaN    0.000    0.000
47169  2851  1716      NaN    0.939    1.861
47170  2991  1750      NaN    0.939    2.039
47171  3010  1619      NaN    0.000    0.000
47172  2991  1632      NaN    0.861    2.314
47173  3062  1636    3.635    0.939    2.021
47174  3051  1674      NaN    0.682    2.211
47175  2948  1741    1.627    0.768    2.146
47182  2969  1847      NaN    0.000    0.000
47184  2971  1849      NaN    0.000    0.000
47185  2930  1873      NaN    0.000    0.000
47188  3010  1862      NaN    0.846    2.118
47189  2975  1879      NaN    0.000    0.000
47192  3150  1659      NaN    0.000    0.000
47401  4670   514      NaN    0.000    0.000
47402  4770   568    1.499    0.614    0.654
47404  4671   632      NaN    0.000    0.000
47405  4813   608    1.827    0.675    0.714
47406  4664   679      NaN    0.000    0.000
47407  4746   701      NaN    0.000    0.000
47409  4961   671      NaN    0.750    0.800
47411  4595   764      NaN    0.000    0.000
47412  4630   778      NaN    0.000    0.000
47413  4681   761      NaN    0.668    0.704
47417  4841   794      NaN    0.000    0.000
47418  4972   787      NaN    0.000    0.000
47421  4505   807      NaN    0.925    1.075
47423  4591   862      NaN    0.000    0.000
47424  4655   828      NaN    0.000    0.000
47426  4793   878    0.984    0.000    0.000
47428  4494   912      NaN    0.000    0.000
47430  4565   918      NaN    0.000    0.000
47433  4565   796      NaN    0.000    0.000
47435  4856   634      NaN    0.000    0.000
47440  4852   863      NaN    0.000    0.000
47512  4673  1226    3.174    0.732    1.175
47520  4516  1261    1.794    0.629    0.718
47570  4472  1403      NaN    0.000    0.000
47574  4474  1048      NaN    1.032    1.332
47575  4567  1030      NaN    0.000    0.000
47576  4617   977    1.508    0.718    0.889
47581  4651  1061      NaN    0.000    0.000
47582  4492  1153      NaN    0.000    0.000
47584  4612  1155      NaN    0.000    0.000
47585  4701  1160    1.321    0.686    1.168
47587  4464  1242      NaN    0.000    0.000
47588  4520  1317      NaN    0.000    0.000
47590  4582  1315      NaN    0.000    0.000
47592  4627  1296      NaN    0.000    0.000
47595  4533  1371      NaN    0.000    0.000
47597  4505  1442      NaN    0.000    0.000
47598  4582  1463      NaN    0.000    0.000
47600  4134  1412      NaN    0.000    0.000
47602  4283  1341      NaN    0.000    0.000
47604  4375  1354      NaN    0.000    0.000
47605  4104  1504      NaN    0.000    0.000
47606  4151  1479      NaN    0.000    0.000
47607  4167  1489      NaN    0.000    0.000
47610  4279  1494      NaN    0.000    0.000
47612  4285  1446    1.240    0.739    0.825
47615  4466  1507      NaN    0.000    0.000
47616  4057  1563      NaN    0.000    0.000
47617  4173  1552      NaN    0.000    0.000
47618  4253  1541      NaN    0.000    0.000
47620  4270  1563      NaN    0.000    0.000
47622  4319  1530      NaN    0.000    0.000
47624  4376  1524      NaN    0.000    0.000
47626  4412  1552      NaN    0.000    0.000
47629  4533  1526      NaN    0.000    0.000
47631  4040  1608      NaN    0.000    0.000
47632  4119  1636      NaN    0.000    0.000
47636  4141  1662      NaN    0.000    0.000
47637  4236  1623      NaN    0.000    0.000
47638  4319  1606      NaN    0.000    0.000
47639  4339  1640      NaN    0.000    0.000
47640  4343  1625      NaN    0.000    0.000
47641  4376  1571      NaN    0.000    0.000
47648  4576  1599      NaN    0.000    0.000
47649  4050  1707      NaN    0.000    0.000
47651  4091  1711      NaN    0.000    0.000
47653  4156  1722      NaN    0.000    0.000
47654  4225  1713      NaN    0.000    0.000
47655  4281  1726      NaN    0.000    0.000
47656  4302  1683      NaN    0.000    0.000
47657  4362  1668      NaN    0.000    0.000
47662  4455  1604      NaN    0.000    0.000
47663  4055  1786      NaN    0.679    1.654
47666  4352  1726      NaN    0.000    0.000
47668  4380  1675      NaN    0.832    2.236
47670  4442  1632      NaN    0.000    0.000
47672  4466  1683      NaN    0.000    0.000
47674  4516  1664      NaN    1.082    2.536
47675  4410  1709    2.520    0.000    0.000
47677  4427  1780      NaN    1.104    2.075
47678  4457  1892    1.474    1.282    2.596
47682  4492  1614      NaN    0.000    0.000
47684  4098  1688      NaN    0.000    0.000
47690  4425  1487      NaN    1.018    1.425
47740  3734  1547      NaN    0.818    1.550
47741  3704  1631      NaN    0.000    0.000
47742  3723  1619      NaN    0.000    0.000
47744  3734  1632      NaN    0.000    0.000
47746  3835  1627      NaN    0.000    0.000
47747  3900  1621    2.071    1.164    1.871
47750  3956  1631      NaN    0.957    1.807
47754  3518  1746      NaN    0.000    0.000
47755  3592  1692      NaN    0.000    0.000
47756  3811  1674      NaN    0.000    0.000
47759  4003  1679      NaN    0.000    0.000
47761  4061  1649      NaN    0.000    0.000
47762  3466  1799      NaN    0.000    0.000
47765  3637  1748      NaN    0.000    0.000
47766  3647  1767      NaN    0.000    0.000
47767  3725  1743      NaN    0.000    0.000
47768  3800  1718      NaN    0.000    0.000
47769  3884  1700      NaN    0.000    0.000
47770  3945  1715      NaN    0.000    0.000
47772  3979  1716      NaN    0.000    0.000
47776  3910  1756      NaN    0.786    1.861
47777  3940  1767      NaN    0.000    0.000
47778  4007  1855      NaN    0.850    1.929
47780  4014  1715      NaN    0.000    0.000
47784  3523  1774      NaN    0.000    0.000
47800  3283  1771      NaN    0.000    0.000
47805  3311  1864      NaN    0.000    0.000
47807  3404  1840      NaN    0.000    0.000
47809  3439  1832      NaN    0.000    0.000
47812  3331  1886      NaN    0.000    0.000
47813  3395  1875      NaN    0.000    0.000
47814  3466  1870      NaN    0.000    0.000
47815  3542  1879      NaN    0.000    0.000
47817  3346  1935      NaN    0.000    0.000
47818  3391  1935    3.766    1.282    2.218
47819  3439  1926      NaN    0.000    0.000
47821  3480  1918    2.167    0.807    2.143
47822  3546  1952      NaN    0.000    0.000
47823  3383  2013      NaN    0.000    0.000
47824  3445  1993      NaN    0.000    0.000
47827  3423  2067      NaN    0.000    0.000
47829  3482  2047      NaN    0.000    0.000
47830  3520  2024      NaN    0.000    0.000
47831  3395  2099      NaN    1.107    2.571
47835  3518  2064    4.519    0.857    2.357
47836  3436  2198      NaN    1.161    2.746
47837  3471  2161      NaN    0.000    0.000
47838  3365  1995      NaN    0.000    0.000
47842  3176  2019      NaN    0.000    0.000
47843  3230  1939      NaN    0.000    0.000
47887  3673  1810      NaN    0.000    0.000
47890  3781  1761      NaN    0.000    0.000
47891  3815  1758      NaN    0.000    0.000
47892  3647  1879      NaN    0.000    0.000
47893  3759  1842      NaN    0.000    0.000
47895  3872  1786      NaN    0.000    0.000
47897  3663  1914    4.905    0.000    0.000
47898  3699  1937      NaN    0.000    0.000
47899  3830  1877      NaN    0.000    0.000
47909  3305  2422      NaN    1.411    3.150
47912  2579  2861      NaN    2.971    3.382
47917  2663  2864      NaN    0.000    0.000
47918  2708  2876      NaN    0.000    0.000
47927  2833  2823      NaN    0.000    0.000
47929  3003  2652      NaN    2.007    3.418
47936  3102  2667      NaN    0.000    0.000
47940  3133  2622      NaN    0.000    0.000
47942  3215  2528      NaN    1.875    3.129
47945  3499  2708      NaN    2.168    3.471
47971  4726  2566      NaN    0.000    0.000
48803   445  3081    3.808    1.582    3.996
48806   438  3212    0.791    2.007    4.375
48808   701  3062    3.346    2.171    3.182
48820   651  3245      NaN    0.000    0.000
48823   690  3312    3.608    0.925    1.254
48826   744  3271    4.046    2.364    3.764
48830   759  3156    4.108    2.143    3.400
48839   865  3346      NaN    0.000    0.000
48921   212  3178    3.122    3.175    4.439
48924   165  3243    4.183    3.625    4.904
48925   225  3284    1.916    2.246    4.829
48927   475  3314    1.485    1.950    4.675
50527  2213    89      NaN    0.000    0.000
50548  2657    91      NaN    0.296    0.304
50557  2827    94    1.266    0.286    0.296
50564  3064    64    1.360    0.268    0.275
50603  1884   150    1.730    0.389    0.418
50632  2456   139    0.674    0.264    0.268
50658  2900   219    1.429    0.000    0.000
50727  2234   318    1.740    0.329    0.346
50745  2680   294      NaN    0.000    0.000
50756  3021   288    1.329    0.279    0.286
50774  3238   257    2.506    0.304    0.393
50788  3583   311    1.493    0.339    0.350
50844  2624   404    1.931    0.550    0.614
50854  2836   406    1.507    0.364    0.379
50888  3606   414    1.383    0.350    0.361
50915  1901   503    1.830    0.532    0.564
50949  2786   552    1.703    0.432    0.475
50953  2999   477    1.448    0.379    0.400
50963  3219   453    1.472    0.343    0.350
50968  3133   537      NaN    0.000    0.000
50978  3466   527      NaN    0.000    0.000
50983  3693   475      NaN    0.000    0.000
52267   120   903      NaN    0.000    0.000
52378   266   968      NaN    0.000    0.000
52495   505  1037      NaN    0.000    0.000
52652    50  1240      NaN    0.000    0.000
52681   346  1274    1.982    0.375    3.518
52754    16  1420    2.370    1.175    2.486
52787   322  1435    2.250    0.946    2.654
52866   199  1500      NaN    0.000    0.000
52889   436  1563      NaN    0.000    0.000
52955    85  1616    2.123    0.850    3.332
52983   466  1584    2.397    0.946    2.814
52996   561  1638    2.788    1.254    2.418
53068  1345   712      NaN    0.704    1.736
53083  1586   604    1.622    0.546    0.693
53149  1136   837      NaN    0.579    2.261
53192  1675   671    1.671    0.721    0.889
53231   716   959      NaN    0.000    0.000
53276  1446   852      NaN    0.696    1.975
53336   955   946      NaN    0.575    2.425
53352  1170   931    2.078    0.686    2.154
53391  1569   908    1.537    0.782    1.786
53463  1310  1030      NaN    0.000    0.000
53480  1464  1005    2.658    0.764    2.232
53487  1494  1110      NaN    0.000    0.000
53502   645  1145      NaN    0.357    3.161
53513   830  1035      NaN    0.000    0.000
53529   895  1222      NaN    0.582    2.939
53543  1119  1140      NaN    0.000    0.000
53564  1250  1190      NaN    0.671    2.725
53588  1515  1239    1.013    0.825    2.586
53593  1632  1140      NaN    0.000    0.000
53614   695  1293    2.507    0.439    3.325
53646  1097  1315    2.433    0.711    2.904
53673  1423  1261      NaN    0.000    0.000
53698  1616  1341      NaN    0.000    0.000
53705   638  1403    2.708    0.582    3.318
53723   828  1367    2.202    0.739    2.943
53764  1244  1401      NaN    0.000    0.000
53772  1407  1369      NaN    0.000    0.000
53787  1455  1450    2.751    0.671    2.811
53798  1625  1450      NaN    0.000    0.000
53845  1065  1502    2.944    0.725    3.239
53863  1336  1453      NaN    0.000    0.000
53898  1614  1563    2.724    0.682    2.836
53915   748  1619      NaN    0.000    0.000
53923   856  1599      NaN    0.000    0.000
53959  1239  1675    2.648    0.696    3.057
53975  1390  1627      NaN    0.000    0.000
54012  1972   608    2.142    0.561    0.614
54026  2342   610      NaN    0.732    1.071
54027  2174   675    2.179    0.707    0.950
54049  2685   645    2.027    0.450    0.496
54094  3316   610      NaN    0.000    0.000
54096  3490   630      NaN    0.000    0.000
54102  1806   679    1.740    0.629    0.786
54115  2024   718    2.435    0.711    0.971
54135  2495   718      NaN    0.875    1.211
54157  2726   764    2.248    0.650    0.714
54161  2825   684      NaN    0.000    0.000
54186  3159   744      NaN    0.000    0.000
54208  1845   876    2.280    0.764    1.036
54218  2125   867      NaN    0.000    0.000
54226  2319   860    2.558    0.836    1.432
54236  2525   850    2.157    0.832    1.275
54259  2795   886    2.006    0.686    0.775
54273  2997   787    1.625    0.493    0.539
54292  3305   800    2.245    0.707    0.929
54308  1864   987    2.737    0.782    1.893
54311  1989   904      NaN    0.000    0.000
54324  2291   947    2.719    0.761    1.943
54337  2366   994      NaN    0.000    0.000
54342  2635   927    1.565    0.700    1.018
54346  2665   974      NaN    0.000    0.000
54374  3016   929    0.764    0.593    0.632
54377  2930   998    2.284    0.661    0.711
54386  3156   970    2.056    0.382    0.400
54401  1668  1033      NaN    0.000    0.000
54405  1737  1074      NaN    0.000    0.000
54423  2011  1011      NaN    0.000    0.000
54436  2123  1076    3.210    0.721    2.164
54471  2484  1046      NaN    0.000    0.000
54493  2777  1041    2.793    0.625    0.711
54497  2726  1115      NaN    0.000    0.000
54511  1825  1128      NaN    0.000    0.000
54527  1924  1222      NaN    0.000    0.000
54534  2028  1160      NaN    0.000    0.000
54539  2118  1184      NaN    0.000    0.000
54587  2601  1227      NaN    0.000    0.000
54602  1744  1250      NaN    0.000    0.000
54618  1855  1336      NaN    0.000    0.000
54662  2424  1244      NaN    0.000    0.000
54715  1856  1420      NaN    0.000    0.000
54725  1965  1401    3.039    0.829    2.161
54751  2321  1352      NaN    0.000    0.000
54753  2276  1388      NaN    0.000    0.000
54776  2542  1412      NaN    1.086    1.700
54808  1756  1543    3.183    0.771    2.393
54823  1911  1502    2.995    0.975    2.296
54826  1916  1541      NaN    0.000    0.000
54836  2034  1548      NaN    0.000    0.000
54843  2150  1483      NaN    0.000    0.000
54857  2278  1562      NaN    0.000    0.000
54863  2374  1483    2.873    1.029    1.732
54909  1744  1674    3.342    0.743    2.529
54916  1888  1618      NaN    0.000    0.000
54929  2011  1653    2.819    0.968    2.118
54945  2189  1632    3.352    0.000    0.000
56065   180  1711    1.835    1.279    2.700
56079   333  1840    2.803    1.254    2.975
56080   326  1681    2.178    1.261    2.646
56096   552  1860    3.002    0.000    0.000
56146     1  2060    2.886    1.371    2.911
56152    38  1985    2.427    1.336    2.818
56167   126  2131    3.099    0.950    3.504
56172   251  2028    1.431    1.096    3.511
56182   400  1944    3.308    1.407    3.271
56187   430  2163      NaN    0.607    2.354
56193   507  1970    0.070    1.332    2.086
56196   531  2079      NaN    0.000    0.000
56257    31  2241    3.125    1.139    3.250
56287   337  2243    3.272    1.329    3.504
56357    35  2347    2.916    1.111    3.343
56374   221  2235    0.567    0.507    3.950
56385   374  2295    3.653    1.343    3.429
56462   169  2353    0.760    0.396    3.736
56492   516  2375    2.825    0.557    4.354
56571   255  2476      NaN    0.000    0.000
56586   421  2540    3.562    0.500    4.707
56651    25  2596    4.610    0.475    4.239
56671   253  2616    4.398    0.357    6.100
56684   369  2642    4.429    0.489    5.350
56691   481  2592    3.945    0.436    5.129
56751    22  2723      NaN    0.875    4.550
56763   210  2719    0.005    0.686    4.979
56768   171  2799    0.369    0.904    4.650
56778   302  2799      NaN    0.000    0.000
56786   430  2736    3.772    0.700    4.525
56886   423  2853    4.201    1.121    4.575
56951    25  2919      NaN    2.964    4.586
56959    89  3137      NaN    0.000    0.000
56964   111  3051    4.324    1.268    4.579
56966   223  2958    0.005    1.132    4.368
56969   178  3193    1.939    2.346    4.518
56977   204  3068    4.170    2.993    4.354
56985   380  2982      NaN    0.000    0.000
57006   645  1728      NaN    0.000    0.000
57014   658  1730      NaN    0.000    0.000
57016   800  1754      NaN    0.000    0.000
57025   828  1735    3.563    0.911    2.804
57046  1130  1739    2.855    0.807    3.254
57067  1237  1787    2.848    0.832    2.654
57071  1394  1702    2.935    0.643    3.036
57083  1530  1713      NaN    0.000    0.000
57127   789  1898    3.428    0.000    0.000
57131  1005  1744      NaN    0.711    3.375
57178  1410  1901      NaN    0.000    0.000
57193  1627  1817    3.431    0.721    2.811
57237   901  2010    3.297    1.232    2.629
57245  1013  1937      NaN    0.000    0.000
57259  1207  2013    3.855    0.961    2.575
57265  1308  1974      NaN    0.000    0.000
57279  1420  2000    3.330    0.921    2.539
57290  1571  1905      NaN    0.000    0.000
57297  1575  2002      NaN    0.000    0.000
57306   669  2064      NaN    1.007    3.754
57328   841  2107      NaN    0.000    0.000
57348  1069  2127    3.390    1.271    2.375
57378  1408  2110      NaN    0.704    1.218
57399  1677  2108    3.644    1.257    2.125
57411   682  2151      NaN    0.000    0.000
57426   875  2164    2.804    1.311    2.886
57447  1061  2209    3.645    1.500    2.089
57461  1267  2163      NaN    0.000    0.000
57476  1362  2202      NaN    0.000    0.000
57494  1584  2172      NaN    0.000    0.000
57503   574  2284    3.095    0.671    4.032
57504   567  2288      NaN    0.000    0.000
57516   725  2288      NaN    0.000    0.000
57554  1140  2308    3.843    1.221    1.893
57584  1466  2310      NaN    0.000    0.000
57598  1634  2349    1.619    1.304    1.593
57602   610  2366      NaN    0.000    0.000
57604   604  2377    3.244    0.743    3.975
57633   983  2372    2.652    1.457    1.950
57655  1166  2413    4.891    1.529    2.132
57662  1310  2347      NaN    0.000    0.000
57687  1442  2439      NaN    0.000    0.000
57707   587  2543    3.630    1.300    4.125
57712   779  2495    2.764    1.561    2.914
57713   772  2499    3.228    1.421    2.961
57731   925  2471    3.366    1.700    2.246
57745  1086  2527    3.253    1.800    2.382
57766  1285  2551    2.976    1.757    2.232
57776  1423  2543    1.081    1.321    2.168
57793  1612  2487    2.816    0.000    0.000
57799  1677  2564      NaN    0.000    0.000
57816   755  2624      NaN    0.000    0.000
57832   972  2581    3.769    1.775    2.357
57845  1097  2670    3.166    1.621    2.189
57853  1192  2607    4.209    1.839    2.261
57866  1302  2663      NaN    0.000    0.000
57902   582  2752    3.743    1.321    3.989
57916   759  2752    2.872    1.757    2.929
57922   847  2708    3.026    1.864    2.621
57932   957  2693    2.954    1.886    2.382
57957  1155  2764    2.839    1.836    2.486
57972  1461  2711    3.733    2.093    2.632
57993  1681  2704    3.444    1.929    2.789
58027  1922  1761      NaN    0.000    0.000
58040  2144  1698      NaN    0.000    0.000
58102  1767  1806      NaN    0.000    0.000
58141  2133  1830    3.167    1.125    2.039
58144  2133  1838      NaN    0.000    0.000
58150  2269  1819    3.449    1.182    2.046
58203  1763  1920    3.404    0.893    2.407
58208  1750  1998    3.485    1.168    2.504
58221  1948  1914    3.435    1.229    2.396
58238  2118  2024    3.429    1.314    2.196
58251  2273  1922      NaN    0.000    0.000
58265  2420  2010    3.906    0.000    0.000
58314  1830  2084      NaN    0.000    0.000
58321  1939  2041    3.387    1.332    2.250
58338  2082  2112    3.223    1.425    2.196
58345  2183  2080      NaN    0.000    0.000
58362  2403  2082      NaN    0.000    0.000
58424  1911  2181      NaN    0.000    0.000
58437  2034  2226    3.699    1.179    1.864
58457  2260  2215      NaN    0.000    0.000
58472  2515  2159      NaN    0.000    0.000
58477  2478  2237    1.300    0.000    0.000
58506  1791  2288    1.476    1.346    2.189
58527  1927  2319      NaN    0.000    0.000
58543  2131  2284      NaN    0.000    0.000
58556  2332  2286      NaN    0.000    0.000
58569  2459  2331      NaN    0.000    0.000
58606  1784  2398    3.074    1.632    2.168
58633  2114  2357      NaN    0.000    0.000
58646  2232  2415    3.014    1.507    1.875
58660  2368  2370      NaN    0.000    0.000
58666  2452  2415      NaN    1.464    1.936
58715  1866  2512    2.427    1.611    2.239
58725  1957  2540    0.141    1.268    1.957
58730  2021  2491    1.305    1.321    2.000
58731  2077  2474    2.691    1.264    2.089
58752  2314  2489    2.755    0.000    0.000
58754  2263  2540      NaN    0.000    0.000
58813  1830  2594    3.288    1.657    2.293
58834  2034  2618      NaN    1.482    2.736
58847  2161  2680      NaN    0.000    0.000
58849  2234  2670      NaN    2.350    2.879
58853  2319  2577      NaN    0.000    0.000
58911  1834  2706    3.609    1.786    2.893
58921  1944  2693    3.583    0.000    0.000
58926  1950  2767      NaN    1.689    2.975
58931  2028  2721    1.266    1.639    3.011
58944  2217  2743      NaN    0.000    0.000
58968  2411  2797      NaN    0.000    0.000
58974  2472  2730      NaN    0.000    0.000
59007   568  2906    3.394    1.364    3.857
59023   901  2835    2.960    2.182    3.107
59046  1054  2874      NaN    0.000    0.000
59058  1179  2891    3.188    2.054    3.061
59072  1386  2823      NaN    0.000    0.000
59082  1524  2838    3.040    1.836    3.093
59087  1515  2926      NaN    0.000    0.000
59096  1623  2872    3.348    1.861    3.211
59102  1754  2807    3.282    1.621    3.171
59117  1806  2879      NaN    0.000    0.000
59134  2026  2859      NaN    0.000    0.000
59152  2349  2823      NaN    0.000    0.000
59158  2318  2896      NaN    0.000    0.000
59162  2437  2827      NaN    0.000    0.000
59209   667  2991    3.896    2.214    3.396
59211   740  2924    3.733    0.671    1.079
59254  1130  2980      NaN    0.000    0.000
59265  1267  2971    3.132    1.421    4.050
59278  1397  3019    3.735    0.000    0.000
59287  1494  3006      NaN    0.000    0.000
59293  1651  2935    3.455    1.686    3.782
59316  1870  2980      NaN    0.000    0.000
59348  2204  2995      NaN    1.818    4.836
59353  2331  2967    3.797    2.536    4.457
59358  2265  3025      NaN    0.000    0.000
59362  2422  2911      NaN    0.000    0.000
59368  2394  3014      NaN    0.000    0.000
59417   757  3096    4.013    2.050    3.332
59431   921  3066    3.676    1.611    3.718
59456  1226  3098    3.160    1.825    3.818
59493  1580  3075      NaN    0.000    0.000
59501  1722  3049      NaN    0.000    0.000
59554  2271  3068      NaN    0.000    0.000
59556  2342  3098      NaN    0.000    0.000
59559  2325  3137    1.540    2.171    4.418
59562  2370  3053      NaN    0.000    0.000
59567  2415  3133      NaN    0.000    0.000
59632   966  3143    3.872    1.896    3.975
59644  1020  3195      NaN    0.000    0.000
59658  1155  3232    0.451    1.971    3.968
59663  1341  3156    3.577    1.557    4.007
59673  1431  3167      NaN    0.000    0.000
59758  1149  3361      NaN    0.000    0.000
59792  1873  3286      NaN    0.000    0.000
