30949  1341    50    0.557    0.258    0.268
30967  1765    12    0.542    0.194    0.197
30978  2060    20    0.461    0.158    0.165
31583  3352    25    0.129    0.123    0.126
31587  3210    44    0.493    0.190    0.194
31594  3370    66    0.178    0.161    0.161
31618  3637   111    0.195    0.200    0.203
31624  3723    68    0.275    0.187    0.210
31632  3880     8    0.385    0.232    0.239
31636  3891    51    0.305    0.245    0.261
31655  4096    63      NaN    0.229    0.235
31702  3482   113    0.402    0.155    0.158
31703  3555   113    0.340    0.168    0.171
31707  3469   255    0.619    0.206    0.213
31710  3654   231    0.224    0.187    0.190
31713  3691   143    0.038    0.194    0.194
31725  3790   156    0.307    0.184    0.187
31733  4020   134      NaN    0.232    0.239
31735  3940   167    0.611    0.203    0.206
31754  4151   158    0.446    0.194    0.197
31770  4515   113      NaN    0.235    0.239
31786  3900   275    0.073    0.187    0.206
31788  3846   320    0.080    0.229    0.239
31792  3992   251    0.083    0.190    0.197
31801  4054   262    0.442    0.135    0.148
31823  4429   229      NaN    0.000    0.000
31825  4302   270    0.381    0.197    0.226
31829  4367   302      NaN    0.000    0.000
31832  3839   359    0.058    0.245    0.255
31845  3956   389    0.748    0.165    0.190
31866  4294   389    0.627    0.216    0.226
31873  3779   464    0.095    0.184    0.194
31878  3757   552    0.236    0.252    0.258
31884  3839   514    0.445    0.239    0.248
31909  4100   561      NaN    0.345    0.377
31913  3583   537      NaN    0.000    0.000
31915  3516   628    0.015    0.294    0.310
31917  3508   669    0.134    0.345    0.368
31921  3592   593      NaN    0.316    0.332
31924  3592   624    0.063    0.248    0.274
31931  3706   583    0.087    0.258    0.271
31935  3751   626    0.005    0.216    0.255
31939  3794   656    0.338    0.206    0.226
31958  3971   645    0.185    0.345    0.374
31959  4016   632      NaN    0.000    0.000
31960  3578   772      NaN    0.000    0.000
31961  3581   686    0.104    0.239    0.268
31969  3451   824      NaN    0.000    0.000
31977  3591   755      NaN    0.310    0.326
31981  3704   677    0.348    0.255    0.261
31987  3699   768    0.947    0.355    0.455
31989  3798   796      NaN    0.000    0.000
31994  3828   720      NaN    0.245    0.290
32088  4709   106      NaN    0.000    0.000
32098  4828    89      NaN    0.000    0.000
32099  5011   152      NaN    0.000    0.000
32121  4727   227      NaN    0.000    0.000
32128  4711   331      NaN    0.000    0.000
32133  4795   300    0.005    0.377    0.394
32150  4785   343    0.088    0.000    0.000
44230   225    50    0.423    0.213    0.219
44231    20    42    0.497    0.213    0.216
44232   303    70    0.357    0.216    0.223
44237   156   165    0.544    0.284    0.294
44239   399   135    0.502    0.161    0.161
44241   680   122    0.659    0.152    0.148
44256  1614    51    0.532    0.206    0.213
44259  1631   216    0.516    0.268    0.287
44282   165   287    0.254    0.445    0.519
44284    16   371    0.620    0.394    0.432
44285   311   348    0.637    0.394    0.426
44287    78   434    0.452    0.523    0.616
44288   313   419    0.365    0.484    0.581
44292   770   234      NaN    0.000    0.000
44294   839   303    0.642    0.287    0.300
44298   921   399    0.528    0.377    0.413
44302  1358   249    0.613    0.306    0.326
44304  1192   302    0.719    0.345    0.371
44305  1489   372    0.727    0.381    0.429
44313  2086   268    0.543    0.177    0.181
44314  1752   318    0.679    0.255    0.261
44317  1722   460    0.763    0.252    0.261
44336   438   511      NaN    0.510    0.639
44341   705   475    0.445    0.445    0.526
44347   596   626      NaN    0.577    0.803
44352  1386   479    0.742    0.439    0.497
44354  1134   572    0.447    0.529    0.694
44358  1334   703    0.642    0.552    0.719
44373   496   720      NaN    0.000    0.000
45004  1588  3102      NaN    0.000    0.000
45005  1588  3103      NaN    0.000    0.000
45007  1560  3102      NaN    0.000    0.000
45011  1520  3118      NaN    0.000    0.000
45013  1520  3118      NaN    0.000    0.000
45018  1520  3122      NaN    0.000    0.000
45020  1517  3116      NaN    0.000    0.000
45031  1618  3075      NaN    1.394    2.842
45032  1586  3077    0.800    1.326    2.835
45033  1603  3077      NaN    1.655    3.590
45034  1595  3083    2.553    2.361    2.745
45035  1567  3085      NaN    0.000    0.000
45036  1608  3085      NaN    0.000    0.000
45037  1590  3087      NaN    0.000    0.000
45038  1565  3092      NaN    0.000    0.000
45039  1591  3092      NaN    0.000    0.000
45040  1599  3094      NaN    0.000    0.000
45041  1597  3102      NaN    0.000    0.000
45042  1558  3103      NaN    0.000    0.000
45043  1588  3109      NaN    0.000    0.000
45044  1571  3115      NaN    0.000    0.000
45045  1603  3116      NaN    0.000    0.000
47003  3406   862      NaN    0.494    0.590
47005  3171   918    1.000    0.313    0.339
47008  3340   921      NaN    0.000    0.000
47014  3012   921    1.013    0.245    0.258
47016  3156   964      NaN    0.000    0.000
47020  2980  1013    1.154    0.355    0.390
47022  3154  1030    1.152    0.523    0.577
47025  3271  1046      NaN    0.784    1.068
47028  2794  1071      NaN    0.484    0.568
47031  3053  1080    0.443    0.413    0.494
47035  2732  1110      NaN    0.000    0.000
47037  2829  1123    1.110    0.561    0.668
47039  2941  1102    1.430    0.484    0.571
47041  3087  1128    1.291    0.590    0.729
47046  3158  1117      NaN    0.000    0.000
47050  2874  1164      NaN    0.584    0.726
47052  2986  1209    1.839    0.500    0.561
47055  3074  1212      NaN    0.487    0.739
47058  2889  1229      NaN    0.000    0.000
47060  2844  1265      NaN    0.000    0.000
47061  3158  1263    1.476    0.000    0.000
47065  2887  1287      NaN    0.000    0.000
47067  2973  1289    1.500    0.539    0.639
47068  2788  1328    1.019    0.710    0.784
47069  2879  1341    1.506    0.606    0.694
47070  2976  1349    1.860    0.648    0.784
47075  3057  1298    1.369    0.587    0.655
47090  3200  1317      NaN    0.000    0.000
47092  3212  1338    1.774    0.561    0.910
47095  3059  1328    1.812    0.655    0.790
47097  3079  1427    2.003    0.655    0.845
47098  3032  1356      NaN    0.000    0.000
47099  2997  1358      NaN    0.000    0.000
47100  3217  1380    0.135    0.790    1.003
47101  3107  1356      NaN    0.000    0.000
47102  2760  1349      NaN    0.710    0.826
47104  3232  1367    2.134    0.358    0.700
47105  3236  1373      NaN    0.000    0.000
47106  3262  1401      NaN    0.000    0.000
47108  3019  1394      NaN    0.000    0.000
47110  3001  1394      NaN    0.000    0.000
47112  2982  1403      NaN    0.000    0.000
47113  2962  1405      NaN    0.739    0.877
47114  3131  1420    2.119    0.000    0.000
47115  3464  1401      NaN    0.958    1.306
47119  3023  1427      NaN    0.000    0.000
47121  3187  1436    1.428    0.732    0.935
47127  3131  1461      NaN    0.000    0.000
47129  2969  1481    1.797    0.810    1.026
47130  3296  1459      NaN    0.000    0.000
47131  3074  1498      NaN    0.000    0.000
47133  3066  1528      NaN    0.000    0.000
47135  3135  1545    1.060    0.645    0.935
47136  3215  1506    2.249    0.697    1.068
47137  3154  1524    2.028    0.635    0.919
47138  3292  1565      NaN    0.000    0.000
47140  2997  1569      NaN    0.000    0.000
47143  3206  1582      NaN    0.000    0.000
47145  3038  1483    1.985    0.735    0.965
47146  3042  1590      NaN    0.000    0.000
47150  2975  1532    1.851    0.784    1.087
47151  3288  1614      NaN    0.000    0.000
47152  3284  1619      NaN    0.000    0.000
47154  3172  1556      NaN    0.000    0.000
47155  3200  1662      NaN    0.000    0.000
47156  3012  1662      NaN    0.000    0.000
47157  3126  1606    2.107    0.677    1.123
47159  3253  1670      NaN    0.000    0.000
47162  3186  1698      NaN    0.000    0.000
47163  2954  1683      NaN    0.000    0.000
47165  2956  1702      NaN    0.000    0.000
47167  3094  1700      NaN    0.000    0.000
47168  3107  1711      NaN    0.000    0.000
47169  2851  1716      NaN    0.777    1.161
47170  2991  1750      NaN    0.571    1.048
47171  3010  1619      NaN    0.000    0.000
47172  2991  1632      NaN    0.781    1.200
47173  3062  1636    2.301    0.694    1.055
47174  3051  1674      NaN    0.577    1.171
47175  2948  1741    1.257    0.710    1.294
47182  2969  1847      NaN    0.000    0.000
47184  2971  1849      NaN    0.000    0.000
47185  2930  1873      NaN    0.000    0.000
47188  3010  1862      NaN    0.690    1.010
47189  2975  1879      NaN    0.000    0.000
47192  3150  1659      NaN    0.000    0.000
47401  4670   514      NaN    0.000    0.000
47402  4770   568    0.471    0.516    0.523
47404  4671   632      NaN    0.000    0.000
47405  4813   608    0.326    0.503    0.535
47406  4664   679      NaN    0.000    0.000
47407  4746   701      NaN    0.000    0.000
47409  4961   671      NaN    0.668    0.752
47411  4595   764      NaN    0.000    0.000
47412  4630   778      NaN    0.000    0.000
47413  4681   761      NaN    0.487    0.510
47417  4841   794      NaN    0.000    0.000
47418  4972   787      NaN    0.000    0.000
47421  4505   807      NaN    0.361    0.342
47423  4591   862      NaN    0.000    0.000
47424  4655   828      NaN    0.000    0.000
47426  4793   878    0.897    0.000    0.000
47428  4494   912      NaN    0.000    0.000
47430  4565   918      NaN    0.000    0.000
47433  4565   796      NaN    0.000    0.000
47435  4856   634      NaN    0.000    0.000
47440  4852   863      NaN    0.000    0.000
47512  4673  1226    1.786    0.668    0.852
47520  4516  1261    0.543    0.497    0.581
47570  4472  1403      NaN    0.000    0.000
47574  4474  1048      NaN    0.610    0.710
47575  4567  1030      NaN    0.000    0.000
47576  4617   977    0.664    0.658    0.729
47581  4651  1061      NaN    0.000    0.000
47582  4492  1153      NaN    0.000    0.000
47584  4612  1155      NaN    0.000    0.000
47585  4701  1160    0.484    0.552    0.748
47587  4464  1242      NaN    0.000    0.000
47588  4520  1317      NaN    0.000    0.000
47590  4582  1315      NaN    0.000    0.000
47592  4627  1296      NaN    0.000    0.000
47595  4533  1371      NaN    0.000    0.000
47597  4505  1442      NaN    0.000    0.000
47598  4582  1463      NaN    0.000    0.000
47600  4134  1412      NaN    0.000    0.000
47602  4283  1341      NaN    0.000    0.000
47604  4375  1354      NaN    0.000    0.000
47605  4104  1504      NaN    0.000    0.000
47606  4151  1479      NaN    0.000    0.000
47607  4167  1489      NaN    0.000    0.000
47610  4279  1494      NaN    0.000    0.000
47612  4285  1446    1.203    0.548    0.629
47615  4466  1507      NaN    0.000    0.000
47616  4057  1563      NaN    0.000    0.000
47617  4173  1552      NaN    0.000    0.000
47618  4253  1541      NaN    0.000    0.000
47620  4270  1563      NaN    0.000    0.000
47622  4319  1530      NaN    0.000    0.000
47624  4376  1524      NaN    0.000    0.000
47626  4412  1552      NaN    0.000    0.000
47629  4533  1526      NaN    0.000    0.000
47631  4040  1608      NaN    0.000    0.000
47632  4119  1636      NaN    0.000    0.000
47636  4141  1662      NaN    0.000    0.000
47637  4236  1623      NaN    0.000    0.000
47638  4319  1606      NaN    0.000    0.000
47639  4339  1640      NaN    0.000    0.000
47640  4343  1625      NaN    0.000    0.000
47641  4376  1571      NaN    0.000    0.000
47648  4576  1599      NaN    0.000    0.000
47649  4050  1707      NaN    0.000    0.000
47651  4091  1711      NaN    0.000    0.000
47653  4156  1722      NaN    0.000    0.000
47654  4225  1713      NaN    0.000    0.000
47655  4281  1726      NaN    0.000    0.000
47656  4302  1683      NaN    0.000    0.000
47657  4362  1668      NaN    0.000    0.000
47662  4455  1604      NaN    0.000    0.000
47663  4055  1786      NaN    0.535    1.019
47666  4352  1726      NaN    0.000    0.000
47668  4380  1675      NaN    0.774    1.806
47670  4442  1632      NaN    0.000    0.000
47672  4466  1683      NaN    0.000    0.000
47674  4516  1664      NaN    1.058    2.313
47675  4410  1709    1.349    0.000    0.000
47677  4427  1780      NaN    0.858    1.784
47678  4457  1892    1.319    1.042    1.968
47682  4492  1614      NaN    0.000    0.000
47684  4098  1688      NaN    0.000    0.000
47690  4425  1487      NaN    0.652    0.871
47740  3734  1547      NaN    0.674    0.939
47741  3704  1631      NaN    0.000    0.000
47742  3723  1619      NaN    0.000    0.000
47744  3734  1632      NaN    0.000    0.000
47746  3835  1627      NaN    0.000    0.000
47747  3900  1621    1.428    0.900    1.258
47750  3956  1631      NaN    0.613    1.010
47754  3518  1746      NaN    0.000    0.000
47755  3592  1692      NaN    0.000    0.000
47756  3811  1674      NaN    0.000    0.000
47759  4003  1679      NaN    0.000    0.000
47761  4061  1649      NaN    0.000    0.000
47762  3466  1799      NaN    0.000    0.000
47765  3637  1748      NaN    0.000    0.000
47766  3647  1767      NaN    0.000    0.000
47767  3725  1743      NaN    0.000    0.000
47768  3800  1718      NaN    0.000    0.000
47769  3884  1700      NaN    0.000    0.000
47770  3945  1715      NaN    0.000    0.000
47772  3979  1716      NaN    0.000    0.000
47776  3910  1756      NaN    0.700    1.313
47777  3940  1767      NaN    0.000    0.000
47778  4007  1855      NaN    0.735    1.348
47780  4014  1715      NaN    0.000    0.000
47784  3523  1774      NaN    0.000    0.000
47800  3283  1771      NaN    0.000    0.000
47805  3311  1864      NaN    0.000    0.000
47807  3404  1840      NaN    0.000    0.000
47809  3439  1832      NaN    0.000    0.000
47812  3331  1886      NaN    0.000    0.000
47813  3395  1875      NaN    0.000    0.000
47814  3466  1870      NaN    0.000    0.000
47815  3542  1879      NaN    0.000    0.000
47817  3346  1935      NaN    0.000    0.000
47818  3391  1935    3.042    0.852    1.400
47819  3439  1926      NaN    0.000    0.000
47821  3480  1918    1.098    0.616    1.281
47822  3546  1952      NaN    0.000    0.000
47823  3383  2013      NaN    0.000    0.000
47824  3445  1993      NaN    0.000    0.000
47827  3423  2067      NaN    0.000    0.000
47829  3482  2047      NaN    0.000    0.000
47830  3520  2024      NaN    0.000    0.000
47831  3395  2099      NaN    0.906    1.597
47835  3518  2064    2.519    0.697    1.594
47836  3436  2198      NaN    0.994    1.916
47837  3471  2161      NaN    0.000    0.000
47838  3365  1995      NaN    0.000    0.000
47842  3176  2019      NaN    0.000    0.000
47843  3230  1939      NaN    0.000    0.000
47887  3673  1810      NaN    0.000    0.000
47890  3781  1761      NaN    0.000    0.000
47891  3815  1758      NaN    0.000    0.000
47892  3647  1879      NaN    0.000    0.000
47893  3759  1842      NaN    0.000    0.000
47895  3872  1786      NaN    0.000    0.000
47897  3663  1914    3.164    0.000    0.000
47898  3699  1937      NaN    0.000    0.000
47899  3830  1877      NaN    0.000    0.000
47909  3305  2422      NaN    1.000    2.019
47912  2579  2861      NaN    2.032    2.223
47917  2663  2864      NaN    0.000    0.000
47918  2708  2876      NaN    0.000    0.000
47927  2833  2823      NaN    0.000    0.000
47929  3003  2652      NaN    1.535    2.774
47936  3102  2667      NaN    0.000    0.000
47940  3133  2622      NaN    0.000    0.000
47942  3215  2528      NaN    1.445    2.400
47945  3499  2708      NaN    1.742    2.584
47971  4726  2566      NaN    0.000    0.000
48803   445  3081    3.084    1.500    2.626
48806   438  3212    1.044    2.052    3.087
48808   701  3062    2.637    1.419    2.471
48820   651  3245      NaN    0.000    0.000
48823   690  3312    2.135    0.813    1.165
48826   744  3271    2.028    1.671    3.058
48830   759  3156    2.327    1.458    2.671
48839   865  3346      NaN    0.000    0.000
48921   212  3178    3.305    2.365    3.061
48924   165  3243    3.707    2.729    3.529
48925   225  3284    2.341    2.352    3.306
48927   475  3314    2.806    2.103    3.106
50527  2213    89      NaN    0.000    0.000
50548  2657    91      NaN    0.206    0.210
50557  2827    94    0.448    0.190    0.194
50564  3064    64    0.439    0.145    0.152
50603  1884   150    0.634    0.216    0.219
50632  2456   139    0.206    0.155    0.152
50658  2900   219    0.527    0.000    0.000
50727  2234   318    0.550    0.210    0.213
50745  2680   294      NaN    0.000    0.000
50756  3021   288    0.526    0.184    0.187
50774  3238   257    1.184    0.142    0.161
50788  3583   311    0.667    0.213    0.219
50844  2624   404    0.953    0.329    0.355
50854  2836   406    0.809    0.313    0.335
50888  3606   414    0.641    0.223    0.229
50915  1901   503    0.931    0.265    0.271
50949  2786   552    0.693    0.261    0.268
50953  2999   477    0.708    0.235    0.242
50963  3219   453    0.805    0.206    0.210
50968  3133   537      NaN    0.000    0.000
50978  3466   527      NaN    0.000    0.000
50983  3693   475      NaN    0.000    0.000
52267   120   903      NaN    0.000    0.000
52378   266   968      NaN    0.000    0.000
52495   505  1037      NaN    0.000    0.000
52652    50  1240      NaN    0.000    0.000
52681   346  1274    0.972    0.703    1.997
52754    16  1420    1.365    0.910    1.639
52787   322  1435    1.072    0.710    1.681
52866   199  1500      NaN    0.000    0.000
52889   436  1563      NaN    0.000    0.000
52955    85  1616    1.366    0.800    2.377
52983   466  1584    1.375    0.806    2.048
52996   561  1638    1.500    0.900    1.677
53068  1345   712      NaN    0.568    0.752
53083  1586   604    0.749    0.300    0.316
53149  1136   837      NaN    0.674    1.052
53192  1675   671    0.749    0.268    0.277
53231   716   959      NaN    0.000    0.000
53276  1446   852      NaN    0.606    0.806
53336   955   946      NaN    0.665    1.087
53352  1170   931    0.909    0.652    0.874
53391  1569   908    0.947    0.597    0.745
53463  1310  1030      NaN    0.000    0.000
53480  1464  1005    1.260    0.603    0.800
53487  1494  1110      NaN    0.000    0.000
53502   645  1145      NaN    0.629    1.590
53513   830  1035      NaN    0.000    0.000
53529   895  1222      NaN    0.771    1.474
53543  1119  1140      NaN    0.000    0.000
53564  1250  1190      NaN    0.758    1.213
53588  1515  1239    0.193    0.777    1.203
53593  1632  1140      NaN    0.000    0.000
53614   695  1293    1.310    0.732    1.719
53646  1097  1315    1.123    0.794    1.442
53673  1423  1261      NaN    0.000    0.000
53698  1616  1341      NaN    0.000    0.000
53705   638  1403    1.499    0.794    1.981
53723   828  1367    1.067    0.829    1.661
53764  1244  1401      NaN    0.000    0.000
53772  1407  1369      NaN    0.000    0.000
53787  1455  1450    1.521    0.716    1.545
53798  1625  1450      NaN    0.000    0.000
53845  1065  1502    1.873    0.790    1.803
53863  1336  1453      NaN    0.000    0.000
53898  1614  1563    1.852    0.555    2.055
53915   748  1619      NaN    0.000    0.000
53923   856  1599      NaN    0.000    0.000
53959  1239  1675    1.836    0.639    1.877
53975  1390  1627      NaN    0.000    0.000
54012  1972   608    1.052    0.271    0.277
54026  2342   610      NaN    0.529    0.665
54027  2174   675    1.000    0.429    0.474
54049  2685   645    0.874    0.274    0.284
54094  3316   610      NaN    0.000    0.000
54096  3490   630      NaN    0.000    0.000
54102  1806   679    0.694    0.271    0.277
54115  2024   718    1.252    0.358    0.374
54135  2495   718      NaN    0.426    0.471
54157  2726   764    0.748    0.358    0.377
54161  2825   684      NaN    0.000    0.000
54186  3159   744      NaN    0.000    0.000
54208  1845   876    0.975    0.358    0.371
54218  2125   867      NaN    0.000    0.000
54226  2319   860    1.387    0.429    0.497
54236  2525   850    1.003    0.548    0.684
54259  2795   886    0.880    0.335    0.361
54273  2997   787    0.813    0.261    0.274
54292  3305   800    0.864    0.461    0.510
54308  1864   987    1.582    0.587    0.774
54311  1989   904      NaN    0.000    0.000
54324  2291   947    1.262    0.687    1.035
54337  2366   994      NaN    0.000    0.000
54342  2635   927    0.430    0.574    0.700
54346  2665   974      NaN    0.000    0.000
54374  3016   929    0.177    0.323    0.335
54377  2930   998    1.011    0.319    0.345
54386  3156   970    1.151    0.216    0.229
54401  1668  1033      NaN    0.000    0.000
54405  1737  1074      NaN    0.000    0.000
54423  2011  1011      NaN    0.000    0.000
54436  2123  1076    1.690    0.584    1.116
54471  2484  1046      NaN    0.000    0.000
54493  2777  1041    1.396    0.481    0.535
54497  2726  1115      NaN    0.000    0.000
54511  1825  1128      NaN    0.000    0.000
54527  1924  1222      NaN    0.000    0.000
54534  2028  1160      NaN    0.000    0.000
54539  2118  1184      NaN    0.000    0.000
54587  2601  1227      NaN    0.000    0.000
54602  1744  1250      NaN    0.000    0.000
54618  1855  1336      NaN    0.000    0.000
54662  2424  1244      NaN    0.000    0.000
54715  1856  1420      NaN    0.000    0.000
54725  1965  1401    1.942    0.506    1.587
54751  2321  1352      NaN    0.000    0.000
54753  2276  1388      NaN    0.000    0.000
54776  2542  1412      NaN    0.932    1.245
54808  1756  1543    2.198    0.545    1.884
54823  1911  1502    1.660    0.635    1.803
54826  1916  1541      NaN    0.000    0.000
54836  2034  1548      NaN    0.000    0.000
54843  2150  1483      NaN    0.000    0.000
54857  2278  1562      NaN    0.000    0.000
54863  2374  1483    1.556    0.887    1.468
54909  1744  1674    2.853    0.503    1.806
54916  1888  1618      NaN    0.000    0.000
54929  2011  1653    1.893    0.713    1.710
54945  2189  1632    1.641    0.000    0.000
56065   180  1711    1.380    1.016    1.906
56079   333  1840    1.801    1.074    2.106
56080   326  1681    1.650    0.974    2.026
56096   552  1860    1.892    0.000    0.000
56146     1  2060    1.760    1.194    2.129
56152    38  1985    1.713    1.106    1.948
56167   126  2131    2.123    1.013    2.384
56172   251  2028    0.954    1.077    2.452
56182   400  1944    2.494    1.139    2.323
56187   430  2163      NaN    0.826    2.068
56193   507  1970    0.366    0.790    1.397
56196   531  2079      NaN    0.000    0.000
56257    31  2241    2.332    1.081    2.403
56287   337  2243    2.410    1.171    2.174
56357    35  2347    2.614    1.013    2.535
56374   221  2235    0.502    0.587    2.452
56385   374  2295    1.916    0.994    1.987
56462   169  2353    2.256    0.368    2.390
56492   516  2375    1.485    0.919    2.913
56571   255  2476      NaN    0.000    0.000
56586   421  2540    2.419    0.987    2.510
56651    25  2596    3.920    0.442    3.161
56671   253  2616    3.586    0.523    3.961
56684   369  2642    3.453    1.065    3.261
56691   481  2592    2.710    1.119    2.926
56751    22  2723      NaN    0.516    2.965
56763   210  2719    0.091    0.603    2.932
56768   171  2799    1.057    0.974    2.742
56778   302  2799      NaN    0.000    0.000
56786   430  2736    2.798    0.855    2.735
56886   423  2853    3.040    1.300    2.771
56951    25  2919    3.333    2.084    3.235
56959    89  3137      NaN    0.000    0.000
56964   111  3051    3.414    1.571    2.939
56966   223  2958    0.120    1.103    2.584
56969   178  3193    2.457    2.458    3.416
56977   204  3068    3.129    2.032    2.852
56985   380  2982      NaN    0.000    0.000
57006   645  1728      NaN    0.000    0.000
57014   658  1730      NaN    0.000    0.000
57016   800  1754      NaN    0.000    0.000
57025   828  1735    2.594    0.732    1.906
57046  1130  1739    2.136    0.794    2.277
57067  1237  1787    2.043    0.755    1.874
57071  1394  1702    2.082    0.610    2.090
57083  1530  1713      NaN    0.000    0.000
57127   789  1898    2.515    0.000    0.000
57131  1005  1744      NaN    0.716    2.371
57178  1410  1901      NaN    0.000    0.000
57193  1627  1817    2.717    0.590    2.277
57237   901  2010    3.106    0.835    1.552
57245  1013  1937      NaN    0.000    0.000
57259  1207  2013    2.781    0.713    1.639
57265  1308  1974      NaN    0.000    0.000
57279  1420  2000    2.649    0.597    1.965
57290  1571  1905      NaN    0.000    0.000
57297  1575  2002      NaN    0.000    0.000
57306   669  2064      NaN    0.948    2.429
57328   841  2107      NaN    0.000    0.000
57348  1069  2127    2.516    0.874    1.716
57378  1408  2110      NaN    0.719    1.952
57399  1677  2108    2.377    0.839    1.919
57411   682  2151      NaN    0.000    0.000
57426   875  2164    2.695    0.958    1.990
57447  1061  2209    1.506    0.761    1.342
57461  1267  2163      NaN    0.000    0.000
57476  1362  2202      NaN    0.000    0.000
57494  1584  2172      NaN    0.000    0.000
57503   574  2284    1.757    0.790    2.555
57504   567  2288      NaN    0.000    0.000
57516   725  2288      NaN    0.000    0.000
57554  1140  2308    2.994    0.723    1.413
57584  1466  2310      NaN    0.000    0.000
57598  1634  2349    2.148    0.881    1.619
57602   610  2366      NaN    0.000    0.000
57604   604  2377    1.984    0.906    1.890
57633   983  2372    3.638    1.000    1.490
57655  1166  2413    2.681    0.948    1.584
57662  1310  2347      NaN    0.000    0.000
57687  1442  2439      NaN    0.000    0.000
57707   587  2543    2.542    1.413    2.394
57712   779  2495    1.941    1.116    1.819
57713   772  2499    2.231    1.055    1.842
57731   925  2471    2.527    1.235    1.703
57745  1086  2527    2.557    1.010    1.703
57766  1285  2551    2.286    1.171    1.790
57776  1423  2543    1.801    0.794    1.829
57793  1612  2487    2.674    0.000    0.000
57799  1677  2564      NaN    0.000    0.000
57816   755  2624      NaN    0.000    0.000
57832   972  2581    2.109    1.226    1.761
57845  1097  2670    3.120    0.923    1.726
57853  1192  2607    2.689    0.561    0.813
57866  1302  2663      NaN    0.000    0.000
57902   582  2752    2.252    1.342    2.426
57916   759  2752    2.638    1.313    2.135
57922   847  2708    2.904    1.090    1.881
57932   957  2693    2.555    1.219    1.923
57957  1155  2764    2.264    0.606    0.939
57972  1461  2711    3.564    1.239    2.123
57993  1681  2704    3.152    1.100    1.981
58027  1922  1761      NaN    0.000    0.000
58040  2144  1698      NaN    0.000    0.000
58102  1767  1806      NaN    0.000    0.000
58141  2133  1830    2.144    0.742    1.819
58144  2133  1838      NaN    0.000    0.000
58150  2269  1819    2.333    0.826    1.842
58203  1763  1920    3.029    0.700    2.006
58208  1750  1998    2.387    0.761    1.984
58221  1948  1914    2.553    0.755    1.903
58238  2118  2024    2.290    0.748    1.858
58251  2273  1922      NaN    0.000    0.000
58265  2420  2010    2.273    0.000    0.000
58314  1830  2084      NaN    0.000    0.000
58321  1939  2041    2.139    0.752    1.868
58338  2082  2112    2.289    0.829    1.948
58345  2183  2080      NaN    0.000    0.000
58362  2403  2082      NaN    0.000    0.000
58424  1911  2181      NaN    0.000    0.000
58437  2034  2226    3.043    0.729    1.745
58457  2260  2215      NaN    0.000    0.000
58472  2515  2159      NaN    0.000    0.000
58477  2478  2237    1.065    0.000    0.000
58506  1791  2288    1.867    0.823    2.010
58527  1927  2319      NaN    0.000    0.000
58543  2131  2284      NaN    0.000    0.000
58556  2332  2286      NaN    0.000    0.000
58569  2459  2331      NaN    0.000    0.000
58606  1784  2398    2.309    0.945    2.026
58633  2114  2357      NaN    0.000    0.000
58646  2232  2415    3.246    0.942    1.665
58660  2368  2370      NaN    0.000    0.000
58666  2452  2415      NaN    0.945    1.613
58715  1866  2512    2.588    0.994    1.887
58725  1957  2540    2.360    0.742    1.500
58730  2021  2491    3.284    0.784    1.645
58731  2077  2474    2.821    0.713    1.606
58752  2314  2489    2.582    0.000    0.000
58754  2263  2540      NaN    0.000    0.000
58813  1830  2594    2.893    0.990    1.732
58834  2034  2618      NaN    0.942    1.694
58847  2161  2680      NaN    0.000    0.000
58849  2234  2670      NaN    1.726    2.429
58853  2319  2577      NaN    0.000    0.000
58911  1834  2706    3.650    1.165    1.974
58921  1944  2693    3.762    0.000    0.000
58926  1950  2767      NaN    1.255    2.013
58931  2028  2721    3.370    1.087    1.923
58944  2217  2743      NaN    0.000    0.000
58968  2411  2797      NaN    0.000    0.000
58974  2472  2730      NaN    0.000    0.000
59007   568  2906    2.586    1.435    2.461
59023   901  2835    2.731    1.448    2.481
59046  1054  2874      NaN    0.000    0.000
59058  1179  2891    3.103    1.232    2.516
59072  1386  2823      NaN    0.000    0.000
59082  1524  2838    2.981    1.113    2.213
59087  1515  2926      NaN    0.000    0.000
59096  1623  2872    3.929    1.223    2.252
59102  1754  2807    3.567    1.068    2.126
59117  1806  2879      NaN    0.000    0.000
59134  2026  2859      NaN    0.000    0.000
59152  2349  2823      NaN    0.000    0.000
59158  2318  2896      NaN    0.000    0.000
59162  2437  2827      NaN    0.000    0.000
59209   667  2991    2.702    1.406    2.368
59211   740  2924    2.986    0.626    0.926
59254  1130  2980      NaN    0.000    0.000
59265  1267  2971    3.043    1.423    3.048
59278  1397  3019    3.066    0.000    0.000
59287  1494  3006      NaN    0.000    0.000
59293  1651  2935    2.857    1.394    2.558
59316  1870  2980      NaN    0.000    0.000
59348  2204  2995      NaN    1.281    3.468
59353  2331  2967    2.936    1.594    2.732
59358  2265  3025      NaN    0.000    0.000
59362  2422  2911      NaN    0.000    0.000
59368  2394  3014      NaN    0.000    0.000
59417   757  3096    3.048    1.577    2.671
59431   921  3066    3.128    1.352    2.961
59456  1226  3098    3.230    1.532    2.916
59493  1580  3075      NaN    0.000    0.000
59501  1722  3049      NaN    0.000    0.000
59554  2271  3068      NaN    0.000    0.000
59556  2342  3098      NaN    0.000    0.000
59559  2325  3137    1.171    1.865    2.832
59562  2370  3053      NaN    0.000    0.000
59567  2415  3133      NaN    0.000    0.000
59632   966  3143    2.859    1.497    3.300
59644  1020  3195      NaN    0.000    0.000
59658  1155  3232    0.883    1.732    2.906
59663  1341  3156    2.766    1.581    2.890
59673  1431  3167      NaN    0.000    0.000
59758  1149  3361      NaN    0.000    0.000
59792  1873  3286      NaN    0.000    0.000
