30949  1341    50    3.097    0.623    3.887
30967  1765    12    3.045    0.600    3.987
30978  2060    20    3.457    0.627    3.983
31583  3352    25    4.037    0.757    3.900
31587  3210    44    4.447    1.130    4.403
31594  3370    66    4.100    0.980    3.963
31618  3637   111    4.798    1.347    2.903
31624  3723    68    5.188    1.373    2.873
31632  3880     8    4.135    1.120    2.583
31636  3891    51    5.251    1.803    2.760
31655  4096    63      NaN    1.243    2.733
31702  3482   113    4.599    1.343    3.330
31703  3555   113    4.766    1.103    3.183
31707  3469   255    5.171    1.560    3.723
31710  3654   231    4.289    1.247    3.370
31713  3691   143    3.921    1.230    3.127
31725  3790   156    4.634    1.460    3.237
31733  4020   134      NaN    2.443    3.267
31735  3940   167    4.608    1.383    2.923
31754  4151   158    4.709    1.293    2.800
31770  4515   113      NaN    1.457    3.080
31786  3900   275    4.892    1.687    3.113
31788  3846   320    4.742    1.137    3.300
31792  3992   251    4.872    1.300    3.170
31801  4054   262    4.611    1.670    3.053
31823  4429   229      NaN    0.000    0.000
31825  4302   270    5.120    1.640    3.003
31829  4367   302      NaN    0.000    0.000
31832  3839   359    4.084    1.237    3.380
31845  3956   389    5.496    2.247    3.233
31866  4294   389      NaN    2.437    3.213
31873  3779   464    3.956    1.217    3.500
31878  3757   552    4.617    1.243    3.767
31884  3839   514    5.154    1.257    3.353
31909  4100   561      NaN    2.943    3.483
31913  3583   537      NaN    0.000    0.000
31915  3516   628    4.497    1.087    4.240
31917  3508   669    4.585    1.003    4.310
31921  3592   593      NaN    1.440    4.193
31924  3592   624    4.834    1.343    4.063
31931  3706   583    4.539    1.233    3.917
31935  3751   626    5.309    2.050    3.340
31939  3794   656    4.987    1.260    3.397
31958  3971   645    5.234    2.443    3.510
31959  4016   632      NaN    0.000    0.000
31960  3578   772      NaN    0.000    0.000
31961  3581   686    3.967    1.167    4.110
31969  3451   824      NaN    0.000    0.000
31977  3591   755      NaN    1.653    3.727
31981  3704   677    5.030    1.063    3.573
31987  3699   768    4.914    2.333    3.540
31989  3798   796      NaN    0.000    0.000
31994  3828   720    4.752    1.520    3.283
32088  4709   106      NaN    0.000    0.000
32098  4828    89      NaN    0.000    0.000
32099  5011   152      NaN    0.000    0.000
32121  4727   227      NaN    0.000    0.000
32128  4711   331      NaN    0.000    0.000
32133  4795   300    4.675    2.017    2.787
32150  4785   343    4.890    0.000    0.000
44230   225    50    3.323    0.407    4.593
44231    20    42    3.246    0.580    3.970
44232   303    70    3.607    0.563    4.210
44237   156   165    3.079    0.730    3.783
44239   399   135    3.223    0.787    3.867
44241   680   122    3.392    0.597    4.287
44256  1614    51    2.981    0.510    4.220
44259  1631   216    3.291    0.437    4.937
44282   165   287    4.252    0.757    3.670
44284    16   371    3.462    0.670    3.940
44285   311   348    3.726    0.720    3.937
44287    78   434    3.835    0.593    4.823
44288   313   419    3.640    0.620    4.517
44292   770   234      NaN    0.000    0.000
44294   839   303    3.630    0.437    4.463
44298   921   399    3.616    0.353    5.087
44302  1358   249    3.224    0.587    4.363
44304  1192   302    3.748    0.480    4.627
44305  1489   372    3.513    0.380    5.090
44313  2086   268    3.847    0.797    4.163
44314  1752   318    3.720    0.467    4.817
44317  1722   460    3.981    0.517    4.770
44336   438   511      NaN    0.267    5.660
44341   705   475    3.600    0.287    5.480
44347   596   626      NaN    0.167    6.120
44352  1386   479    3.429    0.273    5.623
44354  1134   572    3.081    0.147    5.987
44358  1334   703    3.162    0.170    6.097
44373   496   720      NaN    0.000    0.000
45004  1588  3102      NaN    0.000    0.000
45005  1588  3103      NaN    0.000    0.000
45007  1560  3102      NaN    0.000    0.000
45011  1520  3118      NaN    0.000    0.000
45013  1520  3118      NaN    0.000    0.000
45018  1520  3122      NaN    0.000    0.000
45020  1517  3116      NaN    0.000    0.000
45031  1618  3075      NaN    3.090    5.943
45032  1586  3077    0.845    2.887    5.310
45033  1603  3077      NaN    3.383    6.343
45034  1595  3083    3.036    4.770    5.937
45035  1567  3085      NaN    0.000    0.000
45036  1608  3085      NaN    0.000    0.000
45037  1590  3087      NaN    0.000    0.000
45038  1565  3092      NaN    0.000    0.000
45039  1591  3092      NaN    0.000    0.000
45040  1599  3094      NaN    0.000    0.000
45041  1597  3102      NaN    0.000    0.000
45042  1558  3103      NaN    0.000    0.000
45043  1588  3109      NaN    0.000    0.000
45044  1571  3115      NaN    0.000    0.000
45045  1603  3116      NaN    0.000    0.000
47003  3406   862      NaN    1.630    4.527
47005  3171   918    5.821    1.483    3.743
47008  3340   921      NaN    0.000    0.000
47014  3012   921    6.003    1.377    3.660
47016  3156   964      NaN    0.000    0.000
47020  2980  1013    5.998    1.307    3.783
47022  3154  1030    6.308    1.377    3.490
47025  3271  1046      NaN    1.010    4.557
47028  2794  1071      NaN    1.587    3.980
47031  3053  1080    5.493    1.397    3.327
47035  2732  1110      NaN    0.000    0.000
47037  2829  1123    5.296    1.403    4.190
47039  2941  1102    5.166    1.600    3.900
47041  3087  1128    4.769    1.297    4.207
47046  3158  1117    5.836    0.000    0.000
47050  2874  1164      NaN    1.637    4.303
47052  2986  1209    5.765    1.693    3.757
47055  3074  1212      NaN    1.353    4.630
47058  2889  1229      NaN    0.000    0.000
47060  2844  1265      NaN    0.000    0.000
47061  3158  1263    5.613    0.000    0.000
47065  2887  1287      NaN    0.000    0.000
47067  2973  1289    4.673    1.953    4.003
47068  2788  1328    5.292    1.527    4.313
47069  2879  1341      NaN    1.643    4.330
47070  2976  1349    5.435    1.663    4.373
47075  3057  1298    5.151    1.663    3.727
47090  3200  1317      NaN    0.000    0.000
47092  3212  1338    6.499    2.000    4.173
47095  3059  1328    5.315    1.867    4.047
47097  3079  1427    4.318    2.090    4.127
47098  3032  1356      NaN    0.000    0.000
47099  2997  1358      NaN    0.000    0.000
47100  3217  1380    5.553    1.737    3.900
47101  3107  1356      NaN    0.000    0.000
47102  2760  1349      NaN    3.043    4.107
47104  3232  1367    5.971    1.870    3.967
47105  3236  1373      NaN    0.000    0.000
47106  3262  1401      NaN    0.000    0.000
47108  3019  1394      NaN    0.000    0.000
47110  3001  1394      NaN    0.000    0.000
47112  2982  1403      NaN    0.000    0.000
47113  2962  1405      NaN    1.553    4.403
47114  3131  1420    5.655    0.000    0.000
47115  3464  1401      NaN    2.317    5.163
47119  3023  1427      NaN    0.000    0.000
47121  3187  1436    5.215    1.997    3.973
47127  3131  1461      NaN    0.000    0.000
47129  2969  1481    5.176    1.727    4.327
47130  3296  1459      NaN    0.000    0.000
47131  3074  1498      NaN    0.000    0.000
47133  3066  1528      NaN    0.000    0.000
47135  3135  1545    6.005    2.870    4.550
47136  3215  1506    5.442    2.703    4.643
47137  3154  1524    5.878    2.480    4.377
47138  3292  1565      NaN    0.000    0.000
47140  2997  1569      NaN    0.000    0.000
47143  3206  1582      NaN    0.000    0.000
47145  3038  1483    5.171    2.170    4.357
47146  3042  1590      NaN    0.000    0.000
47150  2975  1532      NaN    2.183    4.510
47151  3288  1614      NaN    0.000    0.000
47152  3284  1619      NaN    0.000    0.000
47154  3172  1556      NaN    0.000    0.000
47155  3200  1662      NaN    0.000    0.000
47156  3012  1662      NaN    0.000    0.000
47157  3126  1606    5.998    2.443    4.713
47159  3253  1670      NaN    0.000    0.000
47162  3186  1698      NaN    0.000    0.000
47163  2954  1683      NaN    0.000    0.000
47165  2956  1702      NaN    0.000    0.000
47167  3094  1700      NaN    0.000    0.000
47168  3107  1711      NaN    0.000    0.000
47169  2851  1716      NaN    3.340    4.840
47170  2991  1750      NaN    3.827    5.410
47171  3010  1619      NaN    0.000    0.000
47172  2991  1632      NaN    1.950    5.023
47173  3062  1636    5.456    3.020    4.753
47174  3051  1674      NaN    3.697    5.243
47175  2948  1741    3.583    3.487    5.377
47182  2969  1847      NaN    0.000    0.000
47184  2971  1849      NaN    0.000    0.000
47185  2930  1873      NaN    0.000    0.000
47188  3010  1862      NaN    1.843    5.637
47189  2975  1879      NaN    0.000    0.000
47192  3150  1659      NaN    0.000    0.000
47401  4670   514      NaN    0.000    0.000
47402  4770   568    5.266    2.140    3.283
47404  4671   632      NaN    0.000    0.000
47405  4813   608      NaN    1.773    3.950
47406  4664   679      NaN    0.000    0.000
47407  4746   701      NaN    0.000    0.000
47409  4961   671      NaN    1.670    4.597
47411  4595   764      NaN    0.000    0.000
47412  4630   778      NaN    0.000    0.000
47413  4681   761      NaN    2.133    3.510
47417  4841   794      NaN    0.000    0.000
47418  4972   787      NaN    0.000    0.000
47421  4505   807      NaN    2.610    3.080
47423  4591   862      NaN    0.000    0.000
47424  4655   828      NaN    0.000    0.000
47426  4793   878    5.688    0.000    0.000
47428  4494   912      NaN    0.000    0.000
47430  4565   918      NaN    0.000    0.000
47433  4565   796      NaN    0.000    0.000
47435  4856   634      NaN    0.000    0.000
47440  4852   863      NaN    0.000    0.000
47512  4673  1226    6.371    2.213    4.050
47520  4516  1261    4.300    2.060    3.800
47570  4472  1403      NaN    0.000    0.000
47574  4474  1048      NaN    2.527    3.610
47575  4567  1030      NaN    0.000    0.000
47576  4617   977    4.579    1.550    3.507
47581  4651  1061      NaN    0.000    0.000
47582  4492  1153      NaN    0.000    0.000
47584  4612  1155      NaN    0.000    0.000
47585  4701  1160    5.533    1.860    4.047
47587  4464  1242      NaN    0.000    0.000
47588  4520  1317      NaN    0.000    0.000
47590  4582  1315      NaN    0.000    0.000
47592  4627  1296      NaN    0.000    0.000
47595  4533  1371      NaN    0.000    0.000
47597  4505  1442      NaN    0.000    0.000
47598  4582  1463      NaN    0.000    0.000
47600  4134  1412      NaN    0.000    0.000
47602  4283  1341      NaN    0.000    0.000
47604  4375  1354      NaN    0.000    0.000
47605  4104  1504      NaN    0.000    0.000
47606  4151  1479      NaN    0.000    0.000
47607  4167  1489      NaN    0.000    0.000
47610  4279  1494      NaN    0.000    0.000
47612  4285  1446    4.313    1.880    4.223
47615  4466  1507      NaN    0.000    0.000
47616  4057  1563      NaN    0.000    0.000
47617  4173  1552      NaN    0.000    0.000
47618  4253  1541      NaN    0.000    0.000
47620  4270  1563      NaN    0.000    0.000
47622  4319  1530      NaN    0.000    0.000
47624  4376  1524      NaN    0.000    0.000
47626  4412  1552      NaN    0.000    0.000
47629  4533  1526      NaN    0.000    0.000
47631  4040  1608      NaN    0.000    0.000
47632  4119  1636      NaN    0.000    0.000
47636  4141  1662      NaN    0.000    0.000
47637  4236  1623      NaN    0.000    0.000
47638  4319  1606      NaN    0.000    0.000
47639  4339  1640      NaN    0.000    0.000
47640  4343  1625      NaN    0.000    0.000
47641  4376  1571      NaN    0.000    0.000
47648  4576  1599      NaN    0.000    0.000
47649  4050  1707      NaN    0.000    0.000
47651  4091  1711      NaN    0.000    0.000
47653  4156  1722      NaN    0.000    0.000
47654  4225  1713      NaN    0.000    0.000
47655  4281  1726      NaN    0.000    0.000
47656  4302  1683      NaN    0.000    0.000
47657  4362  1668      NaN    0.000    0.000
47662  4455  1604      NaN    0.000    0.000
47663  4055  1786      NaN    2.480    4.587
47666  4352  1726      NaN    0.000    0.000
47668  4380  1675      NaN    3.373    5.643
47670  4442  1632      NaN    0.000    0.000
47672  4466  1683      NaN    0.000    0.000
47674  4516  1664      NaN    2.467    5.533
47675  4410  1709      NaN    0.000    0.000
47677  4427  1780      NaN    3.807    5.190
47678  4457  1892    3.017    3.357    5.130
47682  4492  1614      NaN    0.000    0.000
47684  4098  1688      NaN    0.000    0.000
47690  4425  1487      NaN    2.557    4.283
47740  3734  1547      NaN    2.900    4.553
47741  3704  1631      NaN    0.000    0.000
47742  3723  1619      NaN    0.000    0.000
47744  3734  1632      NaN    0.000    0.000
47746  3835  1627      NaN    0.000    0.000
47747  3900  1621    6.289    2.373    4.477
47750  3956  1631      NaN    3.053    4.777
47754  3518  1746      NaN    0.000    0.000
47755  3592  1692      NaN    0.000    0.000
47756  3811  1674      NaN    0.000    0.000
47759  4003  1679      NaN    0.000    0.000
47761  4061  1649      NaN    0.000    0.000
47762  3466  1799      NaN    0.000    0.000
47765  3637  1748      NaN    0.000    0.000
47766  3647  1767      NaN    0.000    0.000
47767  3725  1743      NaN    0.000    0.000
47768  3800  1718      NaN    0.000    0.000
47769  3884  1700      NaN    0.000    0.000
47770  3945  1715      NaN    0.000    0.000
47772  3979  1716      NaN    0.000    0.000
47776  3910  1756      NaN    2.337    5.253
47777  3940  1767      NaN    0.000    0.000
47778  4007  1855      NaN    2.653    5.057
47780  4014  1715      NaN    0.000    0.000
47784  3523  1774      NaN    0.000    0.000
47800  3283  1771      NaN    0.000    0.000
47805  3311  1864      NaN    0.000    0.000
47807  3404  1840      NaN    0.000    0.000
47809  3439  1832      NaN    0.000    0.000
47812  3331  1886      NaN    0.000    0.000
47813  3395  1875      NaN    0.000    0.000
47814  3466  1870      NaN    0.000    0.000
47815  3542  1879      NaN    0.000    0.000
47817  3346  1935      NaN    0.000    0.000
47818  3391  1935    4.344    2.197    5.360
47819  3439  1926      NaN    0.000    0.000
47821  3480  1918    5.160    3.473    4.797
47822  3546  1952      NaN    0.000    0.000
47823  3383  2013      NaN    0.000    0.000
47824  3445  1993      NaN    0.000    0.000
47827  3423  2067      NaN    0.000    0.000
47829  3482  2047      NaN    0.000    0.000
47830  3520  2024      NaN    0.000    0.000
47831  3395  2099    3.749    2.150    5.520
47835  3518  2064    6.160    2.383    5.373
47836  3436  2198      NaN    2.697    5.497
47837  3471  2161      NaN    0.000    0.000
47838  3365  1995      NaN    0.000    0.000
47842  3176  2019      NaN    0.000    0.000
47843  3230  1939      NaN    0.000    0.000
47887  3673  1810      NaN    0.000    0.000
47890  3781  1761      NaN    0.000    0.000
47891  3815  1758      NaN    0.000    0.000
47892  3647  1879      NaN    0.000    0.000
47893  3759  1842      NaN    0.000    0.000
47895  3872  1786      NaN    0.000    0.000
47897  3663  1914    6.146    0.000    0.000
47898  3699  1937      NaN    0.000    0.000
47899  3830  1877      NaN    0.000    0.000
47909  3305  2422      NaN    2.793    5.430
47912  2579  2861      NaN    4.893    6.090
47917  2663  2864      NaN    0.000    0.000
47918  2708  2876      NaN    0.000    0.000
47927  2833  2823      NaN    0.000    0.000
47929  3003  2652      NaN    3.813    6.370
47936  3102  2667      NaN    0.000    0.000
47940  3133  2622      NaN    0.000    0.000
47942  3215  2528      NaN    3.763    5.883
47945  3499  2708      NaN    3.773    5.547
47971  4726  2566      NaN    0.000    0.000
48803   445  3081    4.376    2.810    4.637
48806   438  3212    2.070    3.607    5.127
48808   701  3062    5.370    2.993    4.897
48820   651  3245      NaN    0.000    0.000
48823   690  3312    5.337    0.973    1.077
48826   744  3271    5.259    2.730    5.230
48830   759  3156    5.392    2.960    5.047
48839   865  3346      NaN    0.000    0.000
48921   212  3178    4.718    3.580    4.660
48924   165  3243    5.734    3.923    4.973
48925   225  3284    3.149    3.733    4.877
48927   475  3314    5.127    3.540    4.783
50527  2213    89      NaN    0.000    0.000
50548  2657    91      NaN    0.570    4.120
50557  2827    94    4.433    0.453    4.703
50564  3064    64    4.091    0.710    4.307
50603  1884   150    3.492    0.423    4.753
50632  2456   139    3.756    0.807    3.607
50658  2900   219    4.094    0.000    0.000
50727  2234   318    5.296    0.793    3.903
50745  2680   294      NaN    0.000    0.000
50756  3021   288    4.456    0.803    4.607
50774  3238   257    5.091    1.897    3.530
50788  3583   311    5.363    0.977    4.063
50844  2624   404    4.605    0.310    5.467
50854  2836   406    4.746    0.633    4.943
50888  3606   414    4.863    0.973    4.027
50915  1901   503    3.792    0.337    5.367
50949  2786   552    4.192    1.163    4.613
50953  2999   477    4.525    1.007    4.720
50963  3219   453    5.589    0.337    5.633
50968  3133   537      NaN    0.000    0.000
50978  3466   527      NaN    0.000    0.000
50983  3693   475      NaN    0.000    0.000
52267   120   903      NaN    0.000    0.000
52378   266   968      NaN    0.000    0.000
52495   505  1037      NaN    0.000    0.000
52652    50  1240      NaN    0.000    0.000
52681   346  1274    3.827    0.617    5.143
52754    16  1420    4.947    1.437    3.740
52787   322  1435    5.098    1.560    3.257
52866   199  1500      NaN    0.000    0.000
52889   436  1563      NaN    0.000    0.000
52955    85  1616    4.228    1.343    4.117
52983   466  1584    3.658    1.170    3.813
52996   561  1638    4.471    1.593    3.583
53068  1345   712      NaN    0.170    6.403
53083  1586   604    3.574    0.317    5.533
53149  1136   837      NaN    0.167    6.177
53192  1675   671    3.469    0.277    5.610
53231   716   959      NaN    0.000    0.000
53276  1446   852      NaN    0.207    6.180
53336   955   946      NaN    0.203    5.960
53352  1170   931    4.297    0.277    5.757
53391  1569   908    3.979    0.333    5.493
53463  1310  1030      NaN    0.000    0.000
53480  1464  1005    4.169    0.410    5.320
53487  1494  1110      NaN    0.000    0.000
53502   645  1145      NaN    0.183    5.950
53513   830  1035      NaN    0.000    0.000
53529   895  1222      NaN    0.437    5.517
53543  1119  1140      NaN    0.000    0.000
53564  1250  1190      NaN    0.480    5.173
53588  1515  1239    5.191    1.343    4.177
53593  1632  1140      NaN    0.000    0.000
53614   695  1293    4.247    0.857    4.753
53646  1097  1315    3.974    0.737    4.583
53673  1423  1261      NaN    0.000    0.000
53698  1616  1341      NaN    0.000    0.000
53705   638  1403    4.803    0.870    4.703
53723   828  1367    4.126    0.957    4.510
53764  1244  1401      NaN    0.000    0.000
53772  1407  1369      NaN    0.000    0.000
53787  1455  1450    5.122    1.463    3.837
53798  1625  1450      NaN    0.000    0.000
53845  1065  1502    4.621    1.153    4.247
53863  1336  1453      NaN    0.000    0.000
53898  1614  1563    4.080    1.300    4.317
53915   748  1619      NaN    0.000    0.000
53923   856  1599      NaN    0.000    0.000
53959  1239  1675    4.079    1.343    4.117
53975  1390  1627      NaN    0.000    0.000
54012  1972   608    3.975    0.393    5.163
54026  2342   610      NaN    0.280    5.797
54027  2174   675    4.107    0.680    4.897
54049  2685   645    4.320    1.000    4.650
54094  3316   610      NaN    0.000    0.000
54096  3490   630      NaN    0.000    0.000
54102  1806   679    3.768    0.330    5.330
54115  2024   718    4.560    0.380    5.130
54135  2495   718      NaN    0.370    5.923
54157  2726   764    4.659    0.697    5.197
54161  2825   684      NaN    0.000    0.000
54186  3159   744      NaN    0.000    0.000
54208  1845   876    4.761    0.607    4.713
54218  2125   867      NaN    0.000    0.000
54226  2319   860    4.264    1.167    5.040
54236  2525   850    4.979    1.160    4.887
54259  2795   886    5.792    1.377    4.277
54273  2997   787    5.545    1.117    4.500
54292  3305   800    5.002    1.507    4.370
54308  1864   987    5.324    0.797    4.690
54311  1989   904      NaN    0.000    0.000
54324  2291   947    4.851    0.527    5.520
54337  2366   994      NaN    0.000    0.000
54342  2635   927    4.664    1.660    4.523
54346  2665   974      NaN    0.000    0.000
54374  3016   929    5.255    2.283    3.693
54377  2930   998    5.700    1.600    3.733
54386  3156   970    5.525    1.230    3.493
54401  1668  1033      NaN    0.000    0.000
54405  1737  1074      NaN    0.000    0.000
54423  2011  1011      NaN    0.000    0.000
54436  2123  1076    5.741    1.117    5.090
54471  2484  1046      NaN    0.000    0.000
54493  2777  1041    5.893    1.467    4.023
54497  2726  1115      NaN    0.000    0.000
54511  1825  1128      NaN    0.000    0.000
54527  1924  1222      NaN    0.000    0.000
54534  2028  1160      NaN    0.000    0.000
54539  2118  1184      NaN    0.000    0.000
54587  2601  1227      NaN    0.000    0.000
54602  1744  1250      NaN    0.000    0.000
54618  1855  1336      NaN    0.000    0.000
54662  2424  1244      NaN    0.000    0.000
54715  1856  1420      NaN    0.000    0.000
54725  1965  1401    4.993    1.310    4.437
54751  2321  1352      NaN    0.000    0.000
54753  2276  1388      NaN    0.000    0.000
54776  2542  1412      NaN    1.327    4.863
54808  1756  1543    5.523    1.220    4.420
54823  1911  1502    4.524    1.590    4.183
54826  1916  1541      NaN    0.000    0.000
54836  2034  1548      NaN    0.000    0.000
54843  2150  1483      NaN    0.000    0.000
54857  2278  1562      NaN    0.000    0.000
54863  2374  1483    5.062    1.563    4.833
54909  1744  1674    5.546    1.560    4.267
54916  1888  1618      NaN    0.000    0.000
54929  2011  1653    5.514    1.887    4.560
54945  2189  1632    4.822    0.000    0.000
56065   180  1711    4.458    1.737    3.550
56079   333  1840    5.694    1.843    3.437
56080   326  1681    4.821    1.890    3.387
56096   552  1860    4.455    0.000    0.000
56146     1  2060    4.393    1.593    4.487
56152    38  1985    4.719    1.650    4.113
56167   126  2131    4.557    1.800    4.447
56172   251  2028    5.016    2.067    4.110
56182   400  1944    6.089    2.313    3.693
56187   430  2163      NaN    0.803    2.587
56193   507  1970    4.588    2.390    3.533
56196   531  2079      NaN    0.000    0.000
56257    31  2241    4.582    1.400    4.527
56287   337  2243    4.634    2.617    4.480
56357    35  2347    4.004    2.283    4.543
56374   221  2235    4.774    2.333    3.680
56385   374  2295    3.231    2.350    4.583
56462   169  2353    4.398    2.217    4.530
56492   516  2375    4.464    0.840    5.803
56571   255  2476      NaN    0.000    0.000
56586   421  2540    4.185    2.153    4.157
56651    25  2596    4.658    1.710    4.967
56671   253  2616    4.481    2.380    5.197
56684   369  2642    5.130    2.237    4.603
56691   481  2592    4.703    2.337    4.203
56751    22  2723      NaN    2.613    4.983
56763   210  2719    0.361    1.773    5.050
56768   171  2799    0.654    3.360    4.867
56778   302  2799      NaN    0.000    0.000
56786   430  2736    4.011    2.193    4.333
56886   423  2853    3.442    2.783    4.397
56951    25  2919      NaN    2.997    5.187
56959    89  3137      NaN    0.000    0.000
56964   111  3051    4.856    3.010    4.740
56966   223  2958    0.130    2.723    4.340
56969   178  3193    3.152    3.953    5.240
56977   204  3068    4.511    3.850    4.957
56985   380  2982      NaN    0.000    0.000
57006   645  1728      NaN    0.000    0.000
57014   658  1730      NaN    0.000    0.000
57016   800  1754      NaN    0.000    0.000
57025   828  1735    4.242    1.540    3.957
57046  1130  1739    4.769    1.413    4.133
57067  1237  1787    4.961    1.350    3.373
57071  1394  1702    5.273    1.513    3.930
57083  1530  1713      NaN    0.000    0.000
57127   789  1898    4.147    0.000    0.000
57131  1005  1744      NaN    1.463    4.507
57178  1410  1901      NaN    0.000    0.000
57193  1627  1817    5.021    1.203    4.773
57237   901  2010    5.035    3.083    4.327
57245  1013  1937      NaN    0.000    0.000
57259  1207  2013    5.498    2.100    3.843
57265  1308  1974      NaN    0.000    0.000
57279  1420  2000    4.391    1.843    4.437
57290  1571  1905      NaN    0.000    0.000
57297  1575  2002      NaN    0.000    0.000
57306   669  2064      NaN    1.460    4.800
57328   841  2107      NaN    0.000    0.000
57348  1069  2127    5.218    2.660    4.433
57378  1408  2110      NaN    1.303    4.897
57399  1677  2108    4.505    2.060    4.600
57411   682  2151      NaN    0.000    0.000
57426   875  2164    4.272    1.950    4.393
57447  1061  2209    4.811    2.400    3.967
57461  1267  2163      NaN    0.000    0.000
57476  1362  2202      NaN    0.000    0.000
57494  1584  2172      NaN    0.000    0.000
57503   574  2284    4.123    1.360    4.957
57504   567  2288      NaN    0.000    0.000
57516   725  2288      NaN    0.000    0.000
57554  1140  2308    5.069    2.853    4.203
57584  1466  2310      NaN    0.000    0.000
57598  1634  2349    2.015    2.823    4.743
57602   610  2366      NaN    0.000    0.000
57604   604  2377    4.721    0.880    5.633
57633   983  2372    5.278    2.443    4.230
57655  1166  2413    4.797    2.087    5.190
57662  1310  2347      NaN    0.000    0.000
57687  1442  2439      NaN    0.000    0.000
57707   587  2543    5.119    2.427    4.543
57712   779  2495    3.587    1.933    4.760
57713   772  2499    4.971    2.043    4.887
57731   925  2471    4.652    2.307    4.600
57745  1086  2527    4.270    2.360    5.090
57766  1285  2551    4.019    2.620    4.780
57776  1423  2543    4.607    2.750    4.763
57793  1612  2487    4.901    0.000    0.000
57799  1677  2564      NaN    0.000    0.000
57816   755  2624      NaN    0.000    0.000
57832   972  2581    4.486    2.610    4.813
57845  1097  2670    4.977    2.747    4.377
57853  1192  2607    4.338    2.740    4.367
57866  1302  2663      NaN    0.000    0.000
57902   582  2752    4.461    2.737    4.433
57916   759  2752    4.336    2.570    4.677
57922   847  2708    4.480    2.727    4.487
57932   957  2693    4.464    3.260    4.817
57957  1155  2764    4.535    2.800    4.637
57972  1461  2711    4.534    2.873    4.570
57993  1681  2704    5.138    2.827    4.813
58027  1922  1761      NaN    0.000    0.000
58040  2144  1698      NaN    0.000    0.000
58102  1767  1806      NaN    0.000    0.000
58141  2133  1830    3.924    1.837    4.523
58144  2133  1838      NaN    0.000    0.000
58150  2269  1819    5.709    1.687    4.843
58203  1763  1920    3.373    1.633    4.643
58208  1750  1998    4.002    2.263    4.377
58221  1948  1914    4.321    1.783    4.517
58238  2118  2024    4.470    2.093    4.787
58251  2273  1922      NaN    0.000    0.000
58265  2420  2010    4.518    0.000    0.000
58314  1830  2084      NaN    0.000    0.000
58321  1939  2041    4.072    2.077    4.650
58338  2082  2112    5.101    2.117    4.963
58345  2183  2080      NaN    0.000    0.000
58362  2403  2082      NaN    0.000    0.000
58424  1911  2181      NaN    0.000    0.000
58437  2034  2226      NaN    2.560    5.157
58457  2260  2215      NaN    0.000    0.000
58472  2515  2159      NaN    0.000    0.000
58477  2478  2237    1.877    0.000    0.000
58506  1791  2288    3.769    2.613    5.110
58527  1927  2319      NaN    0.000    0.000
58543  2131  2284      NaN    0.000    0.000
58556  2332  2286      NaN    0.000    0.000
58569  2459  2331      NaN    0.000    0.000
58606  1784  2398    4.575    2.243    5.217
58633  2114  2357      NaN    0.000    0.000
58646  2232  2415    5.492    2.760    4.883
58660  2368  2370      NaN    0.000    0.000
58666  2452  2415      NaN    2.727    5.360
58715  1866  2512    4.906    3.013    5.343
58725  1957  2540    2.546    2.687    5.127
58730  2021  2491    3.075    2.130    5.053
58731  2077  2474    5.205    2.283    4.927
58752  2314  2489    4.537    0.000    0.000
58754  2263  2540      NaN    0.000    0.000
58813  1830  2594    4.492    2.143    5.097
58834  2034  2618      NaN    3.287    5.197
58847  2161  2680      NaN    0.000    0.000
58849  2234  2670      NaN    3.583    6.333
58853  2319  2577      NaN    0.000    0.000
58911  1834  2706    5.254    2.497    5.223
58921  1944  2693    5.710    0.000    0.000
58926  1950  2767      NaN    3.940    5.390
58931  2028  2721    4.854    3.200    5.170
58944  2217  2743    4.009    0.000    0.000
58968  2411  2797      NaN    0.000    0.000
58974  2472  2730      NaN    0.000    0.000
59007   568  2906    3.905    2.743    4.410
59023   901  2835    5.142    2.783    5.107
59046  1054  2874      NaN    0.000    0.000
59058  1179  2891    5.507    2.887    4.807
59072  1386  2823      NaN    0.000    0.000
59082  1524  2838    5.286    3.133    4.823
59087  1515  2926      NaN    0.000    0.000
59096  1623  2872    5.756    3.240    4.980
59102  1754  2807    4.379    2.827    5.200
59117  1806  2879      NaN    0.000    0.000
59134  2026  2859      NaN    0.000    0.000
59152  2349  2823      NaN    0.000    0.000
59158  2318  2896      NaN    0.000    0.000
59162  2437  2827      NaN    0.000    0.000
59209   667  2991    5.584    3.040    4.833
59211   740  2924    3.974    2.273    5.223
59254  1130  2980      NaN    0.000    0.000
59265  1267  2971    5.183    3.003    5.283
59278  1397  3019    5.888    0.000    0.000
59287  1494  3006      NaN    0.000    0.000
59293  1651  2935    5.932    2.820    5.000
59316  1870  2980      NaN    0.000    0.000
59348  2204  2995      NaN    2.120    7.513
59353  2331  2967    6.971    3.230    6.233
59358  2265  3025      NaN    0.000    0.000
59362  2422  2911      NaN    0.000    0.000
59368  2394  3014      NaN    0.000    0.000
59417   757  3096    5.077    5.180    6.433
59431   921  3066    5.049    2.923    4.997
59456  1226  3098    5.451    2.983    4.880
59493  1580  3075      NaN    0.000    0.000
59501  1722  3049      NaN    0.000    0.000
59554  2271  3068      NaN    0.000    0.000
59556  2342  3098      NaN    0.000    0.000
59559  2325  3137    2.729    3.127    6.730
59562  2370  3053      NaN    0.000    0.000
59567  2415  3133    2.746    0.000    0.000
59632   966  3143    5.142    2.790    5.213
59644  1020  3195      NaN    0.000    0.000
59658  1155  3232    1.565    3.493    5.230
59663  1341  3156    4.627    2.987    4.923
59673  1431  3167      NaN    0.000    0.000
59758  1149  3361      NaN    0.000    0.000
59792  1873  3286      NaN    0.000    0.000
