30949  1341    50    3.766    0.780    4.890
30967  1765    12    3.618    0.560    5.723
30978  2060    20    3.541    0.473    5.937
31583  3352    25    1.169    0.357    2.653
31587  3210    44    4.140    0.707    5.677
31594  3370    66    0.944    0.877    4.820
31618  3637   111    1.444    0.510    2.523
31624  3723    68    3.428    0.507    2.633
31632  3880     8    2.348    0.590    2.177
31636  3891    51    2.269    0.450    2.860
31655  4096    63      NaN    1.060    3.833
31702  3482   113    1.765    0.933    3.420
31703  3555   113    1.936    1.167    3.963
31707  3469   255    3.246    0.750    6.117
31710  3654   231    0.929    0.940    6.487
31713  3691   143    1.446    0.993    4.830
31725  3790   156    1.294    1.010    5.780
31733  4020   134      NaN    1.073    4.287
31735  3940   167    4.221    1.200    5.290
31754  4151   158    2.027    0.647    2.263
31770  4515   113      NaN    1.227    2.193
31786  3900   275    1.501    0.997    5.623
31788  3846   320    1.391    0.977    5.977
31792  3992   251      NaN    1.087    5.280
31801  4054   262    1.559    0.503    2.767
31823  4429   229      NaN    0.000    0.000
31825  4302   270    1.650    0.497    2.633
31829  4367   302      NaN    0.000    0.000
31832  3839   359      NaN    0.940    6.180
31845  3956   389    2.156    0.460    3.220
31866  4294   389    5.830    0.563    2.580
31873  3779   464    1.621    0.850    6.290
31878  3757   552    0.830    0.817    6.393
31884  3839   514    1.632    0.947    5.347
31909  4100   561      NaN    0.453    2.760
31913  3583   537      NaN    0.000    0.000
31915  3516   628    1.494    0.663    6.190
31917  3508   669    1.266    0.697    6.783
31921  3592   593      NaN    0.840    6.517
31924  3592   624    1.422    0.753    6.403
31931  3706   583    1.019    0.910    6.557
31935  3751   626    1.955    0.320    3.657
31939  3794   656    1.602    1.097    4.497
31958  3971   645    1.927    0.830    4.683
31959  4016   632      NaN    0.000    0.000
31960  3578   772      NaN    0.000    0.000
31961  3581   686    1.217    0.720    5.833
31969  3451   824      NaN    0.000    0.000
31977  3591   755      NaN    0.430    3.417
31981  3704   677    1.604    0.927    5.533
31987  3699   768    2.816    0.473    2.710
31989  3798   796      NaN    0.000    0.000
31994  3828   720    3.554    0.397    3.510
32088  4709   106      NaN    0.000    0.000
32098  4828    89      NaN    0.000    0.000
32099  5011   152      NaN    0.000    0.000
32121  4727   227      NaN    0.000    0.000
32128  4711   331      NaN    0.000    0.000
32133  4795   300    1.085    0.700    1.790
32150  4785   343    3.220    0.000    0.000
44230   225    50    3.426    0.660    5.870
44231    20    42    3.818    0.860    4.497
44232   303    70    3.698    0.607    6.043
44237   156   165    3.645    0.753    5.250
44239   399   135    3.632    0.683    6.000
44241   680   122    3.587    0.627    6.167
44256  1614    51    3.522    0.510    5.883
44259  1631   216    4.015    0.420    7.410
44282   165   287    3.666    0.730    5.660
44284    16   371    3.206    0.673    5.220
44285   311   348    3.461    0.677    6.077
44287    78   434    3.914    0.443    7.627
44288   313   419    3.430    0.617    6.987
44292   770   234      NaN    0.000    0.000
44294   839   303    3.986    0.523    6.673
44298   921   399    3.704    0.320    8.570
44302  1358   249    3.799    0.530    6.743
44304  1192   302    3.849    0.457    7.060
44305  1489   372    3.847    0.367    7.913
44313  2086   268    4.174    0.423    6.990
44314  1752   318    3.827    0.353    8.150
44317  1722   460    4.161    0.360    7.833
44336   438   511      NaN    0.333    9.847
44341   705   475    3.713    0.360    8.797
44347   596   626      NaN    0.280   10.027
44352  1386   479    4.012    0.280    9.513
44354  1134   572    3.674    0.273   10.477
44358  1334   703    3.511    0.263   10.053
44373   496   720      NaN    0.000    0.000
45004  1588  3102      NaN    0.000    0.000
45005  1588  3103      NaN    0.000    0.000
45007  1560  3102      NaN    0.000    0.000
45011  1520  3118      NaN    0.000    0.000
45013  1520  3118      NaN    0.000    0.000
45018  1520  3122      NaN    0.000    0.000
45020  1517  3116      NaN    0.000    0.000
45031  1618  3075      NaN    1.377    4.230
45032  1586  3077    0.613    1.893    5.417
45033  1603  3077      NaN    3.480    7.200
45034  1595  3083    3.513    3.397    4.593
45035  1567  3085      NaN    0.000    0.000
45036  1608  3085      NaN    0.000    0.000
45037  1590  3087      NaN    0.000    0.000
45038  1565  3092      NaN    0.000    0.000
45039  1591  3092      NaN    0.000    0.000
45040  1599  3094      NaN    0.000    0.000
45041  1597  3102      NaN    0.000    0.000
45042  1558  3103      NaN    0.000    0.000
45043  1588  3109      NaN    0.000    0.000
45044  1571  3115      NaN    0.000    0.000
45045  1603  3116      NaN    0.000    0.000
47003  3406   862      NaN    1.043    5.977
47005  3171   918    2.643    0.560    3.240
47008  3340   921      NaN    0.000    0.000
47014  3012   921    5.125    1.250    5.193
47016  3156   964      NaN    0.000    0.000
47020  2980  1013    4.749    0.700    3.323
47022  3154  1030    5.463    1.150    4.627
47025  3271  1046      NaN    0.517    3.857
47028  2794  1071      NaN    1.047    5.813
47031  3053  1080    5.800    1.410    3.933
47035  2732  1110      NaN    0.000    0.000
47037  2829  1123    5.589    1.040    5.503
47039  2941  1102    5.412    1.103    5.380
47041  3087  1128    5.551    1.133    6.267
47046  3158  1117      NaN    0.000    0.000
47050  2874  1164      NaN    1.150    6.227
47052  2986  1209    5.878    1.250    4.983
47055  3074  1212      NaN    0.577    4.037
47058  2889  1229      NaN    0.000    0.000
47060  2844  1265      NaN    0.000    0.000
47061  3158  1263    6.417    0.000    0.000
47065  2887  1287      NaN    0.000    0.000
47067  2973  1289    5.093    1.230    6.137
47068  2788  1328    5.955    1.497    4.060
47069  2879  1341    5.775    0.983    5.510
47070  2976  1349    5.412    1.073    6.103
47075  3057  1298    5.456    1.217    5.743
47090  3200  1317      NaN    0.000    0.000
47092  3212  1338    5.535    0.887    6.437
47095  3059  1328    5.352    1.157    5.673
47097  3079  1427    5.324    1.223    6.120
47098  3032  1356      NaN    0.000    0.000
47099  2997  1358      NaN    0.000    0.000
47100  3217  1380    2.977    1.277    5.787
47101  3107  1356      NaN    0.000    0.000
47102  2760  1349      NaN    0.877    2.730
47104  3232  1367    6.793    0.667    3.597
47105  3236  1373      NaN    0.000    0.000
47106  3262  1401      NaN    0.000    0.000
47108  3019  1394      NaN    0.000    0.000
47110  3001  1394      NaN    0.000    0.000
47112  2982  1403      NaN    0.000    0.000
47113  2962  1405      NaN    1.257    5.237
47114  3131  1420    5.932    0.000    0.000
47115  3464  1401      NaN    2.100    4.340
47119  3023  1427      NaN    0.000    0.000
47121  3187  1436    2.765    1.323    5.047
47127  3131  1461      NaN    0.000    0.000
47129  2969  1481    5.587    1.150    5.743
47130  3296  1459      NaN    0.000    0.000
47131  3074  1498      NaN    0.000    0.000
47133  3066  1528      NaN    0.000    0.000
47135  3135  1545    3.332    1.330    5.650
47136  3215  1506    6.084    1.290    6.267
47137  3154  1524    5.734    1.317    5.830
47138  3292  1565      NaN    0.000    0.000
47140  2997  1569      NaN    0.000    0.000
47143  3206  1582      NaN    0.000    0.000
47145  3038  1483    5.919    1.070    6.153
47146  3042  1590      NaN    0.000    0.000
47150  2975  1532      NaN    1.083    6.047
47151  3288  1614      NaN    0.000    0.000
47152  3284  1619      NaN    0.000    0.000
47154  3172  1556      NaN    0.000    0.000
47155  3200  1662      NaN    0.000    0.000
47156  3012  1662      NaN    0.000    0.000
47157  3126  1606    6.332    1.273    6.180
47159  3253  1670      NaN    0.000    0.000
47162  3186  1698      NaN    0.000    0.000
47163  2954  1683      NaN    0.000    0.000
47165  2956  1702      NaN    0.000    0.000
47167  3094  1700      NaN    0.000    0.000
47168  3107  1711      NaN    0.000    0.000
47169  2851  1716      NaN    1.590    3.027
47170  2991  1750      NaN    3.670    5.200
47171  3010  1619      NaN    0.000    0.000
47172  2991  1632      NaN    1.050    7.017
47173  3062  1636    5.612    1.257    5.753
47174  3051  1674      NaN    0.893    3.677
47175  2948  1741    5.510    1.040    3.757
47182  2969  1847      NaN    0.000    0.000
47184  2971  1849      NaN    0.000    0.000
47185  2930  1873      NaN    0.000    0.000
47188  3010  1862      NaN    1.073    3.503
47189  2975  1879      NaN    0.000    0.000
47192  3150  1659      NaN    0.000    0.000
47401  4670   514      NaN    0.000    0.000
47402  4770   568    5.670    1.037    3.563
47404  4671   632      NaN    0.000    0.000
47405  4813   608    6.112    1.260    4.563
47406  4664   679      NaN    0.000    0.000
47407  4746   701      NaN    0.000    0.000
47409  4961   671      NaN    1.587    3.687
47411  4595   764      NaN    0.000    0.000
47412  4630   778      NaN    0.000    0.000
47413  4681   761      NaN    1.317    2.990
47417  4841   794      NaN    0.000    0.000
47418  4972   787      NaN    0.000    0.000
47421  4505   807      NaN    0.860    2.457
47423  4591   862      NaN    0.000    0.000
47424  4655   828      NaN    0.000    0.000
47426  4793   878      NaN    0.000    0.000
47428  4494   912      NaN    0.000    0.000
47430  4565   918      NaN    0.000    0.000
47433  4565   796      NaN    0.000    0.000
47435  4856   634      NaN    0.000    0.000
47440  4852   863      NaN    0.000    0.000
47512  4673  1226    6.666    0.857    3.270
47520  4516  1261    4.807    1.307    4.177
47570  4472  1403      NaN    0.000    0.000
47574  4474  1048      NaN    0.747    3.123
47575  4567  1030      NaN    0.000    0.000
47576  4617   977    5.385    0.857    2.613
47581  4651  1061      NaN    0.000    0.000
47582  4492  1153      NaN    0.000    0.000
47584  4612  1155      NaN    0.000    0.000
47585  4701  1160    5.323    0.800    3.123
47587  4464  1242      NaN    0.000    0.000
47588  4520  1317      NaN    0.000    0.000
47590  4582  1315      NaN    0.000    0.000
47592  4627  1296      NaN    0.000    0.000
47595  4533  1371      NaN    0.000    0.000
47597  4505  1442      NaN    0.000    0.000
47598  4582  1463      NaN    0.000    0.000
47600  4134  1412      NaN    0.000    0.000
47602  4283  1341      NaN    0.000    0.000
47604  4375  1354      NaN    0.000    0.000
47605  4104  1504      NaN    0.000    0.000
47606  4151  1479      NaN    0.000    0.000
47607  4167  1489      NaN    0.000    0.000
47610  4279  1494      NaN    0.000    0.000
47612  4285  1446    4.419    1.050    4.757
47615  4466  1507      NaN    0.000    0.000
47616  4057  1563      NaN    0.000    0.000
47617  4173  1552      NaN    0.000    0.000
47618  4253  1541      NaN    0.000    0.000
47620  4270  1563      NaN    0.000    0.000
47622  4319  1530      NaN    0.000    0.000
47624  4376  1524      NaN    0.000    0.000
47626  4412  1552      NaN    0.000    0.000
47629  4533  1526      NaN    0.000    0.000
47631  4040  1608      NaN    0.000    0.000
47632  4119  1636      NaN    0.000    0.000
47636  4141  1662      NaN    0.000    0.000
47637  4236  1623      NaN    0.000    0.000
47638  4319  1606      NaN    0.000    0.000
47639  4339  1640      NaN    0.000    0.000
47640  4343  1625      NaN    0.000    0.000
47641  4376  1571      NaN    0.000    0.000
47648  4576  1599      NaN    0.000    0.000
47649  4050  1707      NaN    0.000    0.000
47651  4091  1711      NaN    0.000    0.000
47653  4156  1722      NaN    0.000    0.000
47654  4225  1713      NaN    0.000    0.000
47655  4281  1726      NaN    0.000    0.000
47656  4302  1683      NaN    0.000    0.000
47657  4362  1668      NaN    0.000    0.000
47662  4455  1604      NaN    0.000    0.000
47663  4055  1786      NaN    0.980    3.300
47666  4352  1726      NaN    0.000    0.000
47668  4380  1675      NaN    1.270    3.660
47670  4442  1632      NaN    0.000    0.000
47672  4466  1683      NaN    0.000    0.000
47674  4516  1664      NaN    1.137    3.650
47675  4410  1709      NaN    0.000    0.000
47677  4427  1780      NaN    2.237    3.973
47678  4457  1892    7.365    1.587    3.960
47682  4492  1614      NaN    0.000    0.000
47684  4098  1688      NaN    0.000    0.000
47690  4425  1487      NaN    0.833    2.953
47740  3734  1547      NaN    1.153    3.380
47741  3704  1631      NaN    0.000    0.000
47742  3723  1619      NaN    0.000    0.000
47744  3734  1632      NaN    0.000    0.000
47746  3835  1627      NaN    0.000    0.000
47747  3900  1621    6.202    1.337    4.843
47750  3956  1631      NaN    1.210    3.363
47754  3518  1746      NaN    0.000    0.000
47755  3592  1692      NaN    0.000    0.000
47756  3811  1674      NaN    0.000    0.000
47759  4003  1679      NaN    0.000    0.000
47761  4061  1649      NaN    0.000    0.000
47762  3466  1799      NaN    0.000    0.000
47765  3637  1748      NaN    0.000    0.000
47766  3647  1767      NaN    0.000    0.000
47767  3725  1743      NaN    0.000    0.000
47768  3800  1718      NaN    0.000    0.000
47769  3884  1700      NaN    0.000    0.000
47770  3945  1715      NaN    0.000    0.000
47772  3979  1716      NaN    0.000    0.000
47776  3910  1756      NaN    0.997    3.663
47777  3940  1767      NaN    0.000    0.000
47778  4007  1855      NaN    1.450    3.813
47780  4014  1715      NaN    0.000    0.000
47784  3523  1774      NaN    0.000    0.000
47800  3283  1771      NaN    0.000    0.000
47805  3311  1864      NaN    0.000    0.000
47807  3404  1840      NaN    0.000    0.000
47809  3439  1832      NaN    0.000    0.000
47812  3331  1886      NaN    0.000    0.000
47813  3395  1875      NaN    0.000    0.000
47814  3466  1870      NaN    0.000    0.000
47815  3542  1879      NaN    0.000    0.000
47817  3346  1935      NaN    0.000    0.000
47818  3391  1935    7.359    3.233    5.547
47819  3439  1926      NaN    0.000    0.000
47821  3480  1918    5.010    0.670    4.247
47822  3546  1952      NaN    0.000    0.000
47823  3383  2013      NaN    0.000    0.000
47824  3445  1993      NaN    0.000    0.000
47827  3423  2067      NaN    0.000    0.000
47829  3482  2047      NaN    0.000    0.000
47830  3520  2024      NaN    0.000    0.000
47831  3395  2099      NaN    0.843    4.340
47835  3518  2064    7.242    0.880    4.390
47836  3436  2198      NaN    1.030    4.210
47837  3471  2161      NaN    0.000    0.000
47838  3365  1995      NaN    0.000    0.000
47842  3176  2019      NaN    0.000    0.000
47843  3230  1939      NaN    0.000    0.000
47887  3673  1810      NaN    0.000    0.000
47890  3781  1761      NaN    0.000    0.000
47891  3815  1758      NaN    0.000    0.000
47892  3647  1879      NaN    0.000    0.000
47893  3759  1842      NaN    0.000    0.000
47895  3872  1786      NaN    0.000    0.000
47897  3663  1914    7.727    0.000    0.000
47898  3699  1937      NaN    0.000    0.000
47899  3830  1877      NaN    0.000    0.000
47909  3305  2422      NaN    1.053    3.597
47912  2579  2861      NaN    4.197    5.313
47917  2663  2864      NaN    0.000    0.000
47918  2708  2876      NaN    0.000    0.000
47927  2833  2823      NaN    0.000    0.000
47929  3003  2652      NaN    2.350    5.453
47936  3102  2667      NaN    0.000    0.000
47940  3133  2622      NaN    0.000    0.000
47942  3215  2528      NaN    1.740    4.583
47945  3499  2708      NaN    1.783    4.050
47971  4726  2566      NaN    0.000    0.000
48803   445  3081    5.093    1.207    9.103
48806   438  3212    0.332    2.557    7.427
48808   701  3062    5.350    2.407    6.473
48820   651  3245      NaN    0.000    0.000
48823   690  3312    4.990    0.000    0.000
48826   744  3271    5.622    2.587    6.847
48830   759  3156    4.882    2.697    6.577
48839   865  3346      NaN    0.000    0.000
48921   212  3178    1.548    2.000    4.790
48924   165  3243    2.636    4.307    5.380
48925   225  3284    0.354    2.400    5.933
48927   475  3314    1.352    2.463    6.967
50527  2213    89      NaN    0.000    0.000
50548  2657    91      NaN    0.523    7.260
50557  2827    94    4.345    0.580    7.913
50564  3064    64    4.176    0.573    6.380
50603  1884   150    3.837    0.373    7.680
50632  2456   139    0.787    0.633    5.893
50658  2900   219    4.473    0.000    0.000
50727  2234   318    4.479    0.713    5.407
50745  2680   294      NaN    0.000    0.000
50756  3021   288    4.968    0.590    7.557
50774  3238   257    4.527    0.340    3.177
50788  3583   311    4.258    0.697    7.057
50844  2624   404    4.173    0.283    9.220
50854  2836   406    4.728    0.400    8.447
50888  3606   414    4.658    0.627    6.797
50915  1901   503    4.098    0.377    8.307
50949  2786   552    5.041    0.440    8.580
50953  2999   477    4.554    0.560    7.813
50963  3219   453    4.959    0.593    6.657
50968  3133   537      NaN    0.000    0.000
50978  3466   527      NaN    0.000    0.000
50983  3693   475      NaN    0.000    0.000
52267   120   903      NaN    0.000    0.000
52378   266   968      NaN    0.000    0.000
52495   505  1037      NaN    0.000    0.000
52652    50  1240      NaN    0.000    0.000
52681   346  1274    3.912    0.343   11.547
52754    16  1420    4.086    0.977    5.183
52787   322  1435    4.332    0.610    7.070
52866   199  1500      NaN    0.000    0.000
52889   436  1563      NaN    0.000    0.000
52955    85  1616    3.975    0.603    7.467
52983   466  1584    4.629    0.623    8.910
52996   561  1638    4.544    1.030    7.317
53068  1345   712      NaN    0.263   10.277
53083  1586   604    4.280    0.283    8.550
53149  1136   837      NaN    0.203    9.877
53192  1675   671    4.198    0.263    9.013
53231   716   959      NaN    0.000    0.000
53276  1446   852      NaN    0.237    9.867
53336   955   946      NaN    0.260   11.603
53352  1170   931    4.375    0.183   10.147
53391  1569   908    4.531    0.327    9.283
53463  1310  1030      NaN    0.000    0.000
53480  1464  1005    4.890    0.290   10.133
53487  1494  1110      NaN    0.000    0.000
53502   645  1145      NaN    0.323   10.197
53513   830  1035      NaN    0.000    0.000
53529   895  1222      NaN    0.340    9.660
53543  1119  1140      NaN    0.000    0.000
53564  1250  1190      NaN    0.330   11.147
53588  1515  1239    1.509    0.413   10.650
53593  1632  1140      NaN    0.000    0.000
53614   695  1293    4.328    0.370    9.830
53646  1097  1315    4.325    0.400   10.867
53673  1423  1261      NaN    0.000    0.000
53698  1616  1341      NaN    0.000    0.000
53705   638  1403    4.697    0.403   10.763
53723   828  1367    4.344    0.377    8.913
53764  1244  1401      NaN    0.000    0.000
53772  1407  1369      NaN    0.000    0.000
53787  1455  1450    5.126    0.500   10.390
53798  1625  1450      NaN    0.000    0.000
53845  1065  1502    4.860    0.423   10.953
53863  1336  1453      NaN    0.000    0.000
53898  1614  1563    4.753    0.480    9.987
53915   748  1619      NaN    0.000    0.000
53923   856  1599      NaN    0.000    0.000
53959  1239  1675    4.824    0.447   10.047
53975  1390  1627      NaN    0.000    0.000
54012  1972   608    4.122    0.407    8.307
54026  2342   610      NaN    0.260    9.540
54027  2174   675    4.602    0.293    9.237
54049  2685   645    4.425    0.450    8.423
54094  3316   610      NaN    0.000    0.000
54096  3490   630      NaN    0.000    0.000
54102  1806   679    4.408    0.250    8.820
54115  2024   718    4.436    0.303    9.490
54135  2495   718      NaN    0.467    9.437
54157  2726   764    5.190    0.650    8.240
54161  2825   684      NaN    0.000    0.000
54186  3159   744      NaN    0.000    0.000
54208  1845   876    4.434    0.340    8.460
54218  2125   867      NaN    0.000    0.000
54226  2319   860    4.275    0.393    9.047
54236  2525   850    4.671    0.570    8.610
54259  2795   886    5.827    0.790    7.047
54273  2997   787    4.103    0.830    7.260
54292  3305   800    5.345    0.667    6.503
54308  1864   987    4.760    0.400    9.647
54311  1989   904      NaN    0.000    0.000
54324  2291   947    4.739    0.447   10.190
54337  2366   994      NaN    0.000    0.000
54342  2635   927    5.174    0.630    8.310
54346  2665   974      NaN    0.000    0.000
54374  3016   929    1.578    0.517    3.663
54377  2930   998    5.592    1.097    5.263
54386  3156   970    5.074    1.240    4.363
54401  1668  1033      NaN    0.000    0.000
54405  1737  1074      NaN    0.000    0.000
54423  2011  1011      NaN    0.000    0.000
54436  2123  1076    5.648    0.357    8.367
54471  2484  1046      NaN    0.000    0.000
54493  2777  1041    5.782    1.070    5.930
54497  2726  1115      NaN    0.000    0.000
54511  1825  1128      NaN    0.000    0.000
54527  1924  1222      NaN    0.000    0.000
54534  2028  1160      NaN    0.000    0.000
54539  2118  1184      NaN    0.000    0.000
54587  2601  1227      NaN    0.000    0.000
54602  1744  1250      NaN    0.000    0.000
54618  1855  1336      NaN    0.000    0.000
54662  2424  1244      NaN    0.000    0.000
54715  1856  1420      NaN    0.000    0.000
54725  1965  1401    5.305    0.443    9.613
54751  2321  1352      NaN    0.000    0.000
54753  2276  1388      NaN    0.000    0.000
54776  2542  1412      NaN    1.403    4.347
54808  1756  1543    6.241    0.507    9.397
54823  1911  1502    5.473    0.637    9.753
54826  1916  1541      NaN    0.000    0.000
54836  2034  1548      NaN    0.000    0.000
54843  2150  1483      NaN    0.000    0.000
54857  2278  1562      NaN    0.000    0.000
54863  2374  1483    5.311    0.973    5.923
54909  1744  1674    6.349    1.413    7.320
54916  1888  1618      NaN    0.000    0.000
54929  2011  1653    5.151    1.037    8.140
54945  2189  1632    5.764    0.000    0.000
56065   180  1711    4.970    1.170    4.793
56079   333  1840    4.984    1.523    4.603
56080   326  1681    4.353    1.283    5.630
56096   552  1860    4.885    0.000    0.000
56146     1  2060    3.880    1.417    4.897
56152    38  1985    4.274    1.567    4.640
56167   126  2131    4.131    1.360    5.587
56172   251  2028    2.437    1.273    5.313
56182   400  1944    4.798    1.750    4.657
56187   430  2163      NaN    0.000    0.000
56193   507  1970    2.178    1.597    5.337
56196   531  2079      NaN    0.000    0.000
56257    31  2241    4.330    1.537    6.000
56287   337  2243    5.542    1.497    7.830
56357    35  2347    3.779    1.963    5.897
56374   221  2235    0.973    1.083    3.857
56385   374  2295    6.411    0.707    5.697
56462   169  2353    1.086    0.640    4.710
56492   516  2375    4.745    0.433   10.627
56571   255  2476      NaN    0.000    0.000
56586   421  2540    4.117    1.117   10.750
56651    25  2596    4.238    0.093    6.400
56671   253  2616    4.731    0.423   12.640
56684   369  2642    5.444    0.717   11.193
56691   481  2592    4.825    0.903   10.780
56751    22  2723      NaN    0.493   11.063
56763   210  2719    0.005    0.423   11.333
56768   171  2799    0.057    0.540    6.390
56778   302  2799      NaN    0.000    0.000
56786   430  2736    4.691    0.773   10.877
56886   423  2853    4.947    0.860   10.767
56951    25  2919      NaN    4.303    5.833
56959    89  3137      NaN    0.000    0.000
56964   111  3051    4.847    0.680   10.283
56966   223  2958    0.005    0.793   10.867
56969   178  3193    2.088    2.953    6.873
56977   204  3068    3.477    5.167    7.363
56985   380  2982      NaN    0.000    0.000
57006   645  1728      NaN    0.000    0.000
57014   658  1730      NaN    0.000    0.000
57016   800  1754      NaN    0.000    0.000
57025   828  1735    6.277    1.197    7.843
57046  1130  1739    5.885    0.460   10.777
57067  1237  1787    4.366    0.553    9.343
57071  1394  1702    5.647    0.437    9.063
57083  1530  1713      NaN    0.000    0.000
57127   789  1898    5.531    0.000    0.000
57131  1005  1744      NaN    0.343   10.827
57178  1410  1901      NaN    0.000    0.000
57193  1627  1817    6.027    0.557    9.353
57237   901  2010    5.633    2.030    6.443
57245  1013  1937      NaN    0.000    0.000
57259  1207  2013    6.585    1.073    4.213
57265  1308  1974      NaN    0.000    0.000
57279  1420  2000    5.583    2.833    6.167
57290  1571  1905      NaN    0.000    0.000
57297  1575  2002      NaN    0.000    0.000
57306   669  2064      NaN    0.520   10.067
57328   841  2107      NaN    0.000    0.000
57348  1069  2127    6.210    1.893    6.123
57378  1408  2110      NaN    0.583    8.343
57399  1677  2108    5.694    0.997    7.150
57411   682  2151      NaN    0.000    0.000
57426   875  2164    5.516    1.027    8.453
57447  1061  2209    5.755    1.200    6.687
57461  1267  2163      NaN    0.000    0.000
57476  1362  2202      NaN    0.000    0.000
57494  1584  2172      NaN    0.000    0.000
57503   574  2284    4.701    0.517   10.840
57504   567  2288      NaN    0.000    0.000
57516   725  2288      NaN    0.000    0.000
57554  1140  2308    6.057    0.787    3.660
57584  1466  2310      NaN    0.000    0.000
57598  1634  2349    3.827    1.673    5.360
57602   610  2366      NaN    0.000    0.000
57604   604  2377      NaN    0.000    0.000
57633   983  2372    6.075    1.597    5.940
57655  1166  2413    6.064    1.480    6.230
57662  1310  2347      NaN    0.000    0.000
57687  1442  2439      NaN    0.000    0.000
57707   587  2543    5.048    1.830    8.520
57712   779  2495    4.841    1.727    6.747
57713   772  2499    5.457    1.683    7.233
57731   925  2471    5.426    1.880    5.697
57745  1086  2527    5.057    1.567    5.767
57766  1285  2551    5.962    1.743    5.937
57776  1423  2543    5.964    1.510    3.540
57793  1612  2487    5.502    0.000    0.000
57799  1677  2564      NaN    0.000    0.000
57816   755  2624      NaN    0.000    0.000
57832   972  2581    5.779    2.157    5.140
57845  1097  2670    5.595    1.250    2.797
57853  1192  2607    5.355    0.000    0.000
57866  1302  2663      NaN    0.000    0.000
57902   582  2752    4.064    1.530    9.483
57916   759  2752    4.874    2.230    7.040
57922   847  2708    5.319    1.213    3.533
57932   957  2693    4.756    1.827    4.037
57957  1155  2764    4.870    0.000    0.000
57972  1461  2711    5.701    2.293    4.523
57993  1681  2704    5.164    2.420    5.173
58027  1922  1761      NaN    0.000    0.000
58040  2144  1698      NaN    0.000    0.000
58102  1767  1806      NaN    0.000    0.000
58141  2133  1830    5.579    0.800    7.650
58144  2133  1838      NaN    0.000    0.000
58150  2269  1819    6.413    1.133    7.780
58203  1763  1920    6.244    2.793    5.623
58208  1750  1998    5.140    0.980    7.727
58221  1948  1914    6.073    0.927    8.567
58238  2118  2024    5.319    1.497    7.743
58251  2273  1922      NaN    0.000    0.000
58265  2420  2010    6.552    0.000    0.000
58314  1830  2084      NaN    0.000    0.000
58321  1939  2041    5.338    1.283    7.897
58338  2082  2112    5.429    1.447    7.587
58345  2183  2080      NaN    0.000    0.000
58362  2403  2082      NaN    0.000    0.000
58424  1911  2181      NaN    0.000    0.000
58437  2034  2226    7.012    1.023    3.933
58457  2260  2215      NaN    0.000    0.000
58472  2515  2159      NaN    0.000    0.000
58477  2478  2237    3.399    0.000    0.000
58506  1791  2288    5.610    1.043    4.183
58527  1927  2319      NaN    0.000    0.000
58543  2131  2284      NaN    0.000    0.000
58556  2332  2286      NaN    0.000    0.000
58569  2459  2331      NaN    0.000    0.000
58606  1784  2398    5.027    1.613    6.963
58633  2114  2357      NaN    0.000    0.000
58646  2232  2415    5.707    1.680    5.977
58660  2368  2370      NaN    0.000    0.000
58666  2452  2415      NaN    2.240    3.537
58715  1866  2512    6.500    1.883    5.820
58725  1957  2540    3.377    1.247    2.953
58730  2021  2491    3.070    0.813    3.343
58731  2077  2474    4.907    0.933    3.150
58752  2314  2489    5.071    0.000    0.000
58754  2263  2540      NaN    0.000    0.000
58813  1830  2594    5.354    1.723    4.860
58834  2034  2618      NaN    2.157    3.523
58847  2161  2680      NaN    0.000    0.000
58849  2234  2670      NaN    3.177    5.117
58853  2319  2577      NaN    0.000    0.000
58911  1834  2706    5.626    2.090    4.673
58921  1944  2693    4.734    0.000    0.000
58926  1950  2767      NaN    2.373    3.633
58931  2028  2721    3.098    1.753    3.250
58944  2217  2743      NaN    0.000    0.000
58968  2411  2797      NaN    0.000    0.000
58974  2472  2730      NaN    0.000    0.000
59007   568  2906    4.533    1.577   10.003
59023   901  2835    5.217    0.000    0.000
59046  1054  2874      NaN    0.000    0.000
59058  1179  2891    5.688    2.273    4.790
59072  1386  2823      NaN    0.000    0.000
59082  1524  2838    4.848    1.443    2.970
59087  1515  2926      NaN    0.000    0.000
59096  1623  2872    5.640    2.157    4.510
59102  1754  2807    4.229    1.803    4.080
59117  1806  2879      NaN    0.000    0.000
59134  2026  2859      NaN    0.000    0.000
59152  2349  2823      NaN    0.000    0.000
59158  2318  2896      NaN    0.000    0.000
59162  2437  2827      NaN    0.000    0.000
59209   667  2991    5.642    2.433    6.560
59211   740  2924    4.299    0.000    0.000
59254  1130  2980      NaN    0.000    0.000
59265  1267  2971    4.799    2.590    6.207
59278  1397  3019    5.018    0.000    0.000
59287  1494  3006      NaN    0.000    0.000
59293  1651  2935    4.185    2.497    4.933
59316  1870  2980      NaN    0.000    0.000
59348  2204  2995      NaN    1.243    5.950
59353  2331  2967      NaN    2.200    5.743
59358  2265  3025      NaN    0.000    0.000
59362  2422  2911      NaN    0.000    0.000
59368  2394  3014      NaN    0.000    0.000
59417   757  3096    4.428    2.393    6.333
59431   921  3066    4.522    2.093    6.243
59456  1226  3098    4.895    2.540    5.133
59493  1580  3075      NaN    0.000    0.000
59501  1722  3049      NaN    0.000    0.000
59554  2271  3068      NaN    0.000    0.000
59556  2342  3098      NaN    0.000    0.000
59559  2325  3137    0.287    2.207    7.067
59562  2370  3053      NaN    0.000    0.000
59567  2415  3133      NaN    0.000    0.000
59632   966  3143    4.711    0.000    0.000
59644  1020  3195      NaN    0.000    0.000
59658  1155  3232    0.731    2.940    6.877
59663  1341  3156    5.365    2.773    5.043
59673  1431  3167      NaN    0.000    0.000
59758  1149  3361      NaN    0.000    0.000
59792  1873  3286      NaN    0.000    0.000
