30949  1341    50    4.594    0.857    3.297
30967  1765    12    4.211    0.687    3.733
30978  2060    20    4.045    1.017    3.160
31583  3352    25    1.560    1.070    2.737
31587  3210    44    4.427    1.130    3.103
31594  3370    66    1.314    1.213    2.937
31618  3637   111    2.576    1.247    2.493
31624  3723    68    3.484    1.287    2.580
31632  3880     8    2.674    1.467    2.120
31636  3891    51    3.792    1.283    2.620
31655  4096    63      NaN    1.107    2.020
31702  3482   113    2.058    1.270    2.583
31703  3555   113    1.763    1.293    2.533
31707  3469   255    4.207    1.077    2.967
31710  3654   231    2.317    1.147    3.113
31713  3691   143    1.386    1.257    2.703
31725  3790   156    2.165    1.087    2.753
31733  4020   134      NaN    1.267    2.407
31735  3940   167    4.540    1.283    2.540
31754  4151   158    1.834    1.410    1.810
31770  4515   113      NaN    1.513    1.670
31786  3900   275    2.103    1.120    2.670
31788  3846   320    2.668    1.193    2.737
31792  3992   251      NaN    1.300    2.520
31801  4054   262    3.368    1.253    2.230
31823  4429   229      NaN    0.000    0.000
31825  4302   270    2.899    1.217    2.103
31829  4367   302      NaN    0.000    0.000
31832  3839   359      NaN    1.200    2.887
31845  3956   389    2.715    1.283    2.640
31866  4294   389    5.249    1.417    2.650
31873  3779   464    2.597    1.087    3.050
31878  3757   552    1.583    1.147    3.037
31884  3839   514    2.448    1.210    2.690
31909  4100   561      NaN    1.003    3.140
31913  3583   537      NaN    0.000    0.000
31915  3516   628    1.007    1.197    3.163
31917  3508   669    1.211    1.160    3.387
31921  3592   593      NaN    1.110    3.347
31924  3592   624    0.858    1.080    3.340
31931  3706   583    1.415    1.157    3.117
31935  3751   626    1.345    1.073    2.903
31939  3794   656    1.616    1.530    2.797
31958  3971   645    1.454    1.237    2.947
31959  4016   632      NaN    0.000    0.000
31960  3578   772      NaN    0.000    0.000
31961  3581   686    1.251    1.097    3.390
31969  3451   824      NaN    0.000    0.000
31977  3591   755      NaN    0.943    3.527
31981  3704   677    1.543    1.277    2.987
31987  3699   768    2.418    0.907    3.290
31989  3798   796      NaN    0.000    0.000
31994  3828   720    4.370    1.240    2.810
32088  4709   106      NaN    0.000    0.000
32098  4828    89      NaN    0.000    0.000
32099  5011   152      NaN    0.000    0.000
32121  4727   227      NaN    0.000    0.000
32128  4711   331      NaN    0.000    0.000
32133  4795   300    1.566    1.313    2.067
32150  4785   343    3.040    0.000    0.000
44230   225    50    2.972    0.783    3.890
44231    20    42    3.264    0.860    3.783
44232   303    70    3.436    0.777    3.970
44237   156   165    3.469    0.880    3.883
44239   399   135    3.790    0.950    3.770
44241   680   122    3.745    0.797    3.880
44256  1614    51    3.784    0.583    3.770
44259  1631   216    4.468    0.600    4.247
44282   165   287    4.101    0.910    4.157
44284    16   371    3.238    0.713    4.220
44285   311   348    3.441    0.910    3.937
44287    78   434    3.590    0.523    5.137
44288   313   419    3.314    0.797    4.533
44292   770   234      NaN    0.000    0.000
44294   839   303    3.934    0.797    3.910
44298   921   399    3.367    0.587    4.347
44302  1358   249    4.109    0.690    3.953
44304  1192   302    3.975    0.710    4.117
44305  1489   372    4.052    0.613    4.243
44313  2086   268    4.594    0.847    3.160
44314  1752   318    4.009    0.517    4.467
44317  1722   460    4.309    0.610    4.243
44336   438   511      NaN    0.393    5.197
44341   705   475    3.657    0.520    4.787
44347   596   626      NaN    0.243    5.670
44352  1386   479    3.882    0.497    4.687
44354  1134   572    3.362    0.253    5.310
44358  1334   703    3.673    0.280    5.350
44373   496   720      NaN    0.000    0.000
45004  1588  3102      NaN    0.000    0.000
45005  1588  3103      NaN    0.000    0.000
45007  1560  3102      NaN    0.000    0.000
45011  1520  3118      NaN    0.000    0.000
45013  1520  3118      NaN    0.000    0.000
45018  1520  3122      NaN    0.000    0.000
45020  1517  3116      NaN    0.000    0.000
45031  1618  3075      NaN    2.613    5.207
45032  1586  3077    0.496    2.447    4.800
45033  1603  3077      NaN    2.843    5.317
45034  1595  3083    2.943    3.893    5.127
45035  1567  3085      NaN    0.000    0.000
45036  1608  3085      NaN    0.000    0.000
45037  1590  3087      NaN    0.000    0.000
45038  1565  3092      NaN    0.000    0.000
45039  1591  3092      NaN    0.000    0.000
45040  1599  3094      NaN    0.000    0.000
45041  1597  3102      NaN    0.000    0.000
45042  1558  3103      NaN    0.000    0.000
45043  1588  3109      NaN    0.000    0.000
45044  1571  3115      NaN    0.000    0.000
45045  1603  3116      NaN    0.000    0.000
47003  3406   862      NaN    1.010    4.027
47005  3171   918    2.214    1.637    2.567
47008  3340   921      NaN    0.000    0.000
47014  3012   921    4.829    1.450    2.997
47016  3156   964      NaN    0.000    0.000
47020  2980  1013    4.049    1.310    2.870
47022  3154  1030    4.814    1.540    3.053
47025  3271  1046      NaN    1.047    4.457
47028  2794  1071      NaN    1.273    4.087
47031  3053  1080    5.093    1.723    2.920
47035  2732  1110      NaN    0.000    0.000
47037  2829  1123    5.475    1.133    4.210
47039  2941  1102    5.516    1.287    3.813
47041  3087  1128    4.873    1.190    3.997
47046  3158  1117      NaN    0.000    0.000
47050  2874  1164      NaN    1.077    4.517
47052  2986  1209    5.902    1.417    3.740
47055  3074  1212      NaN    1.093    4.257
47058  2889  1229      NaN    0.000    0.000
47060  2844  1265      NaN    0.000    0.000
47061  3158  1263    6.129    0.000    0.000
47065  2887  1287      NaN    0.000    0.000
47067  2973  1289    4.996    1.333    3.997
47068  2788  1328    5.811    1.820    4.087
47069  2879  1341    5.502    1.077    4.460
47070  2976  1349    5.682    1.207    4.293
47075  3057  1298    5.541    1.343    3.850
47090  3200  1317      NaN    0.000    0.000
47092  3212  1338    5.175    1.100    4.083
47095  3059  1328    5.576    1.377    3.897
47097  3079  1427    5.027    1.160    3.963
47098  3032  1356      NaN    0.000    0.000
47099  2997  1358      NaN    0.000    0.000
47100  3217  1380    2.171    1.427    3.787
47101  3107  1356      NaN    0.000    0.000
47102  2760  1349      NaN    1.977    4.030
47104  3232  1367    5.463    1.120    3.750
47105  3236  1373      NaN    0.000    0.000
47106  3262  1401      NaN    0.000    0.000
47108  3019  1394      NaN    0.000    0.000
47110  3001  1394      NaN    0.000    0.000
47112  2982  1403      NaN    0.000    0.000
47113  2962  1405      NaN    1.443    4.060
47114  3131  1420    5.255    0.000    0.000
47115  3464  1401      NaN    2.377    4.460
47119  3023  1427      NaN    0.000    0.000
47121  3187  1436    2.486    1.550    3.660
47127  3131  1461      NaN    0.000    0.000
47129  2969  1481    5.726    1.247    4.263
47130  3296  1459      NaN    0.000    0.000
47131  3074  1498      NaN    0.000    0.000
47133  3066  1528      NaN    0.000    0.000
47135  3135  1545    3.403    1.280    4.087
47136  3215  1506    5.506    1.233    4.043
47137  3154  1524    5.841    1.300    3.973
47138  3292  1565      NaN    0.000    0.000
47140  2997  1569      NaN    0.000    0.000
47143  3206  1582      NaN    0.000    0.000
47145  3038  1483    5.499    1.133    4.197
47146  3042  1590      NaN    0.000    0.000
47150  2975  1532      NaN    1.170    4.370
47151  3288  1614      NaN    0.000    0.000
47152  3284  1619      NaN    0.000    0.000
47154  3172  1556      NaN    0.000    0.000
47155  3200  1662      NaN    0.000    0.000
47156  3012  1662      NaN    0.000    0.000
47157  3126  1606    5.409    1.093    4.103
47159  3253  1670      NaN    0.000    0.000
47162  3186  1698      NaN    0.000    0.000
47163  2954  1683      NaN    0.000    0.000
47165  2956  1702      NaN    0.000    0.000
47167  3094  1700      NaN    0.000    0.000
47168  3107  1711      NaN    0.000    0.000
47169  2851  1716      NaN    2.133    3.743
47170  2991  1750      NaN    2.813    4.243
47171  3010  1619      NaN    0.000    0.000
47172  2991  1632      NaN    0.973    4.530
47173  3062  1636    5.013    1.200    4.133
47174  3051  1674      NaN    1.273    4.447
47175  2948  1741    5.055    1.367    4.277
47182  2969  1847      NaN    0.000    0.000
47184  2971  1849      NaN    0.000    0.000
47185  2930  1873      NaN    0.000    0.000
47188  3010  1862      NaN    1.567    4.217
47189  2975  1879      NaN    0.000    0.000
47192  3150  1659      NaN    0.000    0.000
47401  4670   514      NaN    0.000    0.000
47402  4770   568    4.772    1.273    2.390
47404  4671   632      NaN    0.000    0.000
47405  4813   608    5.221    1.673    2.850
47406  4664   679      NaN    0.000    0.000
47407  4746   701      NaN    0.000    0.000
47409  4961   671      NaN    1.643    3.297
47411  4595   764      NaN    0.000    0.000
47412  4630   778      NaN    0.000    0.000
47413  4681   761      NaN    1.440    2.173
47417  4841   794      NaN    0.000    0.000
47418  4972   787      NaN    0.000    0.000
47421  4505   807      NaN    1.513    2.570
47423  4591   862      NaN    0.000    0.000
47424  4655   828      NaN    0.000    0.000
47426  4793   878      NaN    0.000    0.000
47428  4494   912      NaN    0.000    0.000
47430  4565   918      NaN    0.000    0.000
47433  4565   796      NaN    0.000    0.000
47435  4856   634      NaN    0.000    0.000
47440  4852   863      NaN    0.000    0.000
47512  4673  1226    6.186    1.360    3.770
47520  4516  1261    3.281    1.357    3.137
47570  4472  1403      NaN    0.000    0.000
47574  4474  1048      NaN    1.353    3.343
47575  4567  1030      NaN    0.000    0.000
47576  4617   977    4.861    1.253    3.307
47581  4651  1061      NaN    0.000    0.000
47582  4492  1153      NaN    0.000    0.000
47584  4612  1155      NaN    0.000    0.000
47585  4701  1160    4.282    1.270    3.760
47587  4464  1242      NaN    0.000    0.000
47588  4520  1317      NaN    0.000    0.000
47590  4582  1315      NaN    0.000    0.000
47592  4627  1296      NaN    0.000    0.000
47595  4533  1371      NaN    0.000    0.000
47597  4505  1442      NaN    0.000    0.000
47598  4582  1463      NaN    0.000    0.000
47600  4134  1412      NaN    0.000    0.000
47602  4283  1341      NaN    0.000    0.000
47604  4375  1354      NaN    0.000    0.000
47605  4104  1504      NaN    0.000    0.000
47606  4151  1479      NaN    0.000    0.000
47607  4167  1489      NaN    0.000    0.000
47610  4279  1494      NaN    0.000    0.000
47612  4285  1446    4.597    1.367    3.747
47615  4466  1507      NaN    0.000    0.000
47616  4057  1563      NaN    0.000    0.000
47617  4173  1552      NaN    0.000    0.000
47618  4253  1541      NaN    0.000    0.000
47620  4270  1563      NaN    0.000    0.000
47622  4319  1530      NaN    0.000    0.000
47624  4376  1524      NaN    0.000    0.000
47626  4412  1552      NaN    0.000    0.000
47629  4533  1526      NaN    0.000    0.000
47631  4040  1608      NaN    0.000    0.000
47632  4119  1636      NaN    0.000    0.000
47636  4141  1662      NaN    0.000    0.000
47637  4236  1623      NaN    0.000    0.000
47638  4319  1606      NaN    0.000    0.000
47639  4339  1640      NaN    0.000    0.000
47640  4343  1625      NaN    0.000    0.000
47641  4376  1571      NaN    0.000    0.000
47648  4576  1599      NaN    0.000    0.000
47649  4050  1707      NaN    0.000    0.000
47651  4091  1711      NaN    0.000    0.000
47653  4156  1722      NaN    0.000    0.000
47654  4225  1713      NaN    0.000    0.000
47655  4281  1726      NaN    0.000    0.000
47656  4302  1683      NaN    0.000    0.000
47657  4362  1668      NaN    0.000    0.000
47662  4455  1604      NaN    0.000    0.000
47663  4055  1786      NaN    1.717    4.263
47666  4352  1726      NaN    0.000    0.000
47668  4380  1675      NaN    1.917    4.783
47670  4442  1632      NaN    0.000    0.000
47672  4466  1683      NaN    0.000    0.000
47674  4516  1664      NaN    1.493    4.973
47675  4410  1709      NaN    0.000    0.000
47677  4427  1780      NaN    3.040    4.477
47678  4457  1892    6.577    2.283    4.353
47682  4492  1614      NaN    0.000    0.000
47684  4098  1688      NaN    0.000    0.000
47690  4425  1487      NaN    1.427    3.803
47740  3734  1547      NaN    1.917    4.203
47741  3704  1631      NaN    0.000    0.000
47742  3723  1619      NaN    0.000    0.000
47744  3734  1632      NaN    0.000    0.000
47746  3835  1627      NaN    0.000    0.000
47747  3900  1621    6.315    1.430    4.297
47750  3956  1631      NaN    1.553    4.230
47754  3518  1746      NaN    0.000    0.000
47755  3592  1692      NaN    0.000    0.000
47756  3811  1674      NaN    0.000    0.000
47759  4003  1679      NaN    0.000    0.000
47761  4061  1649      NaN    0.000    0.000
47762  3466  1799      NaN    0.000    0.000
47765  3637  1748      NaN    0.000    0.000
47766  3647  1767      NaN    0.000    0.000
47767  3725  1743      NaN    0.000    0.000
47768  3800  1718      NaN    0.000    0.000
47769  3884  1700      NaN    0.000    0.000
47770  3945  1715      NaN    0.000    0.000
47772  3979  1716      NaN    0.000    0.000
47776  3910  1756      NaN    1.357    4.713
47777  3940  1767      NaN    0.000    0.000
47778  4007  1855      NaN    1.893    4.710
47780  4014  1715      NaN    0.000    0.000
47784  3523  1774      NaN    0.000    0.000
47800  3283  1771      NaN    0.000    0.000
47805  3311  1864      NaN    0.000    0.000
47807  3404  1840      NaN    0.000    0.000
47809  3439  1832      NaN    0.000    0.000
47812  3331  1886      NaN    0.000    0.000
47813  3395  1875      NaN    0.000    0.000
47814  3466  1870      NaN    0.000    0.000
47815  3542  1879      NaN    0.000    0.000
47817  3346  1935      NaN    0.000    0.000
47818  3391  1935    6.969    2.163    4.860
47819  3439  1926      NaN    0.000    0.000
47821  3480  1918    4.339    1.270    4.820
47822  3546  1952      NaN    0.000    0.000
47823  3383  2013      NaN    0.000    0.000
47824  3445  1993      NaN    0.000    0.000
47827  3423  2067      NaN    0.000    0.000
47829  3482  2047      NaN    0.000    0.000
47830  3520  2024      NaN    0.000    0.000
47831  3395  2099      NaN    1.667    4.823
47835  3518  2064    7.182    1.570    4.827
47836  3436  2198      NaN    1.737    5.000
47837  3471  2161      NaN    0.000    0.000
47838  3365  1995      NaN    0.000    0.000
47842  3176  2019      NaN    0.000    0.000
47843  3230  1939      NaN    0.000    0.000
47887  3673  1810      NaN    0.000    0.000
47890  3781  1761      NaN    0.000    0.000
47891  3815  1758      NaN    0.000    0.000
47892  3647  1879      NaN    0.000    0.000
47893  3759  1842      NaN    0.000    0.000
47895  3872  1786      NaN    0.000    0.000
47897  3663  1914    7.497    0.000    0.000
47898  3699  1937      NaN    0.000    0.000
47899  3830  1877      NaN    0.000    0.000
47909  3305  2422      NaN    1.833    4.897
47912  2579  2861      NaN    3.930    5.153
47917  2663  2864      NaN    0.000    0.000
47918  2708  2876      NaN    0.000    0.000
47927  2833  2823      NaN    0.000    0.000
47929  3003  2652      NaN    2.410    4.957
47936  3102  2667      NaN    0.000    0.000
47940  3133  2622      NaN    0.000    0.000
47942  3215  2528      NaN    2.347    4.847
47945  3499  2708      NaN    2.903    4.860
47971  4726  2566      NaN    0.000    0.000
48803   445  3081    5.277    1.923    5.207
48806   438  3212    0.407    2.597    5.670
48808   701  3062    5.688    2.707    4.603
48820   651  3245      NaN    0.000    0.000
48823   690  3312    5.188    0.887    1.513
48826   744  3271    5.169    2.563    5.680
48830   759  3156    4.899    2.690    4.950
48839   865  3346      NaN    0.000    0.000
48921   212  3178    3.025    3.483    5.137
48924   165  3243    3.826    4.077    5.460
48925   225  3284    0.747    3.030    5.167
48927   475  3314    1.905    2.820    5.867
50527  2213    89      NaN    0.000    0.000
50548  2657    91      NaN    1.197    3.123
50557  2827    94    4.576    1.183    3.293
50564  3064    64    5.018    1.277    2.840
50603  1884   150    4.400    0.607    4.120
50632  2456   139    2.264    1.187    2.340
50658  2900   219    4.938    0.000    0.000
50727  2234   318    4.507    1.540    2.523
50745  2680   294      NaN    0.000    0.000
50756  3021   288    4.632    0.977    3.583
50774  3238   257    5.273    1.070    2.820
50788  3583   311    4.765    0.997    3.393
50844  2624   404    4.326    0.547    4.607
50854  2836   406    4.384    0.687    4.373
50888  3606   414    4.449    1.213    3.443
50915  1901   503    4.223    0.593    4.390
50949  2786   552    4.766    0.663    4.277
50953  2999   477    4.211    0.727    4.100
50963  3219   453    4.516    1.080    3.543
50968  3133   537      NaN    0.000    0.000
50978  3466   527      NaN    0.000    0.000
50983  3693   475      NaN    0.000    0.000
52267   120   903      NaN    0.000    0.000
52378   266   968      NaN    0.000    0.000
52495   505  1037      NaN    0.000    0.000
52652    50  1240      NaN    0.000    0.000
52681   346  1274    4.255    0.053    7.407
52754    16  1420    4.290    0.793    5.003
52787   322  1435    4.526    0.537    5.573
52866   199  1500      NaN    0.000    0.000
52889   436  1563      NaN    0.000    0.000
52955    85  1616    4.252    0.433    5.813
52983   466  1584    4.346    0.477    5.670
52996   561  1638    4.624    0.917    5.423
53068  1345   712      NaN    0.277    5.667
53083  1586   604    4.229    0.567    4.593
53149  1136   837      NaN    0.177    6.027
53192  1675   671    4.394    0.607    4.653
53231   716   959      NaN    0.000    0.000
53276  1446   852      NaN    0.350    5.613
53336   955   946      NaN    0.173    6.290
53352  1170   931    4.270    0.333    5.843
53391  1569   908    4.714    0.617    4.993
53463  1310  1030      NaN    0.000    0.000
53480  1464  1005    4.710    0.473    5.310
53487  1494  1110      NaN    0.000    0.000
53502   645  1145      NaN    0.043    7.023
53513   830  1035      NaN    0.000    0.000
53529   895  1222      NaN    0.167    6.787
53543  1119  1140      NaN    0.000    0.000
53564  1250  1190      NaN    0.243    6.327
53588  1515  1239    1.509    0.433    6.150
53593  1632  1140      NaN    0.000    0.000
53614   695  1293    4.747    0.100    6.867
53646  1097  1315    4.780    0.260    6.370
53673  1423  1261      NaN    0.000    0.000
53698  1616  1341      NaN    0.000    0.000
53705   638  1403    4.922    0.117    6.687
53723   828  1367    4.468    0.220    6.313
53764  1244  1401      NaN    0.000    0.000
53772  1407  1369      NaN    0.000    0.000
53787  1455  1450    5.362    0.353    6.180
53798  1625  1450      NaN    0.000    0.000
53845  1065  1502    5.837    0.357    6.583
53863  1336  1453      NaN    0.000    0.000
53898  1614  1563    5.118    0.237    6.503
53915   748  1619      NaN    0.000    0.000
53923   856  1599      NaN    0.000    0.000
53959  1239  1675    5.304    0.237    6.870
53975  1390  1627      NaN    0.000    0.000
54012  1972   608    4.385    0.840    4.033
54026  2342   610      NaN    0.460    4.533
54027  2174   675    4.367    0.647    4.253
54049  2685   645    4.587    0.703    4.343
54094  3316   610      NaN    0.000    0.000
54096  3490   630      NaN    0.000    0.000
54102  1806   679    4.170    0.663    4.347
54115  2024   718    4.855    0.877    3.937
54135  2495   718      NaN    0.597    4.687
54157  2726   764    4.942    0.800    4.337
54161  2825   684      NaN    0.000    0.000
54186  3159   744      NaN    0.000    0.000
54208  1845   876    4.943    0.850    4.160
54218  2125   867      NaN    0.000    0.000
54226  2319   860    4.705    0.547    4.647
54236  2525   850    4.889    0.633    4.527
54259  2795   886    5.438    1.243    3.843
54273  2997   787    3.924    1.423    3.267
54292  3305   800    4.324    1.247    3.350
54308  1864   987    4.964    0.573    4.887
54311  1989   904      NaN    0.000    0.000
54324  2291   947    5.230    0.417    5.147
54337  2366   994      NaN    0.000    0.000
54342  2635   927    4.923    0.647    4.667
54346  2665   974      NaN    0.000    0.000
54374  3016   929    1.730    1.260    3.043
54377  2930   998    4.830    1.180    3.497
54386  3156   970    4.064    1.593    2.807
54401  1668  1033      NaN    0.000    0.000
54405  1737  1074      NaN    0.000    0.000
54423  2011  1011      NaN    0.000    0.000
54436  2123  1076    5.702    0.487    5.190
54471  2484  1046      NaN    0.000    0.000
54493  2777  1041    5.340    1.303    4.093
54497  2726  1115      NaN    0.000    0.000
54511  1825  1128      NaN    0.000    0.000
54527  1924  1222      NaN    0.000    0.000
54534  2028  1160      NaN    0.000    0.000
54539  2118  1184      NaN    0.000    0.000
54587  2601  1227      NaN    0.000    0.000
54602  1744  1250      NaN    0.000    0.000
54618  1855  1336      NaN    0.000    0.000
54662  2424  1244      NaN    0.000    0.000
54715  1856  1420      NaN    0.000    0.000
54725  1965  1401    5.568    0.613    5.730
54751  2321  1352      NaN    0.000    0.000
54753  2276  1388      NaN    0.000    0.000
54776  2542  1412      NaN    1.347    4.497
54808  1756  1543    6.315    0.347    6.337
54823  1911  1502    5.787    0.437    6.227
54826  1916  1541      NaN    0.000    0.000
54836  2034  1548      NaN    0.000    0.000
54843  2150  1483      NaN    0.000    0.000
54857  2278  1562      NaN    0.000    0.000
54863  2374  1483    5.262    0.770    4.857
54909  1744  1674    6.646    0.943    5.740
54916  1888  1618      NaN    0.000    0.000
54929  2011  1653    5.622    0.657    5.840
54945  2189  1632    5.793    0.000    0.000
56065   180  1711    4.220    0.970    4.983
56079   333  1840    4.567    1.543    4.560
56080   326  1681    4.103    1.217    4.773
56096   552  1860    4.671    0.000    0.000
56146     1  2060    3.841    1.710    4.493
56152    38  1985    3.342    1.447    4.650
56167   126  2131    3.583    1.620    4.310
56172   251  2028    1.517    1.347    4.493
56182   400  1944    5.269    2.157    4.163
56187   430  2163      NaN    0.480    3.220
56193   507  1970    2.116    1.837    4.297
56196   531  2079      NaN    0.000    0.000
56257    31  2241    3.381    1.847    4.433
56287   337  2243    5.690    1.773    5.170
56357    35  2347    3.983    1.800    4.523
56374   221  2235    1.087    1.863    3.950
56385   374  2295    6.339    1.730    5.683
56462   169  2353    1.842    1.173    4.607
56492   516  2375    4.412    0.823    6.360
56571   255  2476      NaN    0.000    0.000
56586   421  2540    4.517    1.000    5.757
56651    25  2596    4.598    0.570    5.857
56671   253  2616    5.078    0.583    7.753
56684   369  2642    5.236    0.687    6.913
56691   481  2592    4.381    0.927    5.967
56751    22  2723      NaN    0.850    6.997
56763   210  2719    0.005    0.730    7.157
56768   171  2799    0.024    0.790    6.653
56778   302  2799      NaN    0.000    0.000
56786   430  2736    4.698    0.893    6.107
56886   423  2853    4.816    1.043    6.330
56951    25  2919      NaN    3.940    6.303
56959    89  3137      NaN    0.000    0.000
56964   111  3051    5.086    1.303    5.827
56966   223  2958    0.005    1.323    6.093
56969   178  3193    2.474    3.193    5.520
56977   204  3068    4.265    3.983    5.627
56985   380  2982      NaN    0.000    0.000
57006   645  1728      NaN    0.000    0.000
57014   658  1730      NaN    0.000    0.000
57016   800  1754      NaN    0.000    0.000
57025   828  1735    6.504    0.740    5.550
57046  1130  1739    5.637    0.533    6.517
57067  1237  1787    5.426    0.387    6.150
57071  1394  1702    6.252    0.373    6.453
57083  1530  1713      NaN    0.000    0.000
57127   789  1898    5.590    0.000    0.000
57131  1005  1744      NaN    0.297    6.710
57178  1410  1901      NaN    0.000    0.000
57193  1627  1817    6.313    0.657    6.210
57237   901  2010    5.766    2.240    5.080
57245  1013  1937      NaN    0.000    0.000
57259  1207  2013    5.681    1.330    5.083
57265  1308  1974      NaN    0.000    0.000
57279  1420  2000    5.400    2.667    5.127
57290  1571  1905      NaN    0.000    0.000
57297  1575  2002      NaN    0.000    0.000
57306   669  2064      NaN    0.563    6.723
57328   841  2107      NaN    0.000    0.000
57348  1069  2127    5.959    2.017    4.890
57378  1408  2110      NaN    0.633    2.463
57399  1677  2108    5.635    1.203    5.417
57411   682  2151      NaN    0.000    0.000
57426   875  2164    4.648    1.290    5.360
57447  1061  2209    5.161    1.677    4.570
57461  1267  2163      NaN    0.000    0.000
57476  1362  2202      NaN    0.000    0.000
57494  1584  2172      NaN    0.000    0.000
57503   574  2284    4.198    0.747    6.423
57504   567  2288      NaN    0.000    0.000
57516   725  2288      NaN    0.000    0.000
57554  1140  2308    5.216    1.927    4.380
57584  1466  2310      NaN    0.000    0.000
57598  1634  2349    4.141    1.920    4.557
57602   610  2366      NaN    0.000    0.000
57604   604  2377      NaN    0.937    6.127
57633   983  2372    5.517    1.923    4.430
57655  1166  2413    6.633    1.670    4.910
57662  1310  2347      NaN    0.000    0.000
57687  1442  2439      NaN    0.000    0.000
57707   587  2543    4.872    1.817    5.190
57712   779  2495    4.403    1.883    4.767
57713   772  2499    4.773    1.957    4.873
57731   925  2471    6.003    2.213    4.313
57745  1086  2527    5.192    2.117    4.563
57766  1285  2551    4.869    1.943    4.627
57776  1423  2543    4.734    2.027    4.910
57793  1612  2487    4.921    0.000    0.000
57799  1677  2564      NaN    0.000    0.000
57816   755  2624      NaN    0.000    0.000
57832   972  2581    5.042    2.473    4.400
57845  1097  2670    5.931    2.213    4.007
57853  1192  2607    5.810    2.193    4.330
57866  1302  2663      NaN    0.000    0.000
57902   582  2752    4.248    1.913    5.427
57916   759  2752    4.615    2.127    4.533
57922   847  2708    5.075    2.520    4.300
57932   957  2693    4.750    2.527    4.163
57957  1155  2764    4.922    2.217    4.137
57972  1461  2711    5.332    2.270    4.650
57993  1681  2704    5.012    2.083    4.710
58027  1922  1761      NaN    0.000    0.000
58040  2144  1698      NaN    0.000    0.000
58102  1767  1806      NaN    0.000    0.000
58141  2133  1830    5.510    0.877    5.527
58144  2133  1838      NaN    0.000    0.000
58150  2269  1819    6.673    0.567    5.660
58203  1763  1920    5.622    2.523    5.167
58208  1750  1998    5.451    0.853    5.787
58221  1948  1914    6.270    0.490    6.137
58238  2118  2024    5.307    0.767    5.917
58251  2273  1922      NaN    0.000    0.000
58265  2420  2010    6.668    0.000    0.000
58314  1830  2084      NaN    0.000    0.000
58321  1939  2041    5.218    0.823    5.870
58338  2082  2112    5.680    1.023    5.650
58345  2183  2080      NaN    0.000    0.000
58362  2403  2082      NaN    0.000    0.000
58424  1911  2181      NaN    0.000    0.000
58437  2034  2226    7.160    1.727    5.253
58457  2260  2215      NaN    0.000    0.000
58472  2515  2159      NaN    0.000    0.000
58477  2478  2237    3.473    0.000    0.000
58506  1791  2288    5.813    1.633    5.213
58527  1927  2319      NaN    0.000    0.000
58543  2131  2284      NaN    0.000    0.000
58556  2332  2286      NaN    0.000    0.000
58569  2459  2331      NaN    0.000    0.000
58606  1784  2398    5.471    1.570    4.907
58633  2114  2357      NaN    0.000    0.000
58646  2232  2415    5.915    1.603    4.587
58660  2368  2370      NaN    0.000    0.000
58666  2452  2415      NaN    2.303    4.140
58715  1866  2512    5.632    1.827    4.677
58725  1957  2540    2.736    1.773    4.030
58730  2021  2491    3.086    1.610    4.140
58731  2077  2474    5.267    1.630    4.153
58752  2314  2489    5.211    0.000    0.000
58754  2263  2540      NaN    0.000    0.000
58813  1830  2594    4.837    1.793    4.437
58834  2034  2618      NaN    1.887    4.733
58847  2161  2680      NaN    0.000    0.000
58849  2234  2670      NaN    3.147    5.677
58853  2319  2577      NaN    0.000    0.000
58911  1834  2706    5.535    2.050    4.693
58921  1944  2693    5.695    0.000    0.000
58926  1950  2767      NaN    2.243    4.433
58931  2028  2721    4.666    2.773    4.930
58944  2217  2743      NaN    0.000    0.000
58968  2411  2797      NaN    0.000    0.000
58974  2472  2730      NaN    0.000    0.000
59007   568  2906    4.379    1.567    5.403
59023   901  2835    5.252    2.490    4.510
59046  1054  2874      NaN    0.000    0.000
59058  1179  2891    5.429    2.387    4.347
59072  1386  2823      NaN    0.000    0.000
59082  1524  2838    4.513    2.457    4.373
59087  1515  2926      NaN    0.000    0.000
59096  1623  2872    5.049    2.307    4.343
59102  1754  2807    4.715    2.220    4.440
59117  1806  2879      NaN    0.000    0.000
59134  2026  2859      NaN    0.000    0.000
59152  2349  2823      NaN    0.000    0.000
59158  2318  2896      NaN    0.000    0.000
59162  2437  2827      NaN    0.000    0.000
59209   667  2991    5.358    2.670    4.907
59211   740  2924    4.270    0.757    1.313
59254  1130  2980      NaN    0.000    0.000
59265  1267  2971    4.551    2.350    4.657
59278  1397  3019    5.257    0.000    0.000
59287  1494  3006      NaN    0.000    0.000
59293  1651  2935    4.010    2.373    4.273
59316  1870  2980      NaN    0.000    0.000
59348  2204  2995      NaN    2.600    5.917
59353  2331  2967      NaN    3.103    4.913
59358  2265  3025      NaN    0.000    0.000
59362  2422  2911      NaN    0.000    0.000
59368  2394  3014      NaN    0.000    0.000
59417   757  3096    4.522    2.793    4.913
59431   921  3066    4.628    2.357    4.863
59456  1226  3098    4.594    2.683    4.593
59493  1580  3075      NaN    0.000    0.000
59501  1722  3049      NaN    0.000    0.000
59554  2271  3068      NaN    0.000    0.000
59556  2342  3098      NaN    0.000    0.000
59559  2325  3137    0.873    2.950    6.043
59562  2370  3053      NaN    0.000    0.000
59567  2415  3133      NaN    0.000    0.000
59632   966  3143    4.414    2.623    5.593
59644  1020  3195      NaN    0.000    0.000
59658  1155  3232    1.319    2.937    5.477
59663  1341  3156    4.705    2.840    4.593
59673  1431  3167      NaN    0.000    0.000
59758  1149  3361      NaN    0.000    0.000
59792  1873  3286      NaN    0.000    0.000
