30949  1341    50    4.989    0.665    5.606
30967  1765    12    4.188    0.474    6.019
30978  2060    20    4.263    0.677    5.774
31583  3352    25    3.340    1.210    4.961
31587  3210    44    5.678    1.423    5.587
31594  3370    66    2.679    1.371    5.119
31618  3637   111    3.087    1.468    4.458
31624  3723    68    4.038    1.632    4.326
31632  3880     8    4.058    1.545    3.668
31636  3891    51    3.216    1.829    4.168
31655  4096    63      NaN    1.439    4.816
31702  3482   113    3.327    1.677    4.584
31703  3555   113    2.767    1.535    4.571
31707  3469   255    5.574    1.419    5.403
31710  3654   231    2.794    1.252    5.490
31713  3691   143    2.256    1.535    4.974
31725  3790   156    1.867    1.558    5.300
31733  4020   134      NaN    2.155    4.968
31735  3940   167    4.935    1.535    4.971
31754  4151   158    4.683    1.661    4.371
31770  4515   113      NaN    2.423    3.439
31786  3900   275    2.368    1.377    5.281
31788  3846   320    2.485    1.387    5.329
31792  3992   251      NaN    1.432    5.019
31801  4054   262    5.347    1.423    4.800
31823  4429   229      NaN    0.000    0.000
31825  4302   270    4.978    1.829    3.574
31829  4367   302      NaN    0.000    0.000
31832  3839   359      NaN    1.439    5.355
31845  3956   389    4.384    2.258    4.965
31866  4294   389    6.692    2.000    3.400
31873  3779   464    3.209    1.584    5.442
31878  3757   552    2.335    1.432    5.439
31884  3839   514    4.305    1.610    5.065
31909  4100   561      NaN    1.903    3.903
31913  3583   537      NaN    0.000    0.000
31915  3516   628    2.420    1.345    5.158
31917  3508   669    1.206    1.439    5.213
31921  3592   593      NaN    1.561    5.329
31924  3592   624    3.060    1.703    4.929
31931  3706   583    3.655    1.742    5.316
31935  3751   626    4.609    1.916    4.977
31939  3794   656    2.930    1.997    4.439
31958  3971   645    3.582    1.781    3.913
31959  4016   632      NaN    0.000    0.000
31960  3578   772      NaN    0.000    0.000
31961  3581   686    2.559    1.742    4.832
31969  3451   824      NaN    0.000    0.000
31977  3591   755      NaN    1.742    4.365
31981  3704   677    3.091    1.584    4.790
31987  3699   768    3.054    1.677    4.361
31989  3798   796      NaN    0.000    0.000
31994  3828   720    5.292    1.723    4.006
32088  4709   106      NaN    0.000    0.000
32098  4828    89      NaN    0.000    0.000
32099  5011   152      NaN    0.000    0.000
32121  4727   227      NaN    0.000    0.000
32128  4711   331      NaN    0.000    0.000
32133  4795   300    2.622    1.826    3.855
32150  4785   343    5.576    0.000    0.000
44230   225    50    3.628    0.603    5.610
44231    20    42    4.080    0.616    5.600
44232   303    70    4.813    0.748    5.610
44237   156   165    4.305    0.665    5.590
44239   399   135    4.541    0.768    5.368
44241   680   122    4.491    0.765    5.490
44256  1614    51    3.775    0.352    6.094
44259  1631   216    4.360    0.303    6.968
44282   165   287    4.976    0.410    6.232
44284    16   371    4.460    0.274    6.406
44285   311   348    4.224    0.416    6.116
44287    78   434    5.315    0.119    7.455
44288   313   419    5.029    0.177    7.381
44292   770   234      NaN    0.000    0.000
44294   839   303    4.501    0.342    6.603
44298   921   399    3.875    0.177    7.377
44302  1358   249    4.163    0.439    6.471
44304  1192   302    3.904    0.268    6.894
44305  1489   372    4.007    0.200    7.135
44313  2086   268    4.878    0.529    6.787
44314  1752   318    4.373    0.329    7.235
44317  1722   460    4.181    0.248    7.206
44336   438   511      NaN    0.094    8.155
44341   705   475    4.355    0.132    7.623
44347   596   626      NaN    0.058    8.090
44352  1386   479    4.067    0.152    7.677
44354  1134   572    4.012    0.084    7.781
44358  1334   703    4.210    0.097    7.871
44373   496   720      NaN    0.000    0.000
45004  1588  3102      NaN    0.000    0.000
45005  1588  3103      NaN    0.000    0.000
45007  1560  3102      NaN    0.000    0.000
45011  1520  3118      NaN    0.000    0.000
45013  1520  3118      NaN    0.000    0.000
45018  1520  3122      NaN    0.000    0.000
45020  1517  3116      NaN    0.000    0.000
45031  1618  3075      NaN    3.442    4.826
45032  1586  3077    0.967    2.919    4.232
45033  1603  3077      NaN    3.587    4.765
45034  1595  3083    4.513    4.119    5.065
45035  1567  3085      NaN    0.000    0.000
45036  1608  3085      NaN    0.000    0.000
45037  1590  3087      NaN    0.000    0.000
45038  1565  3092      NaN    0.000    0.000
45039  1591  3092      NaN    0.000    0.000
45040  1599  3094      NaN    0.000    0.000
45041  1597  3102      NaN    0.000    0.000
45042  1558  3103      NaN    0.000    0.000
45043  1588  3109      NaN    0.000    0.000
45044  1571  3115      NaN    0.000    0.000
45045  1603  3116      NaN    0.000    0.000
47003  3406   862      NaN    1.552    5.126
47005  3171   918    4.956    1.587    4.768
47008  3340   921      NaN    0.000    0.000
47014  3012   921    6.462    1.390    5.277
47016  3156   964      NaN    0.000    0.000
47020  2980  1013    5.952    1.506    4.900
47022  3154  1030    6.365    1.255    4.768
47025  3271  1046      NaN    1.565    5.697
47028  2794  1071      NaN    1.365    5.287
47031  3053  1080    6.294    1.581    4.542
47035  2732  1110      NaN    0.000    0.000
47037  2829  1123    5.814    1.335    5.332
47039  2941  1102    6.023    1.481    5.103
47041  3087  1128    5.740    1.252    5.339
47046  3158  1117      NaN    0.000    0.000
47050  2874  1164      NaN    1.281    5.732
47052  2986  1209    6.949    1.490    4.923
47055  3074  1212      NaN    1.206    5.813
47058  2889  1229      NaN    0.000    0.000
47060  2844  1265      NaN    0.000    0.000
47061  3158  1263    7.714    0.000    0.000
47065  2887  1287      NaN    0.000    0.000
47067  2973  1289    5.536    1.497    5.168
47068  2788  1328    6.683    2.452    5.035
47069  2879  1341    6.358    1.323    5.468
47070  2976  1349    5.934    1.268    5.348
47075  3057  1298    5.952    1.152    5.035
47090  3200  1317      NaN    0.000    0.000
47092  3212  1338    5.986    1.939    5.845
47095  3059  1328    6.189    1.548    5.135
47097  3079  1427    5.093    1.639    5.052
47098  3032  1356      NaN    0.000    0.000
47099  2997  1358      NaN    0.000    0.000
47100  3217  1380    3.847    1.542    5.332
47101  3107  1356      NaN    0.000    0.000
47102  2760  1349      NaN    3.516    5.184
47104  3232  1367    6.707    2.287    5.484
47105  3236  1373      NaN    0.000    0.000
47106  3262  1401      NaN    0.000    0.000
47108  3019  1394      NaN    0.000    0.000
47110  3001  1394      NaN    0.000    0.000
47112  2982  1403      NaN    0.000    0.000
47113  2962  1405      NaN    1.690    4.865
47114  3131  1420    6.146    0.000    0.000
47115  3464  1401      NaN    3.306    5.497
47119  3023  1427      NaN    0.000    0.000
47121  3187  1436    4.138    1.758    5.052
47127  3131  1461      NaN    0.000    0.000
47129  2969  1481    6.122    1.558    5.374
47130  3296  1459      NaN    0.000    0.000
47131  3074  1498      NaN    0.000    0.000
47133  3066  1528      NaN    0.000    0.000
47135  3135  1545    5.656    2.168    5.387
47136  3215  1506    6.494    2.165    5.465
47137  3154  1524    7.219    2.019    5.384
47138  3292  1565      NaN    0.000    0.000
47140  2997  1569      NaN    0.000    0.000
47143  3206  1582      NaN    0.000    0.000
47145  3038  1483    6.335    1.894    5.339
47146  3042  1590      NaN    0.000    0.000
47150  2975  1532      NaN    1.671    5.539
47151  3288  1614      NaN    0.000    0.000
47152  3284  1619      NaN    0.000    0.000
47154  3172  1556      NaN    0.000    0.000
47155  3200  1662      NaN    0.000    0.000
47156  3012  1662      NaN    0.000    0.000
47157  3126  1606    6.377    1.561    5.445
47159  3253  1670      NaN    0.000    0.000
47162  3186  1698      NaN    0.000    0.000
47163  2954  1683      NaN    0.000    0.000
47165  2956  1702      NaN    0.000    0.000
47167  3094  1700      NaN    0.000    0.000
47168  3107  1711      NaN    0.000    0.000
47169  2851  1716      NaN    3.294    4.623
47170  2991  1750      NaN    4.290    5.874
47171  3010  1619      NaN    0.000    0.000
47172  2991  1632      NaN    1.468    5.677
47173  3062  1636    6.269    1.794    5.458
47174  3051  1674      NaN    2.403    5.748
47175  2948  1741    6.431    3.577    5.710
47182  2969  1847      NaN    0.000    0.000
47184  2971  1849      NaN    0.000    0.000
47185  2930  1873      NaN    0.000    0.000
47188  3010  1862      NaN    2.274    5.790
47189  2975  1879      NaN    0.000    0.000
47192  3150  1659      NaN    0.000    0.000
47401  4670   514      NaN    0.000    0.000
47402  4770   568    6.077    1.932    3.716
47404  4671   632      NaN    0.000    0.000
47405  4813   608    7.051    1.942    4.235
47406  4664   679      NaN    0.000    0.000
47407  4746   701      NaN    0.000    0.000
47409  4961   671      NaN    2.316    3.861
47411  4595   764      NaN    0.000    0.000
47412  4630   778      NaN    0.000    0.000
47413  4681   761      NaN    2.126    3.868
47417  4841   794      NaN    0.000    0.000
47418  4972   787      NaN    0.000    0.000
47421  4505   807      NaN    2.377    3.813
47423  4591   862      NaN    0.000    0.000
47424  4655   828      NaN    0.000    0.000
47426  4793   878      NaN    0.000    0.000
47428  4494   912      NaN    0.000    0.000
47430  4565   918      NaN    0.000    0.000
47433  4565   796      NaN    0.000    0.000
47435  4856   634      NaN    0.000    0.000
47440  4852   863      NaN    0.000    0.000
47512  4673  1226    7.797    2.190    5.006
47520  4516  1261    6.043    1.694    4.752
47570  4472  1403      NaN    0.000    0.000
47574  4474  1048      NaN    2.010    4.158
47575  4567  1030      NaN    0.000    0.000
47576  4617   977    5.991    1.871    4.032
47581  4651  1061      NaN    0.000    0.000
47582  4492  1153      NaN    0.000    0.000
47584  4612  1155      NaN    0.000    0.000
47585  4701  1160    6.816    2.116    4.832
47587  4464  1242      NaN    0.000    0.000
47588  4520  1317      NaN    0.000    0.000
47590  4582  1315      NaN    0.000    0.000
47592  4627  1296      NaN    0.000    0.000
47595  4533  1371      NaN    0.000    0.000
47597  4505  1442      NaN    0.000    0.000
47598  4582  1463      NaN    0.000    0.000
47600  4134  1412      NaN    0.000    0.000
47602  4283  1341      NaN    0.000    0.000
47604  4375  1354      NaN    0.000    0.000
47605  4104  1504      NaN    0.000    0.000
47606  4151  1479      NaN    0.000    0.000
47607  4167  1489      NaN    0.000    0.000
47610  4279  1494      NaN    0.000    0.000
47612  4285  1446    6.777    1.532    5.577
47615  4466  1507      NaN    0.000    0.000
47616  4057  1563      NaN    0.000    0.000
47617  4173  1552      NaN    0.000    0.000
47618  4253  1541      NaN    0.000    0.000
47620  4270  1563      NaN    0.000    0.000
47622  4319  1530      NaN    0.000    0.000
47624  4376  1524      NaN    0.000    0.000
47626  4412  1552      NaN    0.000    0.000
47629  4533  1526      NaN    0.000    0.000
47631  4040  1608      NaN    0.000    0.000
47632  4119  1636      NaN    0.000    0.000
47636  4141  1662      NaN    0.000    0.000
47637  4236  1623      NaN    0.000    0.000
47638  4319  1606      NaN    0.000    0.000
47639  4339  1640      NaN    0.000    0.000
47640  4343  1625      NaN    0.000    0.000
47641  4376  1571      NaN    0.000    0.000
47648  4576  1599      NaN    0.000    0.000
47649  4050  1707      NaN    0.000    0.000
47651  4091  1711      NaN    0.000    0.000
47653  4156  1722      NaN    0.000    0.000
47654  4225  1713      NaN    0.000    0.000
47655  4281  1726      NaN    0.000    0.000
47656  4302  1683      NaN    0.000    0.000
47657  4362  1668      NaN    0.000    0.000
47662  4455  1604      NaN    0.000    0.000
47663  4055  1786      NaN    1.981    5.519
47666  4352  1726      NaN    0.000    0.000
47668  4380  1675      NaN    2.694    6.194
47670  4442  1632      NaN    0.000    0.000
47672  4466  1683      NaN    0.000    0.000
47674  4516  1664      NaN    1.929    5.926
47675  4410  1709      NaN    0.000    0.000
47677  4427  1780      NaN    3.971    5.481
47678  4457  1892    7.288    3.090    5.342
47682  4492  1614      NaN    0.000    0.000
47684  4098  1688      NaN    0.000    0.000
47690  4425  1487      NaN    1.558    5.432
47740  3734  1547      NaN    3.123    5.555
47741  3704  1631      NaN    0.000    0.000
47742  3723  1619      NaN    0.000    0.000
47744  3734  1632      NaN    0.000    0.000
47746  3835  1627      NaN    0.000    0.000
47747  3900  1621    6.903    1.958    5.455
47750  3956  1631      NaN    2.487    5.590
47754  3518  1746      NaN    0.000    0.000
47755  3592  1692      NaN    0.000    0.000
47756  3811  1674      NaN    0.000    0.000
47759  4003  1679      NaN    0.000    0.000
47761  4061  1649      NaN    0.000    0.000
47762  3466  1799      NaN    0.000    0.000
47765  3637  1748      NaN    0.000    0.000
47766  3647  1767      NaN    0.000    0.000
47767  3725  1743      NaN    0.000    0.000
47768  3800  1718      NaN    0.000    0.000
47769  3884  1700      NaN    0.000    0.000
47770  3945  1715      NaN    0.000    0.000
47772  3979  1716      NaN    0.000    0.000
47776  3910  1756      NaN    1.719    6.216
47777  3940  1767      NaN    0.000    0.000
47778  4007  1855      NaN    2.900    5.835
47780  4014  1715      NaN    0.000    0.000
47784  3523  1774      NaN    0.000    0.000
47800  3283  1771      NaN    0.000    0.000
47805  3311  1864      NaN    0.000    0.000
47807  3404  1840      NaN    0.000    0.000
47809  3439  1832      NaN    0.000    0.000
47812  3331  1886      NaN    0.000    0.000
47813  3395  1875      NaN    0.000    0.000
47814  3466  1870      NaN    0.000    0.000
47815  3542  1879      NaN    0.000    0.000
47817  3346  1935      NaN    0.000    0.000
47818  3391  1935    8.218    4.071    6.058
47819  3439  1926      NaN    0.000    0.000
47821  3480  1918    4.192    1.713    5.587
47822  3546  1952      NaN    0.000    0.000
47823  3383  2013      NaN    0.000    0.000
47824  3445  1993      NaN    0.000    0.000
47827  3423  2067      NaN    0.000    0.000
47829  3482  2047      NaN    0.000    0.000
47830  3520  2024      NaN    0.000    0.000
47831  3395  2099      NaN    2.019    5.761
47835  3518  2064    7.399    2.016    5.642
47836  3436  2198      NaN    2.665    5.726
47837  3471  2161      NaN    0.000    0.000
47838  3365  1995      NaN    0.000    0.000
47842  3176  2019      NaN    0.000    0.000
47843  3230  1939      NaN    0.000    0.000
47887  3673  1810      NaN    0.000    0.000
47890  3781  1761      NaN    0.000    0.000
47891  3815  1758      NaN    0.000    0.000
47892  3647  1879      NaN    0.000    0.000
47893  3759  1842      NaN    0.000    0.000
47895  3872  1786      NaN    0.000    0.000
47897  3663  1914    7.218    0.000    0.000
47898  3699  1937      NaN    0.000    0.000
47899  3830  1877      NaN    0.000    0.000
47909  3305  2422      NaN    2.632    5.106
47912  2579  2861      NaN    4.590    5.794
47917  2663  2864      NaN    0.000    0.000
47918  2708  2876      NaN    0.000    0.000
47927  2833  2823      NaN    0.000    0.000
47929  3003  2652      NaN    3.381    5.313
47936  3102  2667      NaN    0.000    0.000
47940  3133  2622      NaN    0.000    0.000
47942  3215  2528      NaN    3.135    5.103
47945  3499  2708      NaN    4.039    5.403
47971  4726  2566      NaN    0.000    0.000
48803   445  3081    5.230    2.229    5.519
48806   438  3212    1.053    3.526    5.806
48808   701  3062    5.229    2.994    4.745
48820   651  3245      NaN    0.000    0.000
48823   690  3312    4.475    1.042    1.632
48826   744  3271    4.983    2.797    5.419
48830   759  3156    5.119    3.032    4.723
48839   865  3346      NaN    0.000    0.000
48921   212  3178    3.667    3.503    5.413
48924   165  3243    4.190    4.281    5.777
48925   225  3284    1.493    3.481    4.923
48927   475  3314    2.763    3.284    5.826
50527  2213    89      NaN    0.000    0.000
50548  2657    91      NaN    0.848    5.868
50557  2827    94    5.129    0.742    6.355
50564  3064    64    5.596    1.087    5.477
50603  1884   150    4.476    0.319    6.971
50632  2456   139    2.445    0.903    5.510
50658  2900   219    5.113    0.000    0.000
50727  2234   318    6.245    0.942    6.023
50745  2680   294      NaN    0.000    0.000
50756  3021   288    5.204    0.568    7.035
50774  3238   257    6.299    2.052    5.206
50788  3583   311    5.295    0.961    6.023
50844  2624   404    4.587    0.365    7.181
50854  2836   406    4.787    0.413    7.106
50888  3606   414    4.673    1.077    5.958
50915  1901   503    4.219    0.165    7.694
50949  2786   552    5.478    0.516    6.816
50953  2999   477    4.639    0.668    6.819
50963  3219   453    6.072    0.726    6.926
50968  3133   537      NaN    0.000    0.000
50978  3466   527      NaN    0.000    0.000
50983  3693   475      NaN    0.000    0.000
52267   120   903      NaN    0.000    0.000
52378   266   968      NaN    0.000    0.000
52495   505  1037      NaN    0.000    0.000
52652    50  1240      NaN    0.000    0.000
52681   346  1274    4.360    0.094    8.332
52754    16  1420    4.754    1.310    5.197
52787   322  1435    5.160    0.839    6.058
52866   199  1500      NaN    0.000    0.000
52889   436  1563      NaN    0.000    0.000
52955    85  1616    4.616    1.126    5.629
52983   466  1584    4.484    0.858    6.261
52996   561  1638    4.855    1.258    5.916
53068  1345   712      NaN    0.081    8.442
53083  1586   604    4.390    0.148    7.768
53149  1136   837      NaN    0.110    8.087
53192  1675   671    4.375    0.132    7.794
53231   716   959      NaN    0.000    0.000
53276  1446   852      NaN    0.058    8.252
53336   955   946      NaN    0.139    8.203
53352  1170   931    4.675    0.145    8.061
53391  1569   908    4.545    0.158    7.690
53463  1310  1030      NaN    0.000    0.000
53480  1464  1005    5.189    0.229    7.700
53487  1494  1110      NaN    0.000    0.000
53502   645  1145      NaN    0.077    8.171
53513   830  1035      NaN    0.000    0.000
53529   895  1222      NaN    0.200    8.190
53543  1119  1140      NaN    0.000    0.000
53564  1250  1190      NaN    0.165    8.174
53588  1515  1239    2.763    0.681    7.242
53593  1632  1140      NaN    0.000    0.000
53614   695  1293    5.145    0.239    7.900
53646  1097  1315    4.942    0.235    7.787
53673  1423  1261      NaN    0.000    0.000
53698  1616  1341      NaN    0.000    0.000
53705   638  1403    4.793    0.300    7.613
53723   828  1367    4.091    0.329    7.452
53764  1244  1401      NaN    0.000    0.000
53772  1407  1369      NaN    0.000    0.000
53787  1455  1450    5.330    0.558    6.877
53798  1625  1450      NaN    0.000    0.000
53845  1065  1502    5.735    0.877    6.939
53863  1336  1453      NaN    0.000    0.000
53898  1614  1563    4.624    0.503    6.977
53915   748  1619      NaN    0.000    0.000
53923   856  1599      NaN    0.000    0.000
53959  1239  1675    5.033    0.632    7.190
53975  1390  1627      NaN    0.000    0.000
54012  1972   608    4.526    0.226    7.345
54026  2342   610      NaN    0.197    7.361
54027  2174   675    4.467    0.245    7.303
54049  2685   645    4.470    0.403    6.745
54094  3316   610      NaN    0.000    0.000
54096  3490   630      NaN    0.000    0.000
54102  1806   679    4.794    0.145    7.532
54115  2024   718    4.517    0.258    7.313
54135  2495   718      NaN    0.271    7.477
54157  2726   764    5.141    0.613    6.694
54161  2825   684      NaN    0.000    0.000
54186  3159   744      NaN    0.000    0.000
54208  1845   876    5.038    0.310    7.013
54218  2125   867      NaN    0.000    0.000
54226  2319   860    4.419    0.242    7.365
54236  2525   850    4.801    0.371    6.884
54259  2795   886    6.126    1.490    5.616
54273  2997   787    5.415    1.416    5.690
54292  3305   800    5.480    1.506    5.158
54308  1864   987    5.743    0.381    7.123
54311  1989   904      NaN    0.000    0.000
54324  2291   947    5.229    0.226    7.365
54337  2366   994      NaN    0.000    0.000
54342  2635   927    5.139    0.500    6.755
54346  2665   974      NaN    0.000    0.000
54374  3016   929    2.419    1.581    4.877
54377  2930   998    6.159    1.319    5.013
54386  3156   970    5.748    1.242    4.735
54401  1668  1033      NaN    0.000    0.000
54405  1737  1074      NaN    0.000    0.000
54423  2011  1011      NaN    0.000    0.000
54436  2123  1076    6.175    0.877    6.781
54471  2484  1046      NaN    0.000    0.000
54493  2777  1041    6.363    1.303    5.361
54497  2726  1115      NaN    0.000    0.000
54511  1825  1128      NaN    0.000    0.000
54527  1924  1222      NaN    0.000    0.000
54534  2028  1160      NaN    0.000    0.000
54539  2118  1184      NaN    0.000    0.000
54587  2601  1227      NaN    0.000    0.000
54602  1744  1250      NaN    0.000    0.000
54618  1855  1336      NaN    0.000    0.000
54662  2424  1244      NaN    0.000    0.000
54715  1856  1420      NaN    0.000    0.000
54725  1965  1401    5.431    1.281    6.342
54751  2321  1352      NaN    0.000    0.000
54753  2276  1388      NaN    0.000    0.000
54776  2542  1412      NaN    1.700    5.594
54808  1756  1543    6.502    0.723    6.726
54823  1911  1502    5.765    1.155    6.526
54826  1916  1541      NaN    0.000    0.000
54836  2034  1548      NaN    0.000    0.000
54843  2150  1483      NaN    0.000    0.000
54857  2278  1562      NaN    0.000    0.000
54863  2374  1483    5.503    1.242    5.510
54909  1744  1674    6.610    1.090    6.235
54916  1888  1618      NaN    0.000    0.000
54929  2011  1653    5.548    1.632    5.642
54945  2189  1632    6.046    0.000    0.000
56065   180  1711    5.755    1.790    4.939
56079   333  1840    6.071    1.932    4.768
56080   326  1681    5.213    1.694    5.000
56096   552  1860    5.477    0.000    0.000
56146     1  2060    4.966    1.723    5.171
56152    38  1985    4.297    1.613    4.977
56167   126  2131    5.219    1.984    4.784
56172   251  2028    4.362    1.774    4.935
56182   400  1944    6.738    2.329    4.677
56187   430  2163      NaN    0.519    3.371
56193   507  1970    4.617    2.384    4.945
56196   531  2079      NaN    0.000    0.000
56257    31  2241    4.719    1.816    5.042
56287   337  2243    5.414    2.216    5.865
56357    35  2347    4.868    2.171    5.142
56374   221  2235    1.404    2.390    4.594
56385   374  2295    7.910    2.429    6.194
56462   169  2353    2.050    1.961    5.203
56492   516  2375    4.877    1.039    7.197
56571   255  2476      NaN    0.000    0.000
56586   421  2540    4.835    1.848    5.739
56651    25  2596    4.717    0.865    6.123
56671   253  2616    5.474    0.726    8.068
56684   369  2642    5.194    1.087    6.994
56691   481  2592    5.434    1.571    5.803
56751    22  2723      NaN    1.319    6.906
56763   210  2719    0.005    1.065    7.197
56768   171  2799    0.007    0.929    7.123
56778   302  2799      NaN    0.000    0.000
56786   430  2736    4.761    1.287    6.055
56886   423  2853    5.001    1.635    6.206
56951    25  2919      NaN    4.503    6.894
56959    89  3137      NaN    0.000    0.000
56964   111  3051    4.569    1.571    6.310
56966   223  2958    0.087    1.958    6.345
56969   178  3193    2.102    3.690    5.923
56977   204  3068    3.179    4.452    6.258
56985   380  2982      NaN    0.000    0.000
57006   645  1728      NaN    0.000    0.000
57014   658  1730      NaN    0.000    0.000
57016   800  1754      NaN    0.000    0.000
57025   828  1735    6.451    1.068    6.094
57046  1130  1739      NaN    1.294    6.626
57067  1237  1787    5.827    0.900    6.410
57071  1394  1702    5.839    0.690    6.819
57083  1530  1713      NaN    0.000    0.000
57127   789  1898    6.126    0.000    0.000
57131  1005  1744      NaN    0.697    7.177
57178  1410  1901      NaN    0.000    0.000
57193  1627  1817    6.598    0.790    6.532
57237   901  2010    6.623    3.703    5.794
57245  1013  1937      NaN    0.000    0.000
57259  1207  2013    6.257    2.271    5.510
57265  1308  1974      NaN    0.000    0.000
57279  1420  2000    5.101    1.703    6.339
57290  1571  1905      NaN    0.000    0.000
57297  1575  2002      NaN    0.000    0.000
57306   669  2064      NaN    1.110    6.652
57328   841  2107      NaN    0.000    0.000
57348  1069  2127    6.445    2.923    5.829
57378  1408  2110      NaN    0.755    2.377
57399  1677  2108    5.884    1.761    5.677
57411   682  2151      NaN    0.000    0.000
57426   875  2164    5.172    1.848    5.739
57447  1061  2209    6.446    2.565    5.365
57461  1267  2163      NaN    0.000    0.000
57476  1362  2202      NaN    0.000    0.000
57494  1584  2172      NaN    0.000    0.000
57503   574  2284    4.904    1.219    6.597
57504   567  2288      NaN    0.000    0.000
57516   725  2288      NaN    0.000    0.000
57554  1140  2308    6.049    2.584    5.065
57584  1466  2310      NaN    0.000    0.000
57598  1634  2349    3.348    2.668    5.381
57602   610  2366      NaN    0.000    0.000
57604   604  2377      NaN    1.303    6.832
57633   983  2372    5.740    2.345    4.974
57655  1166  2413    6.707    2.094    5.697
57662  1310  2347      NaN    0.000    0.000
57687  1442  2439      NaN    0.000    0.000
57707   587  2543    5.614    2.561    5.419
57712   779  2495    5.603    2.313    5.106
57713   772  2499    5.869    2.510    5.219
57731   925  2471    5.415    2.487    4.906
57745  1086  2527    5.561    2.455    5.158
57766  1285  2551    5.382    2.423    5.419
57776  1423  2543    7.221    2.297    5.739
57793  1612  2487    5.564    0.000    0.000
57799  1677  2564      NaN    0.000    0.000
57816   755  2624      NaN    0.000    0.000
57832   972  2581    6.541    2.629    4.861
57845  1097  2670    5.726    2.603    4.648
57853  1192  2607    5.745    2.452    5.016
57866  1302  2663      NaN    0.000    0.000
57902   582  2752    4.346    2.455    5.287
57916   759  2752    5.337    2.645    4.865
57922   847  2708    5.590    2.839    4.913
57932   957  2693    5.166    3.171    4.974
57957  1155  2764    5.306    2.652    4.719
57972  1461  2711    6.587    3.032    5.190
57993  1681  2704    5.443    2.877    4.810
58027  1922  1761      NaN    0.000    0.000
58040  2144  1698      NaN    0.000    0.000
58102  1767  1806      NaN    0.000    0.000
58141  2133  1830    5.438    1.568    5.365
58144  2133  1838      NaN    0.000    0.000
58150  2269  1819    6.599    1.061    5.471
58203  1763  1920    5.303    2.187    5.758
58208  1750  1998    6.214    1.200    5.884
58221  1948  1914    6.159    0.958    5.881
58238  2118  2024    5.643    1.387    5.474
58251  2273  1922      NaN    0.000    0.000
58265  2420  2010    6.227    0.000    0.000
58314  1830  2084      NaN    0.000    0.000
58321  1939  2041    5.670    1.339    5.648
58338  2082  2112    5.835    1.700    5.368
58345  2183  2080      NaN    0.000    0.000
58362  2403  2082      NaN    0.000    0.000
58424  1911  2181      NaN    0.000    0.000
58437  2034  2226    7.716    2.539    5.561
58457  2260  2215      NaN    0.000    0.000
58472  2515  2159      NaN    0.000    0.000
58477  2478  2237    4.499    0.000    0.000
58506  1791  2288    6.329    2.994    5.558
58527  1927  2319      NaN    0.000    0.000
58543  2131  2284      NaN    0.000    0.000
58556  2332  2286      NaN    0.000    0.000
58569  2459  2331      NaN    0.000    0.000
58606  1784  2398    5.096    2.032    5.829
58633  2114  2357      NaN    0.000    0.000
58646  2232  2415    5.817    2.616    5.003
58660  2368  2370      NaN    0.000    0.000
58666  2452  2415      NaN    3.326    4.368
58715  1866  2512    5.502    2.726    5.271
58725  1957  2540    2.646    2.613    4.510
58730  2021  2491    2.658    2.252    4.758
58731  2077  2474    5.025    2.248    4.629
58752  2314  2489    5.253    0.000    0.000
58754  2263  2540      NaN    0.000    0.000
58813  1830  2594    4.870    2.574    4.832
58834  2034  2618      NaN    2.577    4.726
58847  2161  2680      NaN    0.000    0.000
58849  2234  2670      NaN    4.055    5.277
58853  2319  2577      NaN    0.000    0.000
58911  1834  2706    5.049    2.687    4.455
58921  1944  2693    5.639    0.000    0.000
58926  1950  2767      NaN    3.474    4.777
58931  2028  2721      NaN    3.168    4.910
58944  2217  2743      NaN    0.000    0.000
58968  2411  2797      NaN    0.000    0.000
58974  2472  2730      NaN    0.000    0.000
59007   568  2906    4.642    2.168    5.384
59023   901  2835    6.028    2.942    4.968
59046  1054  2874      NaN    0.000    0.000
59058  1179  2891    5.144    2.971    4.758
59072  1386  2823      NaN    0.000    0.000
59082  1524  2838    5.651    2.968    4.181
59087  1515  2926      NaN    0.000    0.000
59096  1623  2872    6.208    2.710    3.771
59102  1754  2807    5.058    2.700    3.939
59117  1806  2879      NaN    0.000    0.000
59134  2026  2859      NaN    0.000    0.000
59152  2349  2823      NaN    0.000    0.000
59158  2318  2896      NaN    0.000    0.000
59162  2437  2827      NaN    0.000    0.000
59209   667  2991    6.207    3.345    5.055
59211   740  2924    4.250    0.832    1.177
59254  1130  2980      NaN    0.000    0.000
59265  1267  2971    4.673    2.897    4.645
59278  1397  3019    5.443    0.000    0.000
59287  1494  3006      NaN    0.000    0.000
59293  1651  2935    4.863    2.781    3.716
59316  1870  2980      NaN    0.000    0.000
59348  2204  2995      NaN    3.500    6.461
59353  2331  2967      NaN    4.132    5.500
59358  2265  3025      NaN    0.000    0.000
59362  2422  2911      NaN    0.000    0.000
59368  2394  3014      NaN    0.000    0.000
59417   757  3096    4.985    3.732    5.281
59431   921  3066    4.826    3.032    4.555
59456  1226  3098    5.205    2.881    4.284
59493  1580  3075      NaN    0.000    0.000
59501  1722  3049      NaN    0.000    0.000
59554  2271  3068      NaN    0.000    0.000
59556  2342  3098      NaN    0.000    0.000
59559  2325  3137    2.073    3.145    5.590
59562  2370  3053      NaN    0.000    0.000
59567  2415  3133      NaN    0.000    0.000
59632   966  3143    4.899    2.848    4.835
59644  1020  3195      NaN    0.000    0.000
59658  1155  3232    1.623    3.471    5.342
59663  1341  3156    5.284    3.103    4.287
59673  1431  3167      NaN    0.000    0.000
59758  1149  3361      NaN    0.000    0.000
59792  1873  3286      NaN    0.000    0.000
