30949  1341    50    4.457    2.755    5.329
30967  1765    12    3.816    1.652    7.903
30978  2060    20    3.249    1.926    7.897
31583  3352    25    5.640    4.381    5.326
31587  3210    44    5.892    5.081    6.661
31594  3370    66    4.436    2.729    6.074
31618  3637   111    5.126    4.290    5.226
31624  3723    68    4.634    4.055    5.229
31632  3880     8    6.377    2.987    4.545
31636  3891    51    5.703    4.339    5.274
31655  4096    63      NaN    2.206    5.048
31702  3482   113    4.629    3.487    5.100
31703  3555   113    4.768    2.742    5.506
31707  3469   255    5.486    2.855    6.729
31710  3654   231    4.049    2.877    5.861
31713  3691   143    3.931    3.184    5.400
31725  3790   156    4.841    3.871    5.806
31733  4020   134      NaN    7.529    7.594
31735  3940   167    5.280    2.510    4.903
31754  4151   158    5.413    2.165    3.742
31770  4515   113      NaN    1.935    4.242
31786  3900   275    5.302    3.626    4.690
31788  3846   320    5.354    2.297    4.871
31792  3992   251    4.657    1.955    4.784
31801  4054   262    5.144    3.894    5.139
31823  4429   229      NaN    0.000    0.000
31825  4302   270    5.403    4.419    5.381
31829  4367   302      NaN    0.000    0.000
31832  3839   359    4.354    2.558    5.013
31845  3956   389    5.522    4.584    5.606
31866  4294   389    7.276    4.900    5.974
31873  3779   464    3.993    2.629    5.232
31878  3757   552    4.572    2.658    5.800
31884  3839   514    4.912    2.277    4.497
31909  4100   561      NaN    3.429    4.223
31913  3583   537      NaN    0.000    0.000
31915  3516   628    5.515    2.523    6.100
31917  3508   669    5.314    2.813    5.926
31921  3592   593      NaN    3.090    6.581
31924  3592   624    5.498    3.029    6.055
31931  3706   583    4.206    3.039    5.632
31935  3751   626    4.880    4.965    6.052
31939  3794   656    5.071    2.255    5.035
31958  3971   645    5.599    4.006    4.506
31959  4016   632      NaN    0.000    0.000
31960  3578   772      NaN    0.000    0.000
31961  3581   686    5.064    2.671    5.984
31969  3451   824      NaN    0.000    0.000
31977  3591   755      NaN    3.710    5.458
31981  3704   677    6.262    1.813    6.371
31987  3699   768    5.490    3.100    5.168
31989  3798   796      NaN    0.000    0.000
31994  3828   720    6.568    5.145    6.058
32088  4709   106      NaN    0.000    0.000
32098  4828    89      NaN    0.000    0.000
32099  5011   152      NaN    0.000    0.000
32121  4727   227      NaN    0.000    0.000
32128  4711   331      NaN    0.000    0.000
32133  4795   300    4.237    4.510    5.794
32150  4785   343    5.380    0.000    0.000
44230   225    50    3.254    1.494    6.810
44231    20    42    3.379    0.848    8.361
44232   303    70    4.795    1.774    6.677
44237   156   165    3.297    1.277    5.900
44239   399   135    3.397    2.032    5.913
44241   680   122    4.301    1.990    6.548
44256  1614    51    3.657    1.455    8.026
44259  1631   216    3.896    0.519    9.700
44282   165   287    4.312    0.761    7.561
44284    16   371    4.123    0.706    8.171
44285   311   348    4.250    1.368    6.852
44287    78   434    3.861    0.465    9.887
44288   313   419    4.142    0.784    9.277
44292   770   234      NaN    0.000    0.000
44294   839   303    4.264    0.581    9.365
44298   921   399    3.537    0.532   11.055
44302  1358   249    3.971    2.355    7.194
44304  1192   302    4.206    0.565    9.739
44305  1489   372    4.020    0.671   11.106
44313  2086   268    4.078    2.039    8.216
44314  1752   318    3.787    1.316    9.474
44317  1722   460    4.374    1.513    9.432
44336   438   511      NaN    0.687   11.516
44341   705   475    3.680    0.642   11.842
44347   596   626      NaN    0.797   12.839
44352  1386   479    3.366    0.671   11.623
44354  1134   572    2.557    0.903   12.745
44358  1334   703    2.410    0.906   12.181
44373   496   720      NaN    0.000    0.000
45004  1588  3102      NaN    0.000    0.000
45005  1588  3103      NaN    0.000    0.000
45007  1560  3102      NaN    0.000    0.000
45011  1520  3118      NaN    0.000    0.000
45013  1520  3118      NaN    0.000    0.000
45018  1520  3122      NaN    0.000    0.000
45020  1517  3116      NaN    0.000    0.000
45031  1618  3075      NaN    1.513    4.242
45032  1586  3077    0.005    1.958    5.081
45033  1603  3077      NaN    3.835    7.319
45034  1595  3083    4.519    4.219    5.232
45035  1567  3085      NaN    0.000    0.000
45036  1608  3085      NaN    0.000    0.000
45037  1590  3087      NaN    0.000    0.000
45038  1565  3092      NaN    0.000    0.000
45039  1591  3092      NaN    0.000    0.000
45040  1599  3094      NaN    0.000    0.000
45041  1597  3102      NaN    0.000    0.000
45042  1558  3103      NaN    0.000    0.000
45043  1588  3109      NaN    0.000    0.000
45044  1571  3115      NaN    0.000    0.000
45045  1603  3116      NaN    0.000    0.000
47003  3406   862      NaN    2.955    5.765
47005  3171   918    5.523    2.526    4.339
47008  3340   921      NaN    0.000    0.000
47014  3012   921    5.647    2.310    3.910
47016  3156   964      NaN    0.000    0.000
47020  2980  1013    5.866    1.300    3.484
47022  3154  1030    6.343    2.413    3.868
47025  3271  1046      NaN    1.265    4.032
47028  2794  1071      NaN    2.542    4.235
47031  3053  1080    5.231    1.610    3.068
47035  2732  1110      NaN    0.000    0.000
47037  2829  1123    4.977    2.339    5.448
47039  2941  1102    5.026    2.103    4.087
47041  3087  1128    4.547    2.071    5.606
47046  3158  1117      NaN    0.000    0.000
47050  2874  1164      NaN    2.229    5.503
47052  2986  1209    5.323    1.774    3.832
47055  3074  1212      NaN    1.435    4.290
47058  2889  1229      NaN    0.000    0.000
47060  2844  1265      NaN    0.000    0.000
47061  3158  1263    7.961    0.000    0.000
47065  2887  1287      NaN    0.000    0.000
47067  2973  1289    4.508    2.481    3.868
47068  2788  1328    5.344    2.132    5.681
47069  2879  1341    5.466    2.474    4.961
47070  2976  1349    5.116    2.094    4.755
47075  3057  1298    5.430    1.906    3.523
47090  3200  1317      NaN    0.000    0.000
47092  3212  1338    6.691    2.419    5.426
47095  3059  1328    5.070    2.287    3.835
47097  3079  1427    3.382    2.142    4.158
47098  3032  1356      NaN    0.000    0.000
47099  2997  1358      NaN    0.000    0.000
47100  3217  1380    5.114    1.894    4.106
47101  3107  1356      NaN    0.000    0.000
47102  2760  1349      NaN    6.200    7.710
47104  3232  1367    6.335    1.497    3.842
47105  3236  1373      NaN    0.000    0.000
47106  3262  1401      NaN    0.000    0.000
47108  3019  1394      NaN    0.000    0.000
47110  3001  1394      NaN    0.000    0.000
47112  2982  1403      NaN    0.000    0.000
47113  2962  1405      NaN    2.555    6.058
47114  3131  1420    5.240    0.000    0.000
47115  3464  1401      NaN    3.752    5.245
47119  3023  1427      NaN    0.000    0.000
47121  3187  1436    2.296    1.997    3.868
47127  3131  1461      NaN    0.000    0.000
47129  2969  1481    4.792    2.039    5.265
47130  3296  1459      NaN    0.000    0.000
47131  3074  1498      NaN    0.000    0.000
47133  3066  1528      NaN    0.000    0.000
47135  3135  1545    3.865    3.071    4.084
47136  3215  1506    5.234    3.052    4.587
47137  3154  1524    5.286    2.948    4.290
47138  3292  1565      NaN    0.000    0.000
47140  2997  1569      NaN    0.000    0.000
47143  3206  1582      NaN    0.000    0.000
47145  3038  1483    4.022    2.184    4.216
47146  3042  1590      NaN    0.000    0.000
47150  2975  1532    5.290    2.506    4.710
47151  3288  1614      NaN    0.000    0.000
47152  3284  1619      NaN    0.000    0.000
47154  3172  1556      NaN    0.000    0.000
47155  3200  1662      NaN    0.000    0.000
47156  3012  1662      NaN    0.000    0.000
47157  3126  1606    5.565    2.368    3.842
47159  3253  1670      NaN    0.000    0.000
47162  3186  1698      NaN    0.000    0.000
47163  2954  1683      NaN    0.000    0.000
47165  2956  1702      NaN    0.000    0.000
47167  3094  1700      NaN    0.000    0.000
47168  3107  1711      NaN    0.000    0.000
47169  2851  1716      NaN    3.932    5.694
47170  2991  1750      NaN    4.758    6.677
47171  3010  1619      NaN    0.000    0.000
47172  2991  1632      NaN    2.223    4.987
47173  3062  1636    3.167    3.019    4.168
47174  3051  1674      NaN    4.687    6.103
47175  2948  1741    3.234    5.458    7.100
47182  2969  1847      NaN    0.000    0.000
47184  2971  1849      NaN    0.000    0.000
47185  2930  1873      NaN    0.000    0.000
47188  3010  1862      NaN    1.306    4.110
47189  2975  1879      NaN    0.000    0.000
47192  3150  1659      NaN    0.000    0.000
47401  4670   514      NaN    0.000    0.000
47402  4770   568    6.389    2.497    4.765
47404  4671   632      NaN    0.000    0.000
47405  4813   608    7.415    2.006    6.810
47406  4664   679      NaN    0.000    0.000
47407  4746   701      NaN    0.000    0.000
47409  4961   671      NaN    2.677    7.661
47411  4595   764      NaN    0.000    0.000
47412  4630   778      NaN    0.000    0.000
47413  4681   761      NaN    2.671    4.668
47417  4841   794      NaN    0.000    0.000
47418  4972   787      NaN    0.000    0.000
47421  4505   807      NaN    5.581    6.984
47423  4591   862      NaN    0.000    0.000
47424  4655   828      NaN    0.000    0.000
47426  4793   878    4.596    0.000    0.000
47428  4494   912      NaN    0.000    0.000
47430  4565   918      NaN    0.000    0.000
47433  4565   796      NaN    0.000    0.000
47435  4856   634      NaN    0.000    0.000
47440  4852   863      NaN    0.000    0.000
47512  4673  1226    6.489    3.561    4.994
47520  4516  1261    4.383    3.348    6.497
47570  4472  1403      NaN    0.000    0.000
47574  4474  1048      NaN    4.213    6.935
47575  4567  1030      NaN    0.000    0.000
47576  4617   977    5.001    1.413    4.426
47581  4651  1061      NaN    0.000    0.000
47582  4492  1153      NaN    0.000    0.000
47584  4612  1155      NaN    0.000    0.000
47585  4701  1160    4.926    1.471    4.690
47587  4464  1242      NaN    0.000    0.000
47588  4520  1317      NaN    0.000    0.000
47590  4582  1315      NaN    0.000    0.000
47592  4627  1296      NaN    0.000    0.000
47595  4533  1371      NaN    0.000    0.000
47597  4505  1442      NaN    0.000    0.000
47598  4582  1463      NaN    0.000    0.000
47600  4134  1412      NaN    0.000    0.000
47602  4283  1341      NaN    0.000    0.000
47604  4375  1354      NaN    0.000    0.000
47605  4104  1504      NaN    0.000    0.000
47606  4151  1479      NaN    0.000    0.000
47607  4167  1489      NaN    0.000    0.000
47610  4279  1494      NaN    0.000    0.000
47612  4285  1446    4.990    2.561    6.384
47615  4466  1507      NaN    0.000    0.000
47616  4057  1563      NaN    0.000    0.000
47617  4173  1552      NaN    0.000    0.000
47618  4253  1541      NaN    0.000    0.000
47620  4270  1563      NaN    0.000    0.000
47622  4319  1530      NaN    0.000    0.000
47624  4376  1524      NaN    0.000    0.000
47626  4412  1552      NaN    0.000    0.000
47629  4533  1526      NaN    0.000    0.000
47631  4040  1608      NaN    0.000    0.000
47632  4119  1636      NaN    0.000    0.000
47636  4141  1662      NaN    0.000    0.000
47637  4236  1623      NaN    0.000    0.000
47638  4319  1606      NaN    0.000    0.000
47639  4339  1640    7.189    0.000    0.000
47640  4343  1625      NaN    0.000    0.000
47641  4376  1571      NaN    0.000    0.000
47648  4576  1599      NaN    0.000    0.000
47649  4050  1707      NaN    0.000    0.000
47651  4091  1711      NaN    0.000    0.000
47653  4156  1722      NaN    0.000    0.000
47654  4225  1713      NaN    0.000    0.000
47655  4281  1726      NaN    0.000    0.000
47656  4302  1683      NaN    0.000    0.000
47657  4362  1668      NaN    0.000    0.000
47662  4455  1604      NaN    0.000    0.000
47663  4055  1786      NaN    2.981    5.235
47666  4352  1726      NaN    0.000    0.000
47668  4380  1675      NaN    4.113    6.929
47670  4442  1632      NaN    0.000    0.000
47672  4466  1683      NaN    0.000    0.000
47674  4516  1664      NaN    2.497    5.374
47675  4410  1709    4.363    0.000    0.000
47677  4427  1780      NaN    4.861    6.939
47678  4457  1892    3.849    2.265    4.929
47682  4492  1614      NaN    0.000    0.000
47684  4098  1688      NaN    0.000    0.000
47690  4425  1487      NaN    5.174    6.823
47740  3734  1547      NaN    6.784    8.984
47741  3704  1631      NaN    0.000    0.000
47742  3723  1619      NaN    0.000    0.000
47744  3734  1632      NaN    0.000    0.000
47746  3835  1627      NaN    0.000    0.000
47747  3900  1621    5.097    2.465    6.255
47750  3956  1631      NaN    2.013    4.810
47754  3518  1746      NaN    0.000    0.000
47755  3592  1692      NaN    0.000    0.000
47756  3811  1674      NaN    0.000    0.000
47759  4003  1679      NaN    0.000    0.000
47761  4061  1649      NaN    0.000    0.000
47762  3466  1799      NaN    0.000    0.000
47765  3637  1748      NaN    0.000    0.000
47766  3647  1767      NaN    0.000    0.000
47767  3725  1743      NaN    0.000    0.000
47768  3800  1718      NaN    0.000    0.000
47769  3884  1700      NaN    0.000    0.000
47770  3945  1715      NaN    0.000    0.000
47772  3979  1716      NaN    0.000    0.000
47776  3910  1756      NaN    2.071    5.806
47777  3940  1767      NaN    0.000    0.000
47778  4007  1855      NaN    2.103    4.839
47780  4014  1715      NaN    0.000    0.000
47784  3523  1774      NaN    0.000    0.000
47800  3283  1771      NaN    0.000    0.000
47805  3311  1864      NaN    0.000    0.000
47807  3404  1840      NaN    0.000    0.000
47809  3439  1832      NaN    0.000    0.000
47812  3331  1886      NaN    0.000    0.000
47813  3395  1875      NaN    0.000    0.000
47814  3466  1870      NaN    0.000    0.000
47815  3542  1879      NaN    0.000    0.000
47817  3346  1935      NaN    0.000    0.000
47818  3391  1935    4.290    2.458    6.474
47819  3439  1926      NaN    0.000    0.000
47821  3480  1918    4.748    3.884    5.268
47822  3546  1952      NaN    0.000    0.000
47823  3383  2013      NaN    0.000    0.000
47824  3445  1993      NaN    0.000    0.000
47827  3423  2067      NaN    0.000    0.000
47829  3482  2047      NaN    0.000    0.000
47830  3520  2024      NaN    0.000    0.000
47831  3395  2099      NaN    1.771    3.971
47835  3518  2064    6.372    1.577    3.887
47836  3436  2198      NaN    1.403    3.629
47837  3471  2161      NaN    0.000    0.000
47838  3365  1995      NaN    0.000    0.000
47842  3176  2019      NaN    0.000    0.000
47843  3230  1939      NaN    0.000    0.000
47887  3673  1810      NaN    0.000    0.000
47890  3781  1761      NaN    0.000    0.000
47891  3815  1758      NaN    0.000    0.000
47892  3647  1879      NaN    0.000    0.000
47893  3759  1842      NaN    0.000    0.000
47895  3872  1786      NaN    0.000    0.000
47897  3663  1914    5.054    0.000    0.000
47898  3699  1937      NaN    0.000    0.000
47899  3830  1877      NaN    0.000    0.000
47909  3305  2422      NaN    2.068    3.758
47912  2579  2861      NaN    4.294    5.258
47917  2663  2864      NaN    0.000    0.000
47918  2708  2876      NaN    0.000    0.000
47927  2833  2823      NaN    0.000    0.000
47929  3003  2652      NaN    3.129    4.142
47936  3102  2667      NaN    0.000    0.000
47940  3133  2622      NaN    0.000    0.000
47942  3215  2528      NaN    2.552    4.219
47945  3499  2708      NaN    2.713    4.055
47971  4726  2566      NaN    0.000    0.000
48803   445  3081    5.059    2.687    5.281
48806   438  3212    1.555    2.526    4.277
48808   701  3062    4.957    2.206    4.610
48820   651  3245      NaN    0.000    0.000
48823   690  3312    5.096    0.000    0.000
48826   744  3271    4.341    2.265    4.729
48830   759  3156    4.902    2.161    4.242
48839   865  3346      NaN    0.000    0.000
48921   212  3178    2.964    3.361    3.906
48924   165  3243    5.113    3.319    3.897
48925   225  3284    3.495    4.090    4.571
48927   475  3314    4.063    2.387    3.584
50527  2213    89      NaN    0.000    0.000
50548  2657    91      NaN    1.697    8.568
50557  2827    94    5.062    0.713   10.226
50564  3064    64    5.103    2.342    7.106
50603  1884   150    3.514    0.723   11.590
50632  2456   139    4.042    2.561    7.032
50658  2900   219    5.432    0.000    0.000
50727  2234   318    6.228    1.452    7.965
50745  2680   294      NaN    0.000    0.000
50756  3021   288    5.370    3.494    6.387
50774  3238   257    6.087    1.613    5.403
50788  3583   311    5.994    3.339    5.984
50844  2624   404    5.093    0.939   11.648
50854  2836   406    5.392    1.555    9.194
50888  3606   414    5.854    2.687    6.313
50915  1901   503    3.982    0.813   11.426
50949  2786   552    4.414    3.232    6.816
50953  2999   477    4.797    2.687    7.542
50963  3219   453    6.550    0.774   10.123
50968  3133   537      NaN    0.000    0.000
50978  3466   527      NaN    0.000    0.000
50983  3693   475      NaN    0.000    0.000
52267   120   903      NaN    0.000    0.000
52378   266   968      NaN    0.000    0.000
52495   505  1037      NaN    0.000    0.000
52652    50  1240      NaN    0.000    0.000
52681   346  1274    3.183    0.800   11.316
52754    16  1420    5.675    1.919    5.068
52787   322  1435    3.899    2.426    4.897
52866   199  1500      NaN    0.000    0.000
52889   436  1563      NaN    0.000    0.000
52955    85  1616    4.189    1.635    5.784
52983   466  1584    3.802    2.061    7.316
52996   561  1638    4.552    1.961    6.090
53068  1345   712      NaN    0.981   13.068
53083  1586   604    3.655    0.629   10.958
53149  1136   837      NaN    0.674   11.268
53192  1675   671    3.790    0.819   11.587
53231   716   959      NaN    0.000    0.000
53276  1446   852      NaN    0.668   11.494
53336   955   946      NaN    0.610   10.874
53352  1170   931    4.050    0.500   10.858
53391  1569   908    4.451    0.745   10.532
53463  1310  1030      NaN    0.000    0.000
53480  1464  1005    4.650    1.300    8.197
53487  1494  1110      NaN    0.000    0.000
53502   645  1145      NaN    0.784   11.203
53513   830  1035      NaN    0.000    0.000
53529   895  1222      NaN    0.903    9.213
53543  1119  1140      NaN    0.000    0.000
53564  1250  1190      NaN    0.900    9.477
53588  1515  1239      NaN    2.552    5.316
53593  1632  1140      NaN    0.000    0.000
53614   695  1293    4.419    0.419    9.394
53646  1097  1315    4.592    1.071    8.929
53673  1423  1261      NaN    0.000    0.000
53698  1616  1341      NaN    0.000    0.000
53705   638  1403    1.838    0.445    9.529
53723   828  1367    3.996    0.610    8.687
53764  1244  1401      NaN    0.000    0.000
53772  1407  1369      NaN    0.000    0.000
53787  1455  1450    4.966    2.613    5.826
53798  1625  1450      NaN    0.000    0.000
53845  1065  1502    4.542    2.271    6.829
53863  1336  1453      NaN    0.000    0.000
53898  1614  1563    5.287    0.813    8.987
53915   748  1619      NaN    0.000    0.000
53923   856  1599      NaN    0.000    0.000
53959  1239  1675    3.872    1.129   10.529
53975  1390  1627      NaN    0.000    0.000
54012  1972   608    4.404    0.810   11.042
54026  2342   610      NaN    0.797   10.642
54027  2174   675    3.149    2.048    8.135
54049  2685   645    5.035    2.642    6.406
54094  3316   610      NaN    0.000    0.000
54096  3490   630      NaN    0.000    0.000
54102  1806   679    3.622    0.594   10.245
54115  2024   718    4.664    0.774    9.787
54135  2495   718      NaN    1.039    9.648
54157  2726   764    4.822    1.532    7.368
54161  2825   684      NaN    0.000    0.000
54186  3159   744      NaN    0.000    0.000
54208  1845   876    4.667    0.865    8.706
54218  2125   867      NaN    0.000    0.000
54226  2319   860    3.994    2.742    6.297
54236  2525   850    4.742    2.319    6.232
54259  2795   886    4.996    2.110    4.587
54273  2997   787    5.463    2.190    5.558
54292  3305   800    5.034    2.797    5.597
54308  1864   987    4.959    1.242    8.281
54311  1989   904      NaN    0.000    0.000
54324  2291   947    4.956    1.061    8.097
54337  2366   994      NaN    0.000    0.000
54342  2635   927    4.537    4.961    5.481
54346  2665   974      NaN    0.000    0.000
54374  3016   929    5.557    4.155    5.439
54377  2930   998    5.578    2.668    4.300
54386  3156   970    5.507    2.061    3.758
54401  1668  1033      NaN    0.000    0.000
54405  1737  1074      NaN    0.000    0.000
54423  2011  1011      NaN    0.000    0.000
54436  2123  1076    5.809    2.339    5.629
54471  2484  1046      NaN    0.000    0.000
54493  2777  1041    5.133    2.194    4.529
54497  2726  1115      NaN    0.000    0.000
54511  1825  1128      NaN    0.000    0.000
54527  1924  1222      NaN    0.000    0.000
54534  2028  1160      NaN    0.000    0.000
54539  2118  1184      NaN    0.000    0.000
54587  2601  1227      NaN    0.000    0.000
54602  1744  1250      NaN    0.000    0.000
54618  1855  1336      NaN    0.000    0.000
54662  2424  1244      NaN    0.000    0.000
54715  1856  1420      NaN    0.000    0.000
54725  1965  1401    4.264    2.010    6.445
54751  2321  1352      NaN    0.000    0.000
54753  2276  1388      NaN    0.000    0.000
54776  2542  1412      NaN    2.339    6.016
54808  1756  1543    5.598    1.281    9.310
54823  1911  1502    4.437    2.426    6.619
54826  1916  1541      NaN    0.000    0.000
54836  2034  1548      NaN    0.000    0.000
54843  2150  1483      NaN    0.000    0.000
54857  2278  1562      NaN    0.000    0.000
54863  2374  1483    4.702    2.139    6.177
54909  1744  1674    5.737    2.381    7.803
54916  1888  1618      NaN    0.000    0.000
54929  2011  1653    5.421    2.842    4.965
54945  2189  1632    5.196    0.000    0.000
56065   180  1711    5.609    1.606    4.190
56079   333  1840    6.425    1.839    4.555
56080   326  1681    5.378    1.665    4.890
56096   552  1860    4.610    0.000    0.000
56146     1  2060    4.718    1.868    4.787
56152    38  1985    4.918    1.913    4.113
56167   126  2131    4.828    2.103    4.752
56172   251  2028    6.029    1.977    4.181
56182   400  1944    6.658    2.023    3.500
56187   430  2163      NaN    0.000    0.000
56193   507  1970    3.904    2.645    3.700
56196   531  2079      NaN    0.000    0.000
56257    31  2241    4.551    2.042    5.413
56287   337  2243    5.929    2.094    5.281
56357    35  2347    4.006    2.148    4.774
56374   221  2235    4.345    1.329    2.777
56385   374  2295      NaN    1.465    4.000
56462   169  2353    2.998    1.316    3.361
56492   516  2375    4.852    1.471    7.674
56571   255  2476      NaN    0.000    0.000
56586   421  2540    4.945    2.329    4.413
56651    25  2596    4.786    1.271    4.432
56671   253  2616    5.480    2.439    8.071
56684   369  2642    4.879    2.384    6.177
56691   481  2592    4.919    2.516    5.506
56751    22  2723      NaN    2.919    4.797
56763   210  2719    0.005    2.494    7.690
56768   171  2799    0.921    3.119    5.639
56778   302  2799      NaN    0.000    0.000
56786   430  2736    4.643    2.306    5.926
56886   423  2853    4.467    2.329    4.900
56951    25  2919      NaN    3.584    4.671
56959    89  3137      NaN    0.000    0.000
56964   111  3051    4.713    2.945    4.713
56966   223  2958    0.005    2.548    5.013
56969   178  3193    1.381    4.248    5.119
56977   204  3068    5.186    4.845    5.861
56985   380  2982      NaN    0.000    0.000
57006   645  1728      NaN    0.000    0.000
57014   658  1730      NaN    0.000    0.000
57016   800  1754      NaN    0.000    0.000
57025   828  1735    4.568    1.287    7.932
57046  1130  1739    5.196    1.019    9.961
57067  1237  1787    5.085    0.942    8.674
57071  1394  1702    4.902    2.610    8.142
57083  1530  1713      NaN    0.000    0.000
57127   789  1898    4.647    0.000    0.000
57131  1005  1744      NaN    1.084    9.932
57178  1410  1901      NaN    0.000    0.000
57193  1627  1817    5.507    1.200    8.994
57237   901  2010    5.273    5.765    7.442
57245  1013  1937      NaN    0.000    0.000
57259  1207  2013    5.617    3.481    4.752
57265  1308  1974      NaN    0.000    0.000
57279  1420  2000    4.444    3.784    6.206
57290  1571  1905      NaN    0.000    0.000
57297  1575  2002      NaN    0.000    0.000
57306   669  2064      NaN    1.652    8.455
57328   841  2107      NaN    0.000    0.000
57348  1069  2127    5.461    3.829    6.952
57378  1408  2110      NaN    1.945    7.161
57399  1677  2108    4.160    2.248    4.610
57411   682  2151      NaN    0.000    0.000
57426   875  2164    4.141    1.784    8.642
57447  1061  2209    5.374    3.039    6.139
57461  1267  2163      NaN    0.000    0.000
57476  1362  2202      NaN    0.000    0.000
57494  1584  2172      NaN    0.000    0.000
57503   574  2284    4.817    2.842    7.242
57504   567  2288      NaN    0.000    0.000
57516   725  2288      NaN    0.000    0.000
57554  1140  2308    4.470    3.168    5.574
57584  1466  2310      NaN    0.000    0.000
57598  1634  2349    1.740    2.835    4.968
57602   610  2366      NaN    0.000    0.000
57604   604  2377    5.179    0.000    0.000
57633   983  2372    4.756    2.535    6.165
57655  1166  2413    4.847    2.419    7.477
57662  1310  2347      NaN    0.000    0.000
57687  1442  2439      NaN    0.000    0.000
57707   587  2543    5.871    2.577    4.665
57712   779  2495    3.836    2.423    6.587
57713   772  2499    4.553    2.132    6.429
57731   925  2471    5.045    2.261    6.477
57745  1086  2527    4.560    2.413    5.965
57766  1285  2551    4.477    2.735    6.932
57776  1423  2543      NaN    1.200    4.242
57793  1612  2487    5.113    0.000    0.000
57799  1677  2564      NaN    0.000    0.000
57816   755  2624      NaN    0.000    0.000
57832   972  2581    5.651    2.790    6.377
57845  1097  2670    4.616    1.535    4.494
57853  1192  2607    5.411    0.000    0.000
57866  1302  2663      NaN    0.000    0.000
57902   582  2752    4.926    2.694    6.010
57916   759  2752    4.265    2.410    6.065
57922   847  2708    5.485    1.194    3.861
57932   957  2693    3.849    2.916    5.523
57957  1155  2764    4.611    0.000    0.000
57972  1461  2711    5.130    3.771    6.732
57993  1681  2704    4.993    3.294    6.265
58027  1922  1761      NaN    0.000    0.000
58040  2144  1698      NaN    0.000    0.000
58102  1767  1806      NaN    0.000    0.000
58141  2133  1830    4.230    2.316    4.981
58144  2133  1838      NaN    0.000    0.000
58150  2269  1819    5.378    2.868    5.765
58203  1763  1920    4.101    3.306    5.335
58208  1750  1998    4.750    2.716    4.797
58221  1948  1914    4.943    2.513    6.155
58238  2118  2024    4.019    2.942    5.787
58251  2273  1922      NaN    0.000    0.000
58265  2420  2010    5.552    0.000    0.000
58314  1830  2084      NaN    0.000    0.000
58321  1939  2041    4.325    2.771    6.081
58338  2082  2112    4.531    3.197    5.897
58345  2183  2080      NaN    0.000    0.000
58362  2403  2082      NaN    0.000    0.000
58424  1911  2181      NaN    0.000    0.000
58437  2034  2226      NaN    1.681    3.555
58457  2260  2215      NaN    0.000    0.000
58472  2515  2159      NaN    0.000    0.000
58477  2478  2237    2.182    0.000    0.000
58506  1791  2288    5.258    1.365    3.952
58527  1927  2319      NaN    0.000    0.000
58543  2131  2284      NaN    0.000    0.000
58556  2332  2286      NaN    0.000    0.000
58569  2459  2331      NaN    0.000    0.000
58606  1784  2398    4.739    3.297    6.606
58633  2114  2357      NaN    0.000    0.000
58646  2232  2415    4.787    3.142    5.052
58660  2368  2370      NaN    0.000    0.000
58666  2452  2415      NaN    2.868    4.074
58715  1866  2512    5.157    2.723    5.206
58725  1957  2540    1.920    3.884    5.623
58730  2021  2491    2.247    1.555    3.639
58731  2077  2474    4.389    1.400    3.655
58752  2314  2489    4.742    0.000    0.000
58754  2263  2540      NaN    0.000    0.000
58813  1830  2594    4.789    2.971    6.065
58834  2034  2618      NaN    5.113    6.642
58847  2161  2680      NaN    0.000    0.000
58849  2234  2670      NaN    4.758    7.142
58853  2319  2577      NaN    0.000    0.000
58911  1834  2706    5.373    3.200    6.148
58921  1944  2693    5.697    0.000    0.000
58926  1950  2767      NaN    6.123    7.581
58931  2028  2721    4.416    1.935    4.210
58944  2217  2743      NaN    0.000    0.000
58968  2411  2797      NaN    0.000    0.000
58974  2472  2730      NaN    0.000    0.000
59007   568  2906    4.496    2.474    5.426
59023   901  2835    4.966    0.000    0.000
59046  1054  2874      NaN    0.000    0.000
59058  1179  2891    4.715    3.216    6.935
59072  1386  2823      NaN    0.000    0.000
59082  1524  2838    5.373    4.026    6.019
59087  1515  2926      NaN    0.000    0.000
59096  1623  2872    4.954    2.316    4.942
59102  1754  2807    4.577    2.190    5.003
59117  1806  2879      NaN    0.000    0.000
59134  2026  2859      NaN    0.000    0.000
59152  2349  2823      NaN    0.000    0.000
59158  2318  2896      NaN    0.000    0.000
59162  2437  2827      NaN    0.000    0.000
59209   667  2991    5.868    2.494    4.319
59211   740  2924    4.107    0.000    0.000
59254  1130  2980      NaN    0.000    0.000
59265  1267  2971    4.868    3.245    6.781
59278  1397  3019    6.167    0.000    0.000
59287  1494  3006      NaN    0.000    0.000
59293  1651  2935    4.169    2.810    5.426
59316  1870  2980      NaN    0.000    0.000
59348  2204  2995      NaN    2.203    4.435
59353  2331  2967      NaN    2.597    3.745
59358  2265  3025      NaN    0.000    0.000
59362  2422  2911      NaN    0.000    0.000
59368  2394  3014      NaN    0.000    0.000
59417   757  3096    4.274    5.403    6.594
59431   921  3066    4.922    2.287    4.519
59456  1226  3098    4.996    3.261    5.487
59493  1580  3075      NaN    0.000    0.000
59501  1722  3049      NaN    0.000    0.000
59554  2271  3068      NaN    0.000    0.000
59556  2342  3098      NaN    0.000    0.000
59559  2325  3137    3.373    1.994    4.200
59562  2370  3053      NaN    0.000    0.000
59567  2415  3133      NaN    0.000    0.000
59632   966  3143    4.578    0.000    0.000
59644  1020  3195      NaN    0.000    0.000
59658  1155  3232    1.256    3.019    4.435
59663  1341  3156    5.175    2.490    4.877
59673  1431  3167      NaN    0.000    0.000
59758  1149  3361      NaN    0.000    0.000
59792  1873  3286      NaN    0.000    0.000
