30949  1341    50    0.172    0.410    0.442
30967  1765    12    0.034    0.365    0.390
30978  2060    20    0.042    0.274    0.284
31583  3352    25    0.036    0.248    0.277
31587  3210    44    0.118    0.348    0.377
31594  3370    66    0.057    0.281    0.297
31618  3637   111    0.013    0.287    0.300
31624  3723    68    0.140    0.187    0.206
31632  3880     8    0.224    0.245    0.277
31636  3891    51    0.061    0.274    0.316
31655  4096    63      NaN    0.245    0.252
31702  3482   113    0.150    0.229    0.239
31703  3555   113    0.099    0.252    0.265
31707  3469   255    0.156    0.377    0.445
31710  3654   231    0.005    0.361    0.410
31713  3691   143    0.005    0.316    0.339
31725  3790   156    0.005    0.223    0.232
31733  4020   134      NaN    0.265    0.271
31735  3940   167    0.177    0.261    0.268
31754  4151   158    0.084    0.229    0.232
31770  4515   113      NaN    0.277    0.281
31786  3900   275    0.060    0.232    0.239
31788  3846   320    0.018    0.294    0.306
31792  3992   251    0.061    0.223    0.226
31801  4054   262    0.116    0.229    0.235
31823  4429   229      NaN    0.000    0.000
31825  4302   270    0.183    0.226    0.255
31829  4367   302      NaN    0.000    0.000
31832  3839   359    0.041    0.319    0.342
31845  3956   389    0.667    0.200    0.226
31866  4294   389    0.816    0.313    0.319
31873  3779   464    0.090    0.368    0.426
31878  3757   552    0.006    0.348    0.374
31884  3839   514    0.240    0.239    0.242
31909  4100   561    0.005    0.329    0.361
31913  3583   537      NaN    0.000    0.000
31915  3516   628    0.040    0.571    0.723
31917  3508   669    0.025    0.577    0.742
31921  3592   593      NaN    0.590    0.758
31924  3592   624    0.005    0.623    0.790
31931  3706   583    0.039    0.406    0.435
31935  3751   626    0.620    0.284    0.290
31939  3794   656    0.147    0.258    0.268
31958  3971   645    0.028    0.332    0.368
31959  4016   632      NaN    0.000    0.000
31960  3578   772      NaN    0.000    0.000
31961  3581   686    0.005    0.635    0.816
31969  3451   824      NaN    0.000    0.000
31977  3591   755      NaN    0.497    0.665
31981  3704   677    0.119    0.297    0.310
31987  3699   768    0.579    0.316    0.555
31989  3798   796      NaN    0.000    0.000
31994  3828   720    1.564    0.287    0.342
32088  4709   106      NaN    0.000    0.000
32098  4828    89      NaN    0.000    0.000
32099  5011   152      NaN    0.000    0.000
32121  4727   227      NaN    0.000    0.000
32128  4711   331      NaN    0.000    0.000
32133  4795   300    0.005    0.432    0.445
32150  4785   343    0.021    0.000    0.000
44230   225    50    0.006    0.387    0.413
44231    20    42    0.052    0.377    0.400
44232   303    70    0.040    0.381    0.410
44237   156   165    0.024    0.477    0.532
44239   399   135    0.011    0.310    0.319
44241   680   122    0.049    0.284    0.294
44256  1614    51    0.062    0.432    0.471
44259  1631   216    0.010    0.445    0.490
44282   165   287    0.050    0.590    0.735
44284    16   371    0.024    0.458    0.526
44285   311   348    0.064    0.555    0.655
44287    78   434    0.015    0.639    0.829
44288   313   419    0.167    0.639    0.894
44292   770   234      NaN    0.000    0.000
44294   839   303    0.015    0.313    0.323
44298   921   399    0.044    0.403    0.435
44302  1358   249    0.023    0.394    0.423
44304  1192   302    0.013    0.397    0.426
44305  1489   372    0.033    0.432    0.484
44313  2086   268    0.079    0.332    0.352
44314  1752   318    0.059    0.461    0.519
44317  1722   460    0.127    0.448    0.513
44336   438   511      NaN    0.674    0.952
44341   705   475    0.010    0.497    0.594
44347   596   626      NaN    0.687    0.968
44352  1386   479    0.066    0.452    0.503
44354  1134   572    0.039    0.603    0.752
44358  1334   703    0.074    0.603    0.800
44373   496   720      NaN    0.000    0.000
45004  1588  3102      NaN    0.000    0.000
45005  1588  3103      NaN    0.000    0.000
45007  1560  3102      NaN    0.000    0.000
45011  1520  3118      NaN    0.000    0.000
45013  1520  3118      NaN    0.000    0.000
45018  1520  3122      NaN    0.000    0.000
45020  1517  3116      NaN    0.000    0.000
45031  1618  3075      NaN    1.161    3.423
45032  1586  3077    0.309    0.977    3.445
45033  1603  3077      NaN    0.952    4.394
45034  1595  3083    2.241    2.452    2.952
45035  1567  3085      NaN    0.000    0.000
45036  1608  3085      NaN    0.000    0.000
45037  1590  3087      NaN    0.000    0.000
45038  1565  3092      NaN    0.000    0.000
45039  1591  3092      NaN    0.000    0.000
45040  1599  3094      NaN    0.000    0.000
45041  1597  3102      NaN    0.000    0.000
45042  1558  3103      NaN    0.000    0.000
45043  1588  3109      NaN    0.000    0.000
45044  1571  3115      NaN    0.000    0.000
45045  1603  3116      NaN    0.000    0.000
47003  3406   862      NaN    0.652    0.903
47005  3171   918    0.980    0.394    0.442
47008  3340   921      NaN    0.000    0.000
47014  3012   921    0.760    0.358    0.377
47016  3156   964      NaN    0.000    0.000
47020  2980  1013    0.986    0.584    0.723
47022  3154  1030    1.455    0.552    0.735
47025  3271  1046      NaN    0.774    1.342
47028  2794  1071      NaN    0.745    1.077
47031  3053  1080    0.944    0.558    0.658
47035  2732  1110      NaN    0.000    0.000
47037  2829  1123    1.663    0.816    1.190
47039  2941  1102    1.680    0.742    1.019
47041  3087  1128    1.616    0.790    1.087
47046  3158  1117    1.885    0.000    0.000
47050  2874  1164      NaN    0.865    1.316
47052  2986  1209    1.548    0.732    0.958
47055  3074  1212      NaN    0.568    0.910
47058  2889  1229      NaN    0.000    0.000
47060  2844  1265      NaN    0.000    0.000
47061  3158  1263    2.048    0.000    0.000
47065  2887  1287      NaN    0.000    0.000
47067  2973  1289    1.705    0.829    1.168
47068  2788  1328    1.778    1.000    1.477
47069  2879  1341      NaN    0.784    1.242
47070  2976  1349    1.994    0.745    1.235
47075  3057  1298    1.617    0.726    0.887
47090  3200  1317      NaN    0.000    0.000
47092  3212  1338    2.270    0.726    1.235
47095  3059  1328    1.939    0.797    1.100
47097  3079  1427    1.989    0.832    1.374
47098  3032  1356      NaN    0.000    0.000
47099  2997  1358      NaN    0.000    0.000
47100  3217  1380      NaN    0.848    1.174
47101  3107  1356      NaN    0.000    0.000
47102  2760  1349      NaN    0.581    0.945
47104  3232  1367    2.405    0.532    0.926
47105  3236  1373      NaN    0.000    0.000
47106  3262  1401      NaN    0.000    0.000
47108  3019  1394      NaN    0.000    0.000
47110  3001  1394      NaN    0.000    0.000
47112  2982  1403      NaN    0.000    0.000
47113  2962  1405      NaN    0.913    1.448
47114  3131  1420    2.285    0.000    0.000
47115  3464  1401      NaN    0.997    1.500
47119  3023  1427      NaN    0.000    0.000
47121  3187  1436    1.517    0.777    1.123
47127  3131  1461      NaN    0.000    0.000
47129  2969  1481    2.107    0.890    1.552
47130  3296  1459      NaN    0.000    0.000
47131  3074  1498      NaN    0.000    0.000
47133  3066  1528      NaN    0.000    0.000
47135  3135  1545    1.095    0.832    1.306
47136  3215  1506    2.621    0.710    1.332
47137  3154  1524    2.236    0.787    1.290
47138  3292  1565      NaN    0.000    0.000
47140  2997  1569      NaN    0.000    0.000
47143  3206  1582      NaN    0.000    0.000
47145  3038  1483    1.931    0.835    1.439
47146  3042  1590      NaN    0.000    0.000
47150  2975  1532      NaN    0.806    1.445
47151  3288  1614      NaN    0.000    0.000
47152  3284  1619      NaN    0.000    0.000
47154  3172  1556      NaN    0.000    0.000
47155  3200  1662      NaN    0.000    0.000
47156  3012  1662      NaN    0.000    0.000
47157  3126  1606    2.700    0.694    1.319
47159  3253  1670      NaN    0.000    0.000
47162  3186  1698      NaN    0.000    0.000
47163  2954  1683      NaN    0.000    0.000
47165  2956  1702      NaN    0.000    0.000
47167  3094  1700      NaN    0.000    0.000
47168  3107  1711      NaN    0.000    0.000
47169  2851  1716      NaN    0.794    1.323
47170  2991  1750      NaN    0.655    1.132
47171  3010  1619      NaN    0.000    0.000
47172  2991  1632      NaN    0.823    1.577
47173  3062  1636    2.681    0.729    1.268
47174  3051  1674      NaN    0.519    1.271
47175  2948  1741    1.867    0.713    1.429
47182  2969  1847      NaN    0.000    0.000
47184  2971  1849      NaN    0.000    0.000
47185  2930  1873      NaN    0.000    0.000
47188  3010  1862      NaN    0.761    1.000
47189  2975  1879      NaN    0.000    0.000
47192  3150  1659      NaN    0.000    0.000
47401  4670   514      NaN    0.000    0.000
47402  4770   568    0.510    0.526    0.539
47404  4671   632      NaN    0.000    0.000
47405  4813   608      NaN    0.500    0.532
47406  4664   679      NaN    0.000    0.000
47407  4746   701      NaN    0.000    0.000
47409  4961   671      NaN    0.684    0.755
47411  4595   764      NaN    0.000    0.000
47412  4630   778      NaN    0.000    0.000
47413  4681   761      NaN    0.519    0.555
47417  4841   794      NaN    0.000    0.000
47418  4972   787      NaN    0.000    0.000
47421  4505   807      NaN    0.384    0.432
47423  4591   862      NaN    0.000    0.000
47424  4655   828      NaN    0.000    0.000
47426  4793   878    0.798    0.000    0.000
47428  4494   912      NaN    0.000    0.000
47430  4565   918      NaN    0.000    0.000
47433  4565   796      NaN    0.000    0.000
47435  4856   634      NaN    0.000    0.000
47440  4852   863      NaN    0.000    0.000
47512  4673  1226    2.186    0.723    1.003
47520  4516  1261    1.434    0.552    0.674
47570  4472  1403      NaN    0.000    0.000
47574  4474  1048      NaN    0.761    0.919
47575  4567  1030      NaN    0.000    0.000
47576  4617   977    1.588    0.684    0.803
47581  4651  1061      NaN    0.000    0.000
47582  4492  1153      NaN    0.000    0.000
47584  4612  1155      NaN    0.000    0.000
47585  4701  1160    1.052    0.613    0.894
47587  4464  1242      NaN    0.000    0.000
47588  4520  1317      NaN    0.000    0.000
47590  4582  1315      NaN    0.000    0.000
47592  4627  1296      NaN    0.000    0.000
47595  4533  1371      NaN    0.000    0.000
47597  4505  1442      NaN    0.000    0.000
47598  4582  1463      NaN    0.000    0.000
47600  4134  1412      NaN    0.000    0.000
47602  4283  1341      NaN    0.000    0.000
47604  4375  1354      NaN    0.000    0.000
47605  4104  1504      NaN    0.000    0.000
47606  4151  1479      NaN    0.000    0.000
47607  4167  1489      NaN    0.000    0.000
47610  4279  1494      NaN    0.000    0.000
47612  4285  1446    1.543    0.455    0.561
47615  4466  1507      NaN    0.000    0.000
47616  4057  1563      NaN    0.000    0.000
47617  4173  1552      NaN    0.000    0.000
47618  4253  1541      NaN    0.000    0.000
47620  4270  1563      NaN    0.000    0.000
47622  4319  1530      NaN    0.000    0.000
47624  4376  1524      NaN    0.000    0.000
47626  4412  1552      NaN    0.000    0.000
47629  4533  1526      NaN    0.000    0.000
47631  4040  1608      NaN    0.000    0.000
47632  4119  1636      NaN    0.000    0.000
47636  4141  1662      NaN    0.000    0.000
47637  4236  1623      NaN    0.000    0.000
47638  4319  1606      NaN    0.000    0.000
47639  4339  1640      NaN    0.000    0.000
47640  4343  1625      NaN    0.000    0.000
47641  4376  1571      NaN    0.000    0.000
47648  4576  1599      NaN    0.000    0.000
47649  4050  1707      NaN    0.000    0.000
47651  4091  1711      NaN    0.000    0.000
47653  4156  1722      NaN    0.000    0.000
47654  4225  1713      NaN    0.000    0.000
47655  4281  1726      NaN    0.000    0.000
47656  4302  1683      NaN    0.000    0.000
47657  4362  1668      NaN    0.000    0.000
47662  4455  1604      NaN    0.000    0.000
47663  4055  1786      NaN    0.629    1.213
47666  4352  1726      NaN    0.000    0.000
47668  4380  1675      NaN    0.706    1.781
47670  4442  1632      NaN    0.000    0.000
47672  4466  1683      NaN    0.000    0.000
47674  4516  1664      NaN    1.032    2.310
47675  4410  1709      NaN    0.000    0.000
47677  4427  1780      NaN    0.790    1.710
47678  4457  1892    0.746    1.006    1.990
47682  4492  1614      NaN    0.000    0.000
47684  4098  1688      NaN    0.000    0.000
47690  4425  1487      NaN    0.642    0.910
47740  3734  1547      NaN    0.739    1.161
47741  3704  1631      NaN    0.000    0.000
47742  3723  1619      NaN    0.000    0.000
47744  3734  1632      NaN    0.000    0.000
47746  3835  1627      NaN    0.000    0.000
47747  3900  1621    2.471    0.877    1.374
47750  3956  1631      NaN    0.665    1.200
47754  3518  1746      NaN    0.000    0.000
47755  3592  1692      NaN    0.000    0.000
47756  3811  1674      NaN    0.000    0.000
47759  4003  1679      NaN    0.000    0.000
47761  4061  1649      NaN    0.000    0.000
47762  3466  1799      NaN    0.000    0.000
47765  3637  1748      NaN    0.000    0.000
47766  3647  1767      NaN    0.000    0.000
47767  3725  1743      NaN    0.000    0.000
47768  3800  1718      NaN    0.000    0.000
47769  3884  1700      NaN    0.000    0.000
47770  3945  1715      NaN    0.000    0.000
47772  3979  1716      NaN    0.000    0.000
47776  3910  1756      NaN    0.713    1.510
47777  3940  1767      NaN    0.000    0.000
47778  4007  1855      NaN    0.758    1.487
47780  4014  1715      NaN    0.000    0.000
47784  3523  1774      NaN    0.000    0.000
47800  3283  1771      NaN    0.000    0.000
47805  3311  1864      NaN    0.000    0.000
47807  3404  1840      NaN    0.000    0.000
47809  3439  1832      NaN    0.000    0.000
47812  3331  1886      NaN    0.000    0.000
47813  3395  1875      NaN    0.000    0.000
47814  3466  1870      NaN    0.000    0.000
47815  3542  1879      NaN    0.000    0.000
47817  3346  1935      NaN    0.000    0.000
47818  3391  1935      NaN    0.884    1.632
47819  3439  1926      NaN    0.000    0.000
47821  3480  1918    2.117    0.642    1.613
47822  3546  1952      NaN    0.000    0.000
47823  3383  2013      NaN    0.000    0.000
47824  3445  1993      NaN    0.000    0.000
47827  3423  2067      NaN    0.000    0.000
47829  3482  2047      NaN    0.000    0.000
47830  3520  2024      NaN    0.000    0.000
47831  3395  2099    2.899    0.855    1.790
47835  3518  2064    3.836    0.655    1.800
47836  3436  2198      NaN    0.865    2.042
47837  3471  2161      NaN    0.000    0.000
47838  3365  1995      NaN    0.000    0.000
47842  3176  2019      NaN    0.000    0.000
47843  3230  1939      NaN    0.000    0.000
47887  3673  1810      NaN    0.000    0.000
47890  3781  1761      NaN    0.000    0.000
47891  3815  1758      NaN    0.000    0.000
47892  3647  1879      NaN    0.000    0.000
47893  3759  1842      NaN    0.000    0.000
47895  3872  1786      NaN    0.000    0.000
47897  3663  1914    3.458    0.000    0.000
47898  3699  1937      NaN    0.000    0.000
47899  3830  1877      NaN    0.000    0.000
47909  3305  2422      NaN    1.045    2.223
47912  2579  2861      NaN    1.713    1.971
47917  2663  2864      NaN    0.000    0.000
47918  2708  2876      NaN    0.000    0.000
47927  2833  2823      NaN    0.000    0.000
47929  3003  2652      NaN    1.468    2.703
47936  3102  2667      NaN    0.000    0.000
47940  3133  2622      NaN    0.000    0.000
47942  3215  2528      NaN    1.403    2.323
47945  3499  2708      NaN    2.026    2.523
47971  4726  2566      NaN    0.000    0.000
48803   445  3081    3.094    1.265    2.732
48806   438  3212    1.172    1.732    3.065
48808   701  3062    3.997    1.161    3.300
48820   651  3245      NaN    0.000    0.000
48823   690  3312    3.136    0.819    1.839
48826   744  3271    3.291    0.958    3.971
48830   759  3156    4.071    1.045    3.597
48839   865  3346      NaN    0.000    0.000
48921   212  3178    3.239    2.006    3.045
48924   165  3243    4.564    2.645    3.487
48925   225  3284    1.318    2.000    3.361
48927   475  3314    4.028    1.742    3.055
50527  2213    89      NaN    0.000    0.000
50548  2657    91      NaN    0.384    0.423
50557  2827    94    0.082    0.374    0.406
50564  3064    64    0.087    0.361    0.394
50603  1884   150    0.039    0.390    0.423
50632  2456   139    0.005    0.190    0.194
50658  2900   219    0.107    0.000    0.000
50727  2234   318    0.328    0.258    0.268
50745  2680   294      NaN    0.000    0.000
50756  3021   288    0.192    0.426    0.490
50774  3238   257    0.817    0.316    0.390
50788  3583   311    0.168    0.445    0.510
50844  2624   404    0.476    0.587    0.829
50854  2836   406    0.403    0.532    0.723
50888  3606   414    0.369    0.465    0.558
50915  1901   503    0.300    0.510    0.616
50949  2786   552    0.412    0.594    0.839
50953  2999   477    0.477    0.526    0.719
50963  3219   453    0.333    0.510    0.652
50968  3133   537      NaN    0.000    0.000
50978  3466   527      NaN    0.000    0.000
50983  3693   475      NaN    0.000    0.000
52267   120   903      NaN    0.000    0.000
52378   266   968      NaN    0.000    0.000
52495   505  1037      NaN    0.000    0.000
52652    50  1240      NaN    0.000    0.000
52681   346  1274    1.094    0.806    1.906
52754    16  1420    1.602    0.919    1.561
52787   322  1435    1.459    0.852    1.539
52866   199  1500      NaN    0.000    0.000
52889   436  1563      NaN    0.000    0.000
52955    85  1616    1.671    0.948    2.006
52983   466  1584    1.658    0.829    1.555
52996   561  1638    1.692    0.906    1.352
53068  1345   712      NaN    0.677    0.961
53083  1586   604    0.015    0.474    0.539
53149  1136   837      NaN    0.726    1.245
53192  1675   671    0.005    0.487    0.568
53231   716   959      NaN    0.000    0.000
53276  1446   852      NaN    0.716    0.994
53336   955   946      NaN    0.745    1.319
53352  1170   931    0.334    0.706    1.103
53391  1569   908    0.596    0.687    0.919
53463  1310  1030      NaN    0.000    0.000
53480  1464  1005    0.879    0.739    1.097
53487  1494  1110      NaN    0.000    0.000
53502   645  1145      NaN    0.684    1.797
53513   830  1035      NaN    0.000    0.000
53529   895  1222      NaN    0.829    1.594
53543  1119  1140      NaN    0.000    0.000
53564  1250  1190      NaN    0.832    1.355
53588  1515  1239    0.175    0.890    1.310
53593  1632  1140      NaN    0.000    0.000
53614   695  1293    1.494    0.752    1.516
53646  1097  1315    1.265    0.877    1.503
53673  1423  1261      NaN    0.000    0.000
53698  1616  1341      NaN    0.000    0.000
53705   638  1403    1.596    0.877    1.645
53723   828  1367    1.220    0.887    1.571
53764  1244  1401      NaN    0.000    0.000
53772  1407  1369      NaN    0.000    0.000
53787  1455  1450    1.761    0.826    1.452
53798  1625  1450      NaN    0.000    0.000
53845  1065  1502    2.088    0.868    1.716
53863  1336  1453      NaN    0.000    0.000
53898  1614  1563    2.456    0.735    2.061
53915   748  1619      NaN    0.000    0.000
53923   856  1599      NaN    0.000    0.000
53959  1239  1675    2.074    0.732    1.829
53975  1390  1627      NaN    0.000    0.000
54012  1972   608    0.138    0.477    0.555
54026  2342   610      NaN    0.665    1.077
54027  2174   675    0.763    0.652    0.948
54049  2685   645    0.510    0.610    0.919
54094  3316   610      NaN    0.000    0.000
54096  3490   630      NaN    0.000    0.000
54102  1806   679    0.145    0.506    0.597
54115  2024   718    0.786    0.616    0.835
54135  2495   718      NaN    0.658    1.129
54157  2726   764    0.570    0.677    0.971
54161  2825   684      NaN    0.000    0.000
54186  3159   744      NaN    0.000    0.000
54208  1845   876    0.668    0.577    0.781
54218  2125   867      NaN    0.000    0.000
54226  2319   860    1.038    0.668    1.184
54236  2525   850    0.855    0.700    1.232
54259  2795   886    0.739    0.603    0.735
54273  2997   787    0.324    0.435    0.461
54292  3305   800    0.663    0.471    0.523
54308  1864   987    1.516    0.713    1.348
54311  1989   904      NaN    0.000    0.000
54324  2291   947    1.211    0.665    1.423
54337  2366   994      NaN    0.000    0.000
54342  2635   927    0.405    0.668    1.058
54346  2665   974      NaN    0.000    0.000
54374  3016   929    0.020    0.374    0.458
54377  2930   998    0.882    0.587    0.797
54386  3156   970    0.946    0.458    0.519
54401  1668  1033      NaN    0.000    0.000
54405  1737  1074      NaN    0.000    0.000
54423  2011  1011      NaN    0.000    0.000
54436  2123  1076    1.867    0.665    1.571
54471  2484  1046      NaN    0.000    0.000
54493  2777  1041    1.360    0.735    1.058
54497  2726  1115      NaN    0.000    0.000
54511  1825  1128      NaN    0.000    0.000
54527  1924  1222      NaN    0.000    0.000
54534  2028  1160      NaN    0.000    0.000
54539  2118  1184      NaN    0.000    0.000
54587  2601  1227      NaN    0.000    0.000
54602  1744  1250      NaN    0.000    0.000
54618  1855  1336      NaN    0.000    0.000
54662  2424  1244      NaN    0.000    0.000
54715  1856  1420      NaN    0.000    0.000
54725  1965  1401    2.285    0.597    1.790
54751  2321  1352      NaN    0.000    0.000
54753  2276  1388      NaN    0.000    0.000
54776  2542  1412      NaN    1.029    1.668
54808  1756  1543    2.759    0.661    1.900
54823  1911  1502    2.175    0.768    1.974
54826  1916  1541      NaN    0.000    0.000
54836  2034  1548      NaN    0.000    0.000
54843  2150  1483      NaN    0.000    0.000
54857  2278  1562      NaN    0.000    0.000
54863  2374  1483    2.223    0.910    1.803
54909  1744  1674    3.242    0.606    1.923
54916  1888  1618      NaN    0.000    0.000
54929  2011  1653    2.571    0.703    1.806
54945  2189  1632    2.339    0.000    0.000
56065   180  1711    1.400    0.816    1.171
56079   333  1840    2.134    1.142    1.665
56080   326  1681    2.006    1.026    1.629
56096   552  1860    2.198    0.000    0.000
56146     1  2060    2.108    1.258    2.119
56152    38  1985    1.923    1.274    1.881
56167   126  2131    2.187    1.142    2.442
56172   251  2028    1.339    1.232    2.119
56182   400  1944    2.937    1.303    1.842
56187   430  2163      NaN    0.810    1.797
56193   507  1970    1.490    0.868    1.181
56196   531  2079      NaN    0.000    0.000
56257    31  2241    2.293    1.016    2.448
56287   337  2243    3.414    1.206    1.790
56357    35  2347    2.641    1.061    2.358
56374   221  2235    1.803    0.855    2.068
56385   374  2295      NaN    1.487    1.829
56462   169  2353    1.201    0.468    2.332
56492   516  2375    2.176    1.065    2.594
56571   255  2476      NaN    0.000    0.000
56586   421  2540    1.847    1.303    1.684
56651    25  2596    3.984    0.548    3.000
56671   253  2616    3.491    0.877    2.826
56684   369  2642    3.775    1.477    2.410
56691   481  2592    1.972    1.406    1.958
56751    22  2723      NaN    0.974    2.319
56763   210  2719    0.005    0.958    2.281
56768   171  2799    0.869    1.213    2.200
56778   302  2799      NaN    0.000    0.000
56786   430  2736    2.393    1.316    2.045
56886   423  2853    2.484    1.626    2.206
56951    25  2919      NaN    1.877    2.603
56959    89  3137      NaN    0.000    0.000
56964   111  3051    3.753    1.748    2.613
56966   223  2958    0.289    1.290    2.365
56969   178  3193    2.358    2.135    3.365
56977   204  3068    3.034    2.119    2.952
56985   380  2982      NaN    0.000    0.000
57006   645  1728      NaN    0.000    0.000
57014   658  1730      NaN    0.000    0.000
57016   800  1754      NaN    0.000    0.000
57025   828  1735    2.986    0.787    1.674
57046  1130  1739    2.935    0.926    1.997
57067  1237  1787    2.381    0.758    1.648
57071  1394  1702    2.572    0.710    2.068
57083  1530  1713      NaN    0.000    0.000
57127   789  1898    2.784    0.000    0.000
57131  1005  1744      NaN    0.877    2.245
57178  1410  1901      NaN    0.000    0.000
57193  1627  1817    3.348    0.606    2.394
57237   901  2010    3.144    0.865    1.787
57245  1013  1937      NaN    0.000    0.000
57259  1207  2013    3.279    0.716    1.955
57265  1308  1974      NaN    0.000    0.000
57279  1420  2000    3.324    0.584    1.826
57290  1571  1905      NaN    0.000    0.000
57297  1575  2002      NaN    0.000    0.000
57306   669  2064      NaN    0.906    2.513
57328   841  2107      NaN    0.000    0.000
57348  1069  2127    2.975    0.871    1.948
57378  1408  2110      NaN    0.600    2.326
57399  1677  2108    2.933    0.552    2.300
57411   682  2151      NaN    0.000    0.000
57426   875  2164    2.388    0.984    2.245
57447  1061  2209    1.920    0.910    1.748
57461  1267  2163      NaN    0.000    0.000
57476  1362  2202      NaN    0.000    0.000
57494  1584  2172      NaN    0.000    0.000
57503   574  2284    2.093    0.794    2.132
57504   567  2288      NaN    0.000    0.000
57516   725  2288      NaN    0.000    0.000
57554  1140  2308    3.428    0.658    1.671
57584  1466  2310      NaN    0.000    0.000
57598  1634  2349    2.985    0.810    2.581
57602   610  2366      NaN    0.000    0.000
57604   604  2377    3.082    0.945    2.181
57633   983  2372    3.799    0.965    1.719
57655  1166  2413    3.691    0.787    2.339
57662  1310  2347      NaN    0.000    0.000
57687  1442  2439      NaN    0.000    0.000
57707   587  2543    1.701    1.168    1.619
57712   779  2495    0.074    0.881    1.503
57713   772  2499    0.024    1.077    1.665
57731   925  2471    0.924    1.081    1.874
57745  1086  2527    2.953    0.858    2.455
57766  1285  2551    3.296    0.919    2.987
57776  1423  2543    3.196    0.732    2.597
57793  1612  2487    3.614    0.000    0.000
57799  1677  2564      NaN    0.000    0.000
57816   755  2624      NaN    0.000    0.000
57832   972  2581    2.875    1.229    2.403
57845  1097  2670    3.662    0.813    2.468
57853  1192  2607    3.278    1.048    2.755
57866  1302  2663      NaN    0.000    0.000
57902   582  2752    1.368    1.519    1.900
57916   759  2752    2.913    1.148    2.342
57922   847  2708    3.555    1.003    2.174
57932   957  2693    2.675    1.048    2.426
57957  1155  2764    3.628    0.774    3.019
57972  1461  2711    3.723    0.903    2.932
57993  1681  2704    3.792    0.965    2.806
58027  1922  1761      NaN    0.000    0.000
58040  2144  1698      NaN    0.000    0.000
58102  1767  1806      NaN    0.000    0.000
58141  2133  1830    2.644    0.681    1.913
58144  2133  1838      NaN    0.000    0.000
58150  2269  1819    2.705    0.874    2.155
58203  1763  1920    3.302    0.529    1.774
58208  1750  1998    2.911    0.597    2.110
58221  1948  1914    3.005    0.684    1.945
58238  2118  2024    2.810    0.800    2.026
58251  2273  1922      NaN    0.000    0.000
58265  2420  2010    2.954    0.000    0.000
58314  1830  2084      NaN    0.000    0.000
58321  1939  2041    2.676    0.800    2.055
58338  2082  2112    2.878    0.861    2.219
58345  2183  2080      NaN    0.000    0.000
58362  2403  2082      NaN    0.000    0.000
58424  1911  2181      NaN    0.000    0.000
58437  2034  2226    4.338    0.639    2.094
58457  2260  2215      NaN    0.000    0.000
58472  2515  2159      NaN    0.000    0.000
58477  2478  2237    1.504    0.000    0.000
58506  1791  2288    1.752    0.700    2.868
58527  1927  2319      NaN    0.000    0.000
58543  2131  2284      NaN    0.000    0.000
58556  2332  2286      NaN    0.000    0.000
58569  2459  2331      NaN    0.000    0.000
58606  1784  2398    3.033    0.719    2.810
58633  2114  2357      NaN    0.000    0.000
58646  2232  2415    3.474    0.923    1.903
58660  2368  2370      NaN    0.000    0.000
58666  2452  2415      NaN    0.932    1.519
58715  1866  2512    3.639    0.810    2.665
58725  1957  2540    2.437    0.710    1.981
58730  2021  2491    3.279    0.732    2.100
58731  2077  2474    3.549    0.658    1.923
58752  2314  2489    3.226    0.000    0.000
58754  2263  2540      NaN    0.000    0.000
58813  1830  2594    3.631    0.887    2.561
58834  2034  2618      NaN    0.890    2.000
58847  2161  2680      NaN    0.000    0.000
58849  2234  2670      NaN    1.606    2.532
58853  2319  2577      NaN    0.000    0.000
58911  1834  2706    3.989    0.948    2.535
58921  1944  2693    4.209    0.000    0.000
58926  1950  2767      NaN    1.148    2.326
58931  2028  2721    3.930    0.990    2.268
58944  2217  2743    2.338    0.000    0.000
58968  2411  2797      NaN    0.000    0.000
58974  2472  2730      NaN    0.000    0.000
59007   568  2906    2.361    1.377    2.371
59023   901  2835    3.698    1.106    3.332
59046  1054  2874      NaN    0.000    0.000
59058  1179  2891    4.438    0.781    3.329
59072  1386  2823      NaN    0.000    0.000
59082  1524  2838    4.032    0.948    2.974
59087  1515  2926      NaN    0.000    0.000
59096  1623  2872    4.599    0.977    2.961
59102  1754  2807    3.767    0.906    2.594
59117  1806  2879      NaN    0.000    0.000
59134  2026  2859      NaN    0.000    0.000
59152  2349  2823      NaN    0.000    0.000
59158  2318  2896      NaN    0.000    0.000
59162  2437  2827      NaN    0.000    0.000
59209   667  2991    4.699    1.255    2.906
59211   740  2924    3.408    1.039    3.077
59254  1130  2980      NaN    0.000    0.000
59265  1267  2971    4.277    0.613    4.077
59278  1397  3019    4.159    0.000    0.000
59287  1494  3006      NaN    0.000    0.000
59293  1651  2935    3.553    0.845    3.384
59316  1870  2980      NaN    0.000    0.000
59348  2204  2995      NaN    1.155    3.913
59353  2331  2967    4.984    1.565    2.994
59358  2265  3025      NaN    0.000    0.000
59362  2422  2911      NaN    0.000    0.000
59368  2394  3014      NaN    0.000    0.000
59417   757  3096    3.861    1.371    3.248
59431   921  3066    3.872    0.813    3.916
59456  1226  3098    4.249    0.855    3.939
59493  1580  3075      NaN    0.000    0.000
59501  1722  3049      NaN    0.000    0.000
59554  2271  3068      NaN    0.000    0.000
59556  2342  3098      NaN    0.000    0.000
59559  2325  3137    1.093    1.787    2.797
59562  2370  3053      NaN    0.000    0.000
59567  2415  3133    0.280    0.000    0.000
59632   966  3143    3.738    0.845    4.029
59644  1020  3195      NaN    0.000    0.000
59658  1155  3232    0.404    1.261    3.397
59663  1341  3156    3.802    0.800    3.897
59673  1431  3167      NaN    0.000    0.000
59758  1149  3361      NaN    0.000    0.000
59792  1873  3286      NaN    0.000    0.000
