30949  1341    50    0.984    0.532    0.750
30967  1765    12    0.240    0.429    0.464
30978  2060    20    0.225    0.368    0.389
31583  3352    25    0.176    0.154    0.168
31587  3210    44    0.525    0.314    0.357
31594  3370    66    0.211    0.282    0.289
31618  3637   111    0.208    0.214    0.257
31624  3723    68    0.791    0.154    0.432
31632  3880     8    1.041    0.136    0.532
31636  3891    51    0.948    0.129    0.350
31655  4096    63      NaN    0.261    0.268
31702  3482   113    0.587    0.329    0.371
31703  3555   113    0.533    0.393    0.464
31707  3469   255    0.692    0.521    0.736
31710  3654   231    0.005    0.400    0.479
31713  3691   143    0.033    0.346    0.382
31725  3790   156    0.195    0.343    0.361
31733  4020   134      NaN    0.354    0.371
31735  3940   167    0.777    0.350    0.364
31754  4151   158    1.088    0.164    0.193
31770  4515   113      NaN    0.354    0.375
31786  3900   275    0.362    0.318    0.332
31788  3846   320    0.254    0.339    0.364
31792  3992   251    0.380    0.332    0.350
31801  4054   262    0.911    0.139    0.157
31823  4429   229      NaN    0.000    0.000
31825  4302   270    0.588    0.193    0.543
31829  4367   302      NaN    0.000    0.000
31832  3839   359    0.109    0.361    0.414
31845  3956   389    0.987    0.139    0.229
31866  4294   389    1.876    0.318    0.368
31873  3779   464    0.202    0.400    0.486
31878  3757   552    0.130    0.439    0.529
31884  3839   514    0.792    0.386    0.425
31909  4100   561    0.200    0.375    0.900
31913  3583   537      NaN    0.000    0.000
31915  3516   628    0.345    0.646    1.193
31917  3508   669    0.091    0.607    1.311
31921  3592   593      NaN    0.579    1.061
31924  3592   624    0.046    0.482    1.039
31931  3706   583    0.279    0.496    0.611
31935  3751   626    0.079    0.271    0.336
31939  3794   656    0.293    0.479    0.550
31958  3971   645    0.293    0.589    0.989
31959  4016   632      NaN    0.000    0.000
31960  3578   772      NaN    0.000    0.000
31961  3581   686    0.119    0.561    1.236
31969  3451   824      NaN    0.000    0.000
31977  3591   755      NaN    0.364    1.168
31981  3704   677    0.285    0.468    0.604
31987  3699   768    2.061    0.254    1.525
31989  3798   796      NaN    0.000    0.000
31994  3828   720    1.943    0.254    1.043
32088  4709   106      NaN    0.000    0.000
32098  4828    89      NaN    0.000    0.000
32099  5011   152      NaN    0.000    0.000
32121  4727   227      NaN    0.000    0.000
32128  4711   331      NaN    0.000    0.000
32133  4795   300    0.076    0.079    0.075
32150  4785   343    0.136    0.000    0.000
44230   225    50    0.205    0.539    0.621
44231    20    42    0.575    0.546    0.704
44232   303    70    0.723    0.589    0.704
44237   156   165    0.381    0.536    0.654
44239   399   135    0.237    0.446    0.486
44241   680   122    0.444    0.407    0.446
44256  1614    51    0.179    0.425    0.479
44259  1631   216    0.101    0.525    0.636
44282   165   287    0.920    0.625    1.057
44284    16   371    0.344    0.543    0.732
44285   311   348    0.461    0.461    0.664
44287    78   434    0.668    0.668    1.196
44288   313   419    0.910    0.579    0.971
44292   770   234      NaN    0.000    0.000
44294   839   303    0.095    0.443    0.514
44298   921   399    0.139    0.625    0.854
44302  1358   249    0.161    0.536    0.629
44304  1192   302    0.180    0.543    0.650
44305  1489   372    0.103    0.600    0.889
44313  2086   268    0.248    0.361    0.393
44314  1752   318    0.349    0.525    0.668
44317  1722   460    0.422    0.525    0.796
44336   438   511      NaN    0.714    1.639
44341   705   475    0.908    0.732    1.379
44347   596   626      NaN    0.682    1.668
44352  1386   479    0.629    0.707    1.200
44354  1134   572    0.326    0.679    1.318
44358  1334   703    0.991    0.586    1.521
44373   496   720      NaN    0.000    0.000
45004  1588  3102      NaN    0.000    0.000
45005  1588  3103      NaN    0.000    0.000
45007  1560  3102      NaN    0.000    0.000
45011  1520  3118      NaN    0.000    0.000
45013  1520  3118      NaN    0.000    0.000
45018  1520  3122      NaN    0.000    0.000
45020  1517  3116      NaN    0.000    0.000
45031  1618  3075      NaN    1.143    2.268
45032  1586  3077    0.048    1.618    3.450
45033  1603  3077      NaN    2.293    4.079
45034  1595  3083    1.182    1.504    2.075
45035  1567  3085      NaN    0.000    0.000
45036  1608  3085      NaN    0.000    0.000
45037  1590  3087      NaN    0.000    0.000
45038  1565  3092      NaN    0.000    0.000
45039  1591  3092      NaN    0.000    0.000
45040  1599  3094      NaN    0.000    0.000
45041  1597  3102      NaN    0.000    0.000
45042  1558  3103      NaN    0.000    0.000
45043  1588  3109      NaN    0.000    0.000
45044  1571  3115      NaN    0.000    0.000
45045  1603  3116      NaN    0.000    0.000
47003  3406   862      NaN    0.839    1.911
47005  3171   918    1.667    0.307    0.468
47008  3340   921      NaN    0.000    0.000
47014  3012   921    1.645    0.550    0.739
47016  3156   964      NaN    0.000    0.000
47020  2980  1013    1.712    0.371    0.786
47022  3154  1030    2.309    0.779    1.339
47025  3271  1046      NaN    0.536    1.243
47028  2794  1071      NaN    0.836    1.793
47031  3053  1080    2.320    0.657    1.075
47035  2732  1110      NaN    0.000    0.000
47037  2829  1123    3.263    0.861    1.861
47039  2941  1102    2.682    0.804    1.671
47041  3087  1128    2.851    0.814    1.700
47046  3158  1117    2.698    0.000    0.000
47050  2874  1164      NaN    0.736    1.661
47052  2986  1209    2.770    0.768    1.682
47055  3074  1212      NaN    0.532    1.671
47058  2889  1229      NaN    0.000    0.000
47060  2844  1265      NaN    0.000    0.000
47061  3158  1263    3.195    0.000    0.000
47065  2887  1287      NaN    0.000    0.000
47067  2973  1289    2.600    0.814    2.029
47068  2788  1328    3.358    0.982    1.996
47069  2879  1341      NaN    0.818    2.193
47070  2976  1349    2.919    0.618    1.871
47075  3057  1298    2.555    0.896    1.821
47090  3200  1317      NaN    0.000    0.000
47092  3212  1338    3.849    0.725    2.346
47095  3059  1328    3.420    0.843    2.050
47097  3079  1427    3.226    0.736    2.211
47098  3032  1356      NaN    0.000    0.000
47099  2997  1358      NaN    0.000    0.000
47100  3217  1380    2.059    1.021    1.829
47101  3107  1356      NaN    0.000    0.000
47102  2760  1349      NaN    0.361    1.218
47104  3232  1367    3.615    0.293    1.818
47105  3236  1373      NaN    0.000    0.000
47106  3262  1401      NaN    0.000    0.000
47108  3019  1394      NaN    0.000    0.000
47110  3001  1394      NaN    0.000    0.000
47112  2982  1403      NaN    0.000    0.000
47113  2962  1405      NaN    0.861    2.111
47114  3131  1420    3.642    0.000    0.000
47115  3464  1401      NaN    1.111    2.129
47119  3023  1427      NaN    0.000    0.000
47121  3187  1436    2.400    0.946    1.836
47127  3131  1461      NaN    0.000    0.000
47129  2969  1481    3.234    0.800    2.232
47130  3296  1459      NaN    0.000    0.000
47131  3074  1498      NaN    0.000    0.000
47133  3066  1528      NaN    0.000    0.000
47135  3135  1545    1.969    0.804    2.093
47136  3215  1506    3.913    0.789    2.232
47137  3154  1524    3.587    0.782    2.079
47138  3292  1565      NaN    0.000    0.000
47140  2997  1569      NaN    0.000    0.000
47143  3206  1582      NaN    0.000    0.000
47145  3038  1483    3.493    0.775    2.211
47146  3042  1590      NaN    0.000    0.000
47150  2975  1532      NaN    0.764    2.264
47151  3288  1614      NaN    0.000    0.000
47152  3284  1619      NaN    0.000    0.000
47154  3172  1556      NaN    0.000    0.000
47155  3200  1662      NaN    0.000    0.000
47156  3012  1662      NaN    0.000    0.000
47157  3126  1606    4.029    0.707    2.200
47159  3253  1670      NaN    0.000    0.000
47162  3186  1698      NaN    0.000    0.000
47163  2954  1683      NaN    0.000    0.000
47165  2956  1702      NaN    0.000    0.000
47167  3094  1700      NaN    0.000    0.000
47168  3107  1711      NaN    0.000    0.000
47169  2851  1716      NaN    0.318    1.304
47170  2991  1750      NaN    0.768    1.600
47171  3010  1619      NaN    0.000    0.000
47172  2991  1632      NaN    0.818    2.132
47173  3062  1636    4.124    0.707    2.089
47174  3051  1674      NaN    0.289    1.889
47175  2948  1741    2.513    0.354    1.843
47182  2969  1847      NaN    0.000    0.000
47184  2971  1849      NaN    0.000    0.000
47185  2930  1873      NaN    0.000    0.000
47188  3010  1862      NaN    0.354    1.250
47189  2975  1879      NaN    0.000    0.000
47192  3150  1659      NaN    0.000    0.000
47401  4670   514      NaN    0.000    0.000
47402  4770   568    1.267    0.246    0.257
47404  4671   632      NaN    0.000    0.000
47405  4813   608      NaN    0.254    0.271
47406  4664   679      NaN    0.000    0.000
47407  4746   701      NaN    0.000    0.000
47409  4961   671      NaN    0.343    0.389
47411  4595   764      NaN    0.000    0.000
47412  4630   778      NaN    0.000    0.000
47413  4681   761      NaN    0.246    0.293
47417  4841   794      NaN    0.000    0.000
47418  4972   787      NaN    0.000    0.000
47421  4505   807      NaN    0.246    0.314
47423  4591   862      NaN    0.000    0.000
47424  4655   828      NaN    0.000    0.000
47426  4793   878    1.180    0.000    0.000
47428  4494   912      NaN    0.000    0.000
47430  4565   918      NaN    0.000    0.000
47433  4565   796      NaN    0.000    0.000
47435  4856   634      NaN    0.000    0.000
47440  4852   863      NaN    0.000    0.000
47512  4673  1226    3.335    0.307    1.236
47520  4516  1261    0.632    0.289    0.350
47570  4472  1403      NaN    0.000    0.000
47574  4474  1048      NaN    0.371    0.707
47575  4567  1030      NaN    0.000    0.000
47576  4617   977    1.679    0.129    0.211
47581  4651  1061      NaN    0.000    0.000
47582  4492  1153      NaN    0.000    0.000
47584  4612  1155      NaN    0.000    0.000
47585  4701  1160    2.030    0.257    1.257
47587  4464  1242      NaN    0.000    0.000
47588  4520  1317      NaN    0.000    0.000
47590  4582  1315      NaN    0.000    0.000
47592  4627  1296      NaN    0.000    0.000
47595  4533  1371      NaN    0.000    0.000
47597  4505  1442      NaN    0.000    0.000
47598  4582  1463      NaN    0.000    0.000
47600  4134  1412      NaN    0.000    0.000
47602  4283  1341      NaN    0.000    0.000
47604  4375  1354      NaN    0.000    0.000
47605  4104  1504      NaN    0.000    0.000
47606  4151  1479      NaN    0.000    0.000
47607  4167  1489      NaN    0.000    0.000
47610  4279  1494      NaN    0.000    0.000
47612  4285  1446    0.675    0.254    0.232
47615  4466  1507      NaN    0.000    0.000
47616  4057  1563      NaN    0.000    0.000
47617  4173  1552      NaN    0.000    0.000
47618  4253  1541      NaN    0.000    0.000
47620  4270  1563      NaN    0.000    0.000
47622  4319  1530      NaN    0.000    0.000
47624  4376  1524      NaN    0.000    0.000
47626  4412  1552      NaN    0.000    0.000
47629  4533  1526      NaN    0.000    0.000
47631  4040  1608      NaN    0.000    0.000
47632  4119  1636      NaN    0.000    0.000
47636  4141  1662      NaN    0.000    0.000
47637  4236  1623      NaN    0.000    0.000
47638  4319  1606      NaN    0.000    0.000
47639  4339  1640      NaN    0.000    0.000
47640  4343  1625      NaN    0.000    0.000
47641  4376  1571      NaN    0.000    0.000
47648  4576  1599      NaN    0.000    0.000
47649  4050  1707      NaN    0.000    0.000
47651  4091  1711      NaN    0.000    0.000
47653  4156  1722      NaN    0.000    0.000
47654  4225  1713      NaN    0.000    0.000
47655  4281  1726      NaN    0.000    0.000
47656  4302  1683      NaN    0.000    0.000
47657  4362  1668      NaN    0.000    0.000
47662  4455  1604      NaN    0.000    0.000
47663  4055  1786      NaN    0.361    1.229
47666  4352  1726      NaN    0.000    0.000
47668  4380  1675      NaN    0.446    2.507
47670  4442  1632      NaN    0.000    0.000
47672  4466  1683      NaN    0.000    0.000
47674  4516  1664      NaN    0.746    1.904
47675  4410  1709      NaN    0.000    0.000
47677  4427  1780      NaN    0.575    1.686
47678  4457  1892    3.567    0.911    2.654
47682  4492  1614      NaN    0.000    0.000
47684  4098  1688      NaN    0.000    0.000
47690  4425  1487      NaN    0.400    0.757
47740  3734  1547      NaN    0.482    1.357
47741  3704  1631      NaN    0.000    0.000
47742  3723  1619      NaN    0.000    0.000
47744  3734  1632      NaN    0.000    0.000
47746  3835  1627      NaN    0.000    0.000
47747  3900  1621    3.241    0.868    1.471
47750  3956  1631      NaN    0.454    1.364
47754  3518  1746      NaN    0.000    0.000
47755  3592  1692      NaN    0.000    0.000
47756  3811  1674      NaN    0.000    0.000
47759  4003  1679      NaN    0.000    0.000
47761  4061  1649      NaN    0.000    0.000
47762  3466  1799      NaN    0.000    0.000
47765  3637  1748      NaN    0.000    0.000
47766  3647  1767      NaN    0.000    0.000
47767  3725  1743      NaN    0.000    0.000
47768  3800  1718      NaN    0.000    0.000
47769  3884  1700      NaN    0.000    0.000
47770  3945  1715      NaN    0.000    0.000
47772  3979  1716      NaN    0.000    0.000
47776  3910  1756      NaN    0.404    1.832
47777  3940  1767      NaN    0.000    0.000
47778  4007  1855      NaN    0.546    1.443
47780  4014  1715      NaN    0.000    0.000
47784  3523  1774      NaN    0.000    0.000
47800  3283  1771      NaN    0.000    0.000
47805  3311  1864      NaN    0.000    0.000
47807  3404  1840      NaN    0.000    0.000
47809  3439  1832      NaN    0.000    0.000
47812  3331  1886      NaN    0.000    0.000
47813  3395  1875      NaN    0.000    0.000
47814  3466  1870      NaN    0.000    0.000
47815  3542  1879      NaN    0.000    0.000
47817  3346  1935      NaN    0.000    0.000
47818  3391  1935    3.684    0.886    1.571
47819  3439  1926      NaN    0.000    0.000
47821  3480  1918    2.224    0.429    1.546
47822  3546  1952      NaN    0.000    0.000
47823  3383  2013      NaN    0.000    0.000
47824  3445  1993      NaN    0.000    0.000
47827  3423  2067      NaN    0.000    0.000
47829  3482  2047      NaN    0.000    0.000
47830  3520  2024      NaN    0.000    0.000
47831  3395  2099    3.723    0.779    1.843
47835  3518  2064    5.671    0.543    2.443
47836  3436  2198      NaN    0.921    2.086
47837  3471  2161      NaN    0.000    0.000
47838  3365  1995      NaN    0.000    0.000
47842  3176  2019      NaN    0.000    0.000
47843  3230  1939      NaN    0.000    0.000
47887  3673  1810      NaN    0.000    0.000
47890  3781  1761      NaN    0.000    0.000
47891  3815  1758      NaN    0.000    0.000
47892  3647  1879      NaN    0.000    0.000
47893  3759  1842      NaN    0.000    0.000
47895  3872  1786      NaN    0.000    0.000
47897  3663  1914    4.536    0.000    0.000
47898  3699  1937      NaN    0.000    0.000
47899  3830  1877      NaN    0.000    0.000
47909  3305  2422      NaN    0.664    2.196
47912  2579  2861      NaN    1.682    2.354
47917  2663  2864      NaN    0.000    0.000
47918  2708  2876      NaN    0.000    0.000
47927  2833  2823      NaN    0.000    0.000
47929  3003  2652      NaN    1.846    2.989
47936  3102  2667      NaN    0.000    0.000
47940  3133  2622      NaN    0.000    0.000
47942  3215  2528      NaN    1.282    2.739
47945  3499  2708      NaN    1.264    2.857
47971  4726  2566      NaN    0.000    0.000
48803   445  3081    3.286    1.679    4.989
48806   438  3212    1.035    1.675    4.611
48808   701  3062    3.173    1.479    3.193
48820   651  3245      NaN    0.000    0.000
48823   690  3312    1.711    0.000    0.000
48826   744  3271    1.698    2.093    5.261
48830   759  3156    2.498    1.682    4.096
48839   865  3346      NaN    0.000    0.000
48921   212  3178    4.364    2.796    4.039
48924   165  3243    6.001    3.786    4.579
48925   225  3284    2.051    1.868    5.957
48927   475  3314    3.539    1.736    5.221
50527  2213    89      NaN    0.000    0.000
50548  2657    91      NaN    0.464    0.754
50557  2827    94    0.527    0.461    0.557
50564  3064    64    0.368    0.396    0.468
50603  1884   150    0.282    0.525    0.661
50632  2456   139    0.157    0.407    0.543
50658  2900   219    0.417    0.000    0.000
50727  2234   318    1.164    0.346    0.379
50745  2680   294      NaN    0.000    0.000
50756  3021   288    0.653    0.554    0.764
50774  3238   257    1.859    0.207    0.693
50788  3583   311    0.818    0.518    0.700
50844  2624   404    1.536    0.686    1.454
50854  2836   406    1.356    0.675    1.350
50888  3606   414    0.893    0.582    0.918
50915  1901   503    1.149    0.654    1.036
50949  2786   552    1.719    0.686    1.561
50953  2999   477    1.444    0.739    1.404
50963  3219   453    0.961    0.686    1.196
50968  3133   537      NaN    0.000    0.000
50978  3466   527      NaN    0.000    0.000
50983  3693   475      NaN    0.000    0.000
52267   120   903      NaN    0.000    0.000
52378   266   968      NaN    0.000    0.000
52495   505  1037      NaN    0.000    0.000
52652    50  1240      NaN    0.000    0.000
52681   346  1274    2.288    0.511    2.621
52754    16  1420    2.458    1.150    2.304
52787   322  1435    2.605    0.989    2.179
52866   199  1500      NaN    0.000    0.000
52889   436  1563      NaN    0.000    0.000
52955    85  1616    2.426    1.029    2.668
52983   466  1584    2.431    0.829    1.832
52996   561  1638    1.718    0.996    1.546
53068  1345   712      NaN    0.625    1.671
53083  1586   604    0.182    0.554    0.896
53149  1136   837      NaN    0.543    2.004
53192  1675   671    0.095    0.550    0.904
53231   716   959      NaN    0.000    0.000
53276  1446   852      NaN    0.589    1.750
53336   955   946      NaN    0.536    2.196
53352  1170   931    1.957    0.604    1.979
53391  1569   908    2.023    0.704    1.739
53463  1310  1030      NaN    0.000    0.000
53480  1464  1005    2.639    0.754    2.175
53487  1494  1110      NaN    0.000    0.000
53502   645  1145      NaN    0.375    2.411
53513   830  1035      NaN    0.000    0.000
53529   895  1222      NaN    0.596    2.379
53543  1119  1140      NaN    0.000    0.000
53564  1250  1190      NaN    0.729    2.450
53588  1515  1239    0.775    0.839    2.486
53593  1632  1140      NaN    0.000    0.000
53614   695  1293    2.710    0.568    2.739
53646  1097  1315    2.637    0.675    2.371
53673  1423  1261      NaN    0.000    0.000
53698  1616  1341      NaN    0.000    0.000
53705   638  1403    2.685    0.643    2.471
53723   828  1367    2.443    0.736    2.418
53764  1244  1401      NaN    0.000    0.000
53772  1407  1369      NaN    0.000    0.000
53787  1455  1450    3.167    0.711    2.564
53798  1625  1450      NaN    0.000    0.000
53845  1065  1502    3.284    0.750    2.707
53863  1336  1453      NaN    0.000    0.000
53898  1614  1563    3.597    0.307    3.554
53915   748  1619      NaN    0.000    0.000
53923   856  1599      NaN    0.000    0.000
53959  1239  1675    3.109    0.436    2.671
53975  1390  1627      NaN    0.000    0.000
54012  1972   608    0.757    0.600    0.918
54026  2342   610      NaN    0.636    1.600
54027  2174   675    2.095    0.668    1.514
54049  2685   645    1.490    0.675    1.486
54094  3316   610      NaN    0.000    0.000
54096  3490   630      NaN    0.000    0.000
54102  1806   679    1.173    0.675    1.114
54115  2024   718    2.035    0.693    1.493
54135  2495   718      NaN    0.689    1.704
54157  2726   764    1.830    0.704    1.389
54161  2825   684      NaN    0.000    0.000
54186  3159   744      NaN    0.000    0.000
54208  1845   876    2.035    0.725    1.614
54218  2125   867      NaN    0.000    0.000
54226  2319   860    2.309    0.618    1.804
54236  2525   850    2.072    0.625    1.550
54259  2795   886    1.799    0.668    1.218
54273  2997   787    0.975    0.614    0.875
54292  3305   800    2.244    0.679    1.407
54308  1864   987    2.849    0.600    2.396
54311  1989   904      NaN    0.000    0.000
54324  2291   947    2.748    0.525    2.182
54337  2366   994      NaN    0.000    0.000
54342  2635   927    1.884    0.711    1.743
54346  2665   974      NaN    0.000    0.000
54374  3016   929    0.395    0.279    0.850
54377  2930   998    2.186    0.721    1.568
54386  3156   970    1.577    0.625    1.054
54401  1668  1033      NaN    0.000    0.000
54405  1737  1074      NaN    0.000    0.000
54423  2011  1011      NaN    0.000    0.000
54436  2123  1076    3.491    0.554    2.586
54471  2484  1046      NaN    0.000    0.000
54493  2777  1041    2.746    0.861    1.807
54497  2726  1115      NaN    0.000    0.000
54511  1825  1128      NaN    0.000    0.000
54527  1924  1222      NaN    0.000    0.000
54534  2028  1160      NaN    0.000    0.000
54539  2118  1184      NaN    0.000    0.000
54587  2601  1227      NaN    0.000    0.000
54602  1744  1250      NaN    0.000    0.000
54618  1855  1336      NaN    0.000    0.000
54662  2424  1244      NaN    0.000    0.000
54715  1856  1420      NaN    0.000    0.000
54725  1965  1401    3.687    0.357    3.014
54751  2321  1352      NaN    0.000    0.000
54753  2276  1388      NaN    0.000    0.000
54776  2542  1412      NaN    0.925    2.043
54808  1756  1543    3.838    0.382    3.064
54823  1911  1502    3.741    0.461    2.904
54826  1916  1541      NaN    0.000    0.000
54836  2034  1548      NaN    0.000    0.000
54843  2150  1483      NaN    0.000    0.000
54857  2278  1562      NaN    0.000    0.000
54863  2374  1483    3.330    0.711    2.104
54909  1744  1674    4.217    0.314    3.189
54916  1888  1618      NaN    0.000    0.000
54929  2011  1653    3.612    0.536    2.532
54945  2189  1632    3.587    0.000    0.000
56065   180  1711    1.498    0.907    1.479
56079   333  1840    2.621    1.364    2.818
56080   326  1681    2.716    1.200    1.946
56096   552  1860    2.489    0.000    0.000
56146     1  2060    2.881    1.075    3.679
56152    38  1985    2.617    1.239    3.268
56167   126  2131    2.899    0.939    4.279
56172   251  2028    1.685    0.839    4.214
56182   400  1944    3.428    1.386    3.425
56187   430  2163      NaN    0.000    0.000
56193   507  1970    0.796    0.946    1.264
56196   531  2079      NaN    0.000    0.000
56257    31  2241    3.297    1.318    4.057
56287   337  2243    5.387    1.325    2.989
56357    35  2347    3.776    1.757    4.311
56374   221  2235    1.172    0.361    4.207
56385   374  2295    3.497    0.936    2.286
56462   169  2353    1.542    0.393    3.179
56492   516  2375    2.690    0.707    4.732
56571   255  2476      NaN    0.000    0.000
56586   421  2540    4.343    1.225    6.957
56651    25  2596    5.087    0.286    4.671
56671   253  2616    5.150    0.429   10.179
56684   369  2642    5.404    0.736    8.557
56691   481  2592    4.893    1.171    8.225
56751    22  2723      NaN    1.193    6.493
56763   210  2719    0.005    0.329    8.843
56768   171  2799    0.882    0.786    4.386
56778   302  2799      NaN    0.000    0.000
56786   430  2736    4.850    0.775    7.275
56886   423  2853    4.847    1.536    6.814
56951    25  2919      NaN    3.232    4.546
56959    89  3137      NaN    0.000    0.000
56964   111  3051    5.803    1.179    8.143
56966   223  2958    0.101    1.032    8.068
56969   178  3193    3.210    2.004    5.757
56977   204  3068    6.017    3.825    5.243
56985   380  2982      NaN    0.000    0.000
57006   645  1728      NaN    0.000    0.000
57014   658  1730      NaN    0.000    0.000
57016   800  1754      NaN    0.000    0.000
57025   828  1735    3.344    0.639    1.929
57046  1130  1739    3.475    0.561    2.696
57067  1237  1787    3.143    0.668    2.411
57071  1394  1702    3.298    0.293    3.350
57083  1530  1713      NaN    0.000    0.000
57127   789  1898    3.394    0.000    0.000
57131  1005  1744      NaN    0.379    2.907
57178  1410  1901      NaN    0.000    0.000
57193  1627  1817    4.003    0.311    3.975
57237   901  2010    3.123    0.946    2.861
57245  1013  1937      NaN    0.000    0.000
57259  1207  2013    3.640    0.461    2.496
57265  1308  1974      NaN    0.000    0.000
57279  1420  2000    3.926    0.668    2.871
57290  1571  1905      NaN    0.000    0.000
57297  1575  2002      NaN    0.000    0.000
57306   669  2064      NaN    0.850    3.350
57328   841  2107      NaN    0.000    0.000
57348  1069  2127    3.660    0.829    2.871
57378  1408  2110      NaN    0.436    3.757
57399  1677  2108    4.205    0.571    2.700
57411   682  2151      NaN    0.000    0.000
57426   875  2164    4.779    0.979    3.032
57447  1061  2209    3.647    1.043    2.561
57461  1267  2163      NaN    0.000    0.000
57476  1362  2202      NaN    0.000    0.000
57494  1584  2172      NaN    0.000    0.000
57503   574  2284    2.385    0.618    4.946
57504   567  2288      NaN    0.000    0.000
57516   725  2288      NaN    0.000    0.000
57554  1140  2308    3.832    0.357    2.029
57584  1466  2310      NaN    0.000    0.000
57598  1634  2349    2.699    0.754    1.871
57602   610  2366      NaN    0.000    0.000
57604   604  2377    4.311    0.000    0.000
57633   983  2372    2.802    1.175    2.086
57655  1166  2413    4.066    0.911    2.229
57662  1310  2347      NaN    0.000    0.000
57687  1442  2439      NaN    0.000    0.000
57707   587  2543    2.083    1.725    4.482
57712   779  2495    0.949    1.539    2.671
57713   772  2499    0.955    1.811    2.946
57731   925  2471    1.098    1.200    2.104
57745  1086  2527    3.310    1.007    2.336
57766  1285  2551    2.634    1.043    2.125
57776  1423  2543    0.557    0.443    1.396
57793  1612  2487    4.231    0.000    0.000
57799  1677  2564      NaN    0.000    0.000
57816   755  2624      NaN    0.000    0.000
57832   972  2581    0.782    1.314    2.146
57845  1097  2670    1.226    0.571    1.357
57853  1192  2607    1.261    0.000    0.000
57866  1302  2663      NaN    0.000    0.000
57902   582  2752    3.770    1.704    4.286
57916   759  2752    1.143    1.504    2.457
57922   847  2708    0.779    0.711    1.368
57932   957  2693    0.624    1.396    2.039
57957  1155  2764    0.489    0.000    0.000
57972  1461  2711    1.477    1.507    2.439
57993  1681  2704    3.293    1.482    2.521
58027  1922  1761      NaN    0.000    0.000
58040  2144  1698      NaN    0.000    0.000
58102  1767  1806      NaN    0.000    0.000
58141  2133  1830    3.815    0.511    2.314
58144  2133  1838      NaN    0.000    0.000
58150  2269  1819    3.777    0.511    2.064
58203  1763  1920    4.219    0.596    1.836
58208  1750  1998    3.706    0.607    2.818
58221  1948  1914    4.443    0.607    2.529
58238  2118  2024    3.397    0.739    2.179
58251  2273  1922      NaN    0.000    0.000
58265  2420  2010    3.690    0.000    0.000
58314  1830  2084      NaN    0.000    0.000
58321  1939  2041    3.823    0.807    2.336
58338  2082  2112    3.653    0.843    2.021
58345  2183  2080      NaN    0.000    0.000
58362  2403  2082      NaN    0.000    0.000
58424  1911  2181      NaN    0.000    0.000
58437  2034  2226    5.441    0.329    1.779
58457  2260  2215      NaN    0.000    0.000
58472  2515  2159      NaN    0.000    0.000
58477  2478  2237    1.142    0.000    0.000
58506  1791  2288    2.305    0.414    1.879
58527  1927  2319      NaN    0.000    0.000
58543  2131  2284      NaN    0.000    0.000
58556  2332  2286      NaN    0.000    0.000
58569  2459  2331      NaN    0.000    0.000
58606  1784  2398    2.891    0.836    2.507
58633  2114  2357      NaN    0.000    0.000
58646  2232  2415    4.336    1.100    1.982
58660  2368  2370      NaN    0.000    0.000
58666  2452  2415      NaN    0.586    1.575
58715  1866  2512    2.304    1.086    2.621
58725  1957  2540    1.820    0.496    1.350
58730  2021  2491    3.990    0.514    1.661
58731  2077  2474    4.395    0.486    1.625
58752  2314  2489    4.406    0.000    0.000
58754  2263  2540      NaN    0.000    0.000
58813  1830  2594    3.056    1.150    2.186
58834  2034  2618      NaN    0.557    1.211
58847  2161  2680      NaN    0.000    0.000
58849  2234  2670      NaN    1.796    2.118
58853  2319  2577      NaN    0.000    0.000
58911  1834  2706    3.175    1.154    2.254
58921  1944  2693    3.895    0.000    0.000
58926  1950  2767      NaN    1.561    2.129
58931  2028  2721    1.588    1.386    2.075
58944  2217  2743    1.843    0.000    0.000
58968  2411  2797      NaN    0.000    0.000
58974  2472  2730      NaN    0.000    0.000
59007   568  2906    3.599    1.800    5.200
59023   901  2835    0.562    0.000    0.000
59046  1054  2874      NaN    0.000    0.000
59058  1179  2891    0.849    1.386    3.025
59072  1386  2823      NaN    0.000    0.000
59082  1524  2838    2.398    0.579    1.736
59087  1515  2926      NaN    0.000    0.000
59096  1623  2872    2.693    1.257    2.489
59102  1754  2807    3.268    0.979    2.407
59117  1806  2879      NaN    0.000    0.000
59134  2026  2859      NaN    0.000    0.000
59152  2349  2823      NaN    0.000    0.000
59158  2318  2896      NaN    0.000    0.000
59162  2437  2827      NaN    0.000    0.000
59209   667  2991    4.052    1.246    2.786
59211   740  2924    2.182    0.000    0.000
59254  1130  2980      NaN    0.000    0.000
59265  1267  2971    2.252    1.589    5.482
59278  1397  3019    2.532    0.000    0.000
59287  1494  3006      NaN    0.000    0.000
59293  1651  2935    2.605    1.693    3.175
59316  1870  2980      NaN    0.000    0.000
59348  2204  2995      NaN    0.804    3.529
59353  2331  2967    6.591    1.504    3.657
59358  2265  3025      NaN    0.000    0.000
59362  2422  2911      NaN    0.000    0.000
59368  2394  3014      NaN    0.000    0.000
59417   757  3096    2.173    1.321    3.632
59431   921  3066    1.054    1.386    3.936
59456  1226  3098    2.576    1.782    4.096
59493  1580  3075      NaN    0.000    0.000
59501  1722  3049      NaN    0.000    0.000
59554  2271  3068      NaN    0.000    0.000
59556  2342  3098      NaN    0.000    0.000
59559  2325  3137    1.248    1.621    4.821
59562  2370  3053      NaN    0.000    0.000
59567  2415  3133    1.572    0.000    0.000
59632   966  3143    1.783    0.000    0.000
59644  1020  3195      NaN    0.000    0.000
59658  1155  3232    0.180    1.704    3.679
59663  1341  3156    1.936    1.729    3.650
59673  1431  3167      NaN    0.000    0.000
59758  1149  3361      NaN    0.000    0.000
59792  1873  3286      NaN    0.000    0.000
