30949  1341    50    1.775    0.661    2.571
30967  1765    12    1.754    0.613    2.784
30978  2060    20    1.575    0.548    2.990
31583  3352    25    0.823    0.177    0.884
31587  3210    44    2.019    0.642    1.919
31594  3370    66    0.686    0.606    1.700
31618  3637   111    1.502    0.190    1.103
31624  3723    68    1.912    0.174    1.126
31632  3880     8    2.095    0.177    1.032
31636  3891    51    2.611    0.194    1.074
31655  4096    63      NaN    0.645    1.726
31702  3482   113    1.692    0.452    1.597
31703  3555   113    1.306    0.500    1.661
31707  3469   255    2.545    0.571    2.516
31710  3654   231    0.252    0.532    2.513
31713  3691   143    0.674    0.535    1.981
31725  3790   156    0.579    0.555    2.342
31733  4020   134      NaN    0.706    1.735
31735  3940   167    2.484    0.574    2.000
31754  4151   158    1.966    0.223    1.039
31770  4515   113      NaN    0.748    1.526
31786  3900   275    1.166    0.500    2.135
31788  3846   320    0.953    0.571    2.377
31792  3992   251    1.250    0.587    2.139
31801  4054   262    1.794    0.200    1.416
31823  4429   229      NaN    0.000    0.000
31825  4302   270    1.933    0.245    1.313
31829  4367   302      NaN    0.000    0.000
31832  3839   359    0.785    0.587    2.461
31845  3956   389    2.213    0.219    1.232
31866  4294   389    3.294    0.248    1.394
31873  3779   464    0.594    0.532    2.626
31878  3757   552    0.627    0.561    3.100
31884  3839   514    1.866    0.603    2.513
31909  4100   561      NaN    0.784    1.326
31913  3583   537      NaN    0.000    0.000
31915  3516   628    1.000    0.597    3.003
31917  3508   669    0.983    0.526    3.229
31921  3592   593      NaN    0.710    2.968
31924  3592   624    1.383    0.626    2.803
31931  3706   583    0.998    0.626    3.239
31935  3751   626    1.497    0.255    1.797
31939  3794   656    1.827    0.719    2.616
31958  3971   645    1.865    0.758    1.894
31959  4016   632      NaN    0.000    0.000
31960  3578   772      NaN    0.000    0.000
31961  3581   686    1.237    0.645    2.990
31969  3451   824      NaN    0.000    0.000
31977  3591   755      NaN    0.632    2.039
31981  3704   677    2.225    0.661    3.129
31987  3699   768    2.555    0.548    2.323
31989  3798   796      NaN    0.000    0.000
31994  3828   720    3.005    0.326    2.000
32088  4709   106      NaN    0.000    0.000
32098  4828    89      NaN    0.000    0.000
32099  5011   152      NaN    0.000    0.000
32121  4727   227      NaN    0.000    0.000
32128  4711   331      NaN    0.000    0.000
32133  4795   300    2.106    0.368    1.039
32150  4785   343    2.543    0.000    0.000
44230   225    50    1.786    0.619    2.777
44231    20    42    1.677    0.697    2.545
44232   303    70    2.073    0.632    2.629
44237   156   165    1.660    0.610    2.487
44239   399   135    1.649    0.584    2.387
44241   680   122    1.922    0.574    2.297
44256  1614    51    1.619    0.577    2.716
44259  1631   216    1.700    0.516    3.397
44282   165   287    2.093    0.548    2.974
44284    16   371    1.623    0.565    1.797
44285   311   348    1.714    0.523    2.935
44287    78   434    2.212    0.481    2.048
44288   313   419    1.716    0.532    3.068
44292   770   234      NaN    0.000    0.000
44294   839   303    1.897    0.758    2.752
44298   921   399    1.633    0.626    3.258
44302  1358   249    1.662    0.668    2.961
44304  1192   302    1.767    0.674    3.000
44305  1489   372    1.680    0.587    3.665
44313  2086   268    1.677    0.468    3.277
44314  1752   318    1.784    0.432    3.984
44317  1722   460    1.796    0.419    4.194
44336   438   511      NaN    0.413    4.500
44341   705   475    1.822    0.513    3.787
44347   596   626      NaN    0.387    5.419
44352  1386   479    1.737    0.465    4.132
44354  1134   572    1.678    0.406    4.784
44358  1334   703    1.703    0.335    5.826
44373   496   720      NaN    0.000    0.000
45004  1588  3102      NaN    0.000    0.000
45005  1588  3103      NaN    0.000    0.000
45007  1560  3102      NaN    0.000    0.000
45011  1520  3118      NaN    0.000    0.000
45013  1520  3118      NaN    0.000    0.000
45018  1520  3122      NaN    0.000    0.000
45020  1517  3116      NaN    0.000    0.000
45031  1618  3075      NaN    0.874    4.877
45032  1586  3077    0.027    1.519    6.361
45033  1603  3077      NaN    1.423    8.126
45034  1595  3083    2.921    3.742    4.671
45035  1567  3085      NaN    0.000    0.000
45036  1608  3085      NaN    0.000    0.000
45037  1590  3087      NaN    0.000    0.000
45038  1565  3092      NaN    0.000    0.000
45039  1591  3092      NaN    0.000    0.000
45040  1599  3094      NaN    0.000    0.000
45041  1597  3102      NaN    0.000    0.000
45042  1558  3103      NaN    0.000    0.000
45043  1588  3109      NaN    0.000    0.000
45044  1571  3115      NaN    0.000    0.000
45045  1603  3116      NaN    0.000    0.000
47003  3406   862      NaN    0.835    3.694
47005  3171   918    2.553    0.381    1.771
47008  3340   921      NaN    0.000    0.000
47014  3012   921    3.430    0.774    3.174
47016  3156   964      NaN    0.000    0.000
47020  2980  1013    3.258    0.442    2.042
47022  3154  1030    3.644    0.797    3.016
47025  3271  1046      NaN    0.381    2.848
47028  2794  1071      NaN    0.913    3.748
47031  3053  1080    3.372    0.877    2.655
47035  2732  1110      NaN    0.000    0.000
47037  2829  1123    3.521    0.945    3.913
47039  2941  1102    3.387    0.810    3.352
47041  3087  1128    2.950    1.087    3.548
47046  3158  1117      NaN    0.000    0.000
47050  2874  1164      NaN    0.984    4.155
47052  2986  1209    3.641    0.939    3.729
47055  3074  1212      NaN    0.519    2.926
47058  2889  1229      NaN    0.000    0.000
47060  2844  1265      NaN    0.000    0.000
47061  3158  1263    4.155    0.000    0.000
47065  2887  1287      NaN    0.000    0.000
47067  2973  1289    3.132    0.974    3.723
47068  2788  1328    3.416    0.823    4.732
47069  2879  1341    3.457    1.071    4.229
47070  2976  1349    3.378    1.094    4.484
47075  3057  1298    3.286    0.816    4.094
47090  3200  1317      NaN    0.000    0.000
47092  3212  1338    4.056    1.342    3.719
47095  3059  1328    3.283    0.945    4.400
47097  3079  1427    2.993    1.126    4.155
47098  3032  1356      NaN    0.000    0.000
47099  2997  1358      NaN    0.000    0.000
47100  3217  1380    2.475    0.871    4.258
47101  3107  1356      NaN    0.000    0.000
47102  2760  1349      NaN    2.332    3.310
47104  3232  1367    3.766    1.365    2.694
47105  3236  1373      NaN    0.000    0.000
47106  3262  1401      NaN    0.000    0.000
47108  3019  1394      NaN    0.000    0.000
47110  3001  1394      NaN    0.000    0.000
47112  2982  1403      NaN    0.000    0.000
47113  2962  1405      NaN    1.503    4.661
47114  3131  1420    3.491    0.000    0.000
47115  3464  1401      NaN    1.032    5.187
47119  3023  1427      NaN    0.000    0.000
47121  3187  1436    2.644    0.777    4.055
47127  3131  1461      NaN    0.000    0.000
47129  2969  1481    3.314    1.010    4.468
47130  3296  1459      NaN    0.000    0.000
47131  3074  1498      NaN    0.000    0.000
47133  3066  1528      NaN    0.000    0.000
47135  3135  1545    3.607    1.194    3.916
47136  3215  1506    3.847    1.297    4.039
47137  3154  1524    3.692    1.168    3.858
47138  3292  1565      NaN    0.000    0.000
47140  2997  1569      NaN    0.000    0.000
47143  3206  1582      NaN    0.000    0.000
47145  3038  1483    3.384    0.839    4.413
47146  3042  1590      NaN    0.000    0.000
47150  2975  1532    3.787    1.248    4.003
47151  3288  1614      NaN    0.000    0.000
47152  3284  1619      NaN    0.000    0.000
47154  3172  1556      NaN    0.000    0.000
47155  3200  1662      NaN    0.000    0.000
47156  3012  1662      NaN    0.000    0.000
47157  3126  1606    4.133    0.748    4.735
47159  3253  1670      NaN    0.000    0.000
47162  3186  1698      NaN    0.000    0.000
47163  2954  1683      NaN    0.000    0.000
47165  2956  1702      NaN    0.000    0.000
47167  3094  1700      NaN    0.000    0.000
47168  3107  1711      NaN    0.000    0.000
47169  2851  1716      NaN    1.506    3.394
47170  2991  1750      NaN    3.416    4.319
47171  3010  1619      NaN    0.000    0.000
47172  2991  1632      NaN    0.994    4.919
47173  3062  1636    3.701    1.223    4.326
47174  3051  1674      NaN    1.403    3.161
47175  2948  1741    2.841    1.552    3.526
47182  2969  1847      NaN    0.000    0.000
47184  2971  1849      NaN    0.000    0.000
47185  2930  1873      NaN    0.000    0.000
47188  3010  1862      NaN    1.039    3.597
47189  2975  1879      NaN    0.000    0.000
47192  3150  1659      NaN    0.000    0.000
47401  4670   514      NaN    0.000    0.000
47402  4770   568      NaN    0.681    1.687
47404  4671   632      NaN    0.000    0.000
47405  4813   608    3.477    0.929    2.516
47406  4664   679      NaN    0.000    0.000
47407  4746   701      NaN    0.000    0.000
47409  4961   671      NaN    0.929    2.652
47411  4595   764      NaN    0.000    0.000
47412  4630   778      NaN    0.000    0.000
47413  4681   761      NaN    0.835    2.174
47417  4841   794      NaN    0.000    0.000
47418  4972   787      NaN    0.000    0.000
47421  4505   807      NaN    1.913    2.632
47423  4591   862      NaN    0.000    0.000
47424  4655   828      NaN    0.000    0.000
47426  4793   878    4.192    0.000    0.000
47428  4494   912      NaN    0.000    0.000
47430  4565   918      NaN    0.000    0.000
47433  4565   796      NaN    0.000    0.000
47435  4856   634      NaN    0.000    0.000
47440  4852   863      NaN    0.000    0.000
47512  4673  1226    3.867    0.726    2.061
47520  4516  1261    3.231    0.777    2.842
47570  4472  1403      NaN    0.000    0.000
47574  4474  1048      NaN    1.071    2.297
47575  4567  1030      NaN    0.000    0.000
47576  4617   977    3.481    0.465    1.994
47581  4651  1061      NaN    0.000    0.000
47582  4492  1153      NaN    0.000    0.000
47584  4612  1155      NaN    0.000    0.000
47585  4701  1160    3.326    0.755    2.197
47587  4464  1242      NaN    0.000    0.000
47588  4520  1317      NaN    0.000    0.000
47590  4582  1315      NaN    0.000    0.000
47592  4627  1296      NaN    0.000    0.000
47595  4533  1371      NaN    0.000    0.000
47597  4505  1442      NaN    0.000    0.000
47598  4582  1463      NaN    0.000    0.000
47600  4134  1412      NaN    0.000    0.000
47602  4283  1341      NaN    0.000    0.000
47604  4375  1354      NaN    0.000    0.000
47605  4104  1504      NaN    0.000    0.000
47606  4151  1479      NaN    0.000    0.000
47607  4167  1489      NaN    0.000    0.000
47610  4279  1494      NaN    0.000    0.000
47612  4285  1446    3.076    1.010    2.900
47615  4466  1507      NaN    0.000    0.000
47616  4057  1563      NaN    0.000    0.000
47617  4173  1552      NaN    0.000    0.000
47618  4253  1541      NaN    0.000    0.000
47620  4270  1563      NaN    0.000    0.000
47622  4319  1530      NaN    0.000    0.000
47624  4376  1524      NaN    0.000    0.000
47626  4412  1552      NaN    0.000    0.000
47629  4533  1526      NaN    0.000    0.000
47631  4040  1608      NaN    0.000    0.000
47632  4119  1636      NaN    0.000    0.000
47636  4141  1662      NaN    0.000    0.000
47637  4236  1623      NaN    0.000    0.000
47638  4319  1606      NaN    0.000    0.000
47639  4339  1640    4.824    0.000    0.000
47640  4343  1625      NaN    0.000    0.000
47641  4376  1571      NaN    0.000    0.000
47648  4576  1599      NaN    0.000    0.000
47649  4050  1707      NaN    0.000    0.000
47651  4091  1711      NaN    0.000    0.000
47653  4156  1722      NaN    0.000    0.000
47654  4225  1713      NaN    0.000    0.000
47655  4281  1726      NaN    0.000    0.000
47656  4302  1683      NaN    0.000    0.000
47657  4362  1668      NaN    0.000    0.000
47662  4455  1604      NaN    0.000    0.000
47663  4055  1786      NaN    1.923    3.568
47666  4352  1726      NaN    0.000    0.000
47668  4380  1675      NaN    1.016    3.119
47670  4442  1632      NaN    0.000    0.000
47672  4466  1683      NaN    0.000    0.000
47674  4516  1664      NaN    1.052    3.087
47675  4410  1709    3.332    0.000    0.000
47677  4427  1780      NaN    0.713    2.923
47678  4457  1892    2.919    1.077    3.455
47682  4492  1614      NaN    0.000    0.000
47684  4098  1688      NaN    0.000    0.000
47690  4425  1487      NaN    0.910    2.384
47740  3734  1547      NaN    1.548    3.361
47741  3704  1631      NaN    0.000    0.000
47742  3723  1619      NaN    0.000    0.000
47744  3734  1632      NaN    0.000    0.000
47746  3835  1627      NaN    0.000    0.000
47747  3900  1621    3.536    1.258    4.465
47750  3956  1631      NaN    1.923    3.284
47754  3518  1746      NaN    0.000    0.000
47755  3592  1692      NaN    0.000    0.000
47756  3811  1674      NaN    0.000    0.000
47759  4003  1679      NaN    0.000    0.000
47761  4061  1649      NaN    0.000    0.000
47762  3466  1799      NaN    0.000    0.000
47765  3637  1748      NaN    0.000    0.000
47766  3647  1767      NaN    0.000    0.000
47767  3725  1743      NaN    0.000    0.000
47768  3800  1718      NaN    0.000    0.000
47769  3884  1700      NaN    0.000    0.000
47770  3945  1715      NaN    0.000    0.000
47772  3979  1716      NaN    0.000    0.000
47776  3910  1756      NaN    1.106    3.639
47777  3940  1767      NaN    0.000    0.000
47778  4007  1855      NaN    1.623    3.797
47780  4014  1715      NaN    0.000    0.000
47784  3523  1774      NaN    0.000    0.000
47800  3283  1771      NaN    0.000    0.000
47805  3311  1864      NaN    0.000    0.000
47807  3404  1840      NaN    0.000    0.000
47809  3439  1832      NaN    0.000    0.000
47812  3331  1886      NaN    0.000    0.000
47813  3395  1875      NaN    0.000    0.000
47814  3466  1870      NaN    0.000    0.000
47815  3542  1879      NaN    0.000    0.000
47817  3346  1935      NaN    0.000    0.000
47818  3391  1935    4.723    2.229    4.590
47819  3439  1926      NaN    0.000    0.000
47821  3480  1918    4.049    1.365    3.026
47822  3546  1952      NaN    0.000    0.000
47823  3383  2013      NaN    0.000    0.000
47824  3445  1993      NaN    0.000    0.000
47827  3423  2067      NaN    0.000    0.000
47829  3482  2047      NaN    0.000    0.000
47830  3520  2024      NaN    0.000    0.000
47831  3395  2099      NaN    0.494    4.677
47835  3518  2064    4.689    0.761    3.671
47836  3436  2198      NaN    1.190    4.135
47837  3471  2161      NaN    0.000    0.000
47838  3365  1995      NaN    0.000    0.000
47842  3176  2019      NaN    0.000    0.000
47843  3230  1939      NaN    0.000    0.000
47887  3673  1810      NaN    0.000    0.000
47890  3781  1761      NaN    0.000    0.000
47891  3815  1758      NaN    0.000    0.000
47892  3647  1879      NaN    0.000    0.000
47893  3759  1842      NaN    0.000    0.000
47895  3872  1786      NaN    0.000    0.000
47897  3663  1914    4.137    0.000    0.000
47898  3699  1937      NaN    0.000    0.000
47899  3830  1877      NaN    0.000    0.000
47909  3305  2422      NaN    0.781    3.765
47912  2579  2861      NaN    3.277    4.506
47917  2663  2864      NaN    0.000    0.000
47918  2708  2876      NaN    0.000    0.000
47927  2833  2823      NaN    0.000    0.000
47929  3003  2652      NaN    2.461    6.284
47936  3102  2667      NaN    0.000    0.000
47940  3133  2622      NaN    0.000    0.000
47942  3215  2528      NaN    1.794    5.590
47945  3499  2708      NaN    1.635    3.942
47971  4726  2566      NaN    0.000    0.000
48803   445  3081    3.877    1.884    4.016
48806   438  3212    0.939    3.132    4.684
48808   701  3062    3.709    1.752    4.284
48820   651  3245      NaN    0.000    0.000
48823   690  3312    3.894    0.000    0.000
48826   744  3271    3.530    1.887    6.232
48830   759  3156    3.900    1.768    5.332
48839   865  3346      NaN    0.000    0.000
48921   212  3178    3.294    3.316    3.890
48924   165  3243    4.266    3.406    4.119
48925   225  3284    2.714    3.503    4.797
48927   475  3314    2.459    2.968    4.474
50527  2213    89      NaN    0.000    0.000
50548  2657    91      NaN    0.442    2.442
50557  2827    94    2.031    0.610    2.558
50564  3064    64    2.045    0.581    2.029
50603  1884   150    1.552    0.519    3.403
50632  2456   139    0.633    0.506    2.768
50658  2900   219    2.176    0.000    0.000
50727  2234   318    2.546    0.539    2.568
50745  2680   294      NaN    0.000    0.000
50756  3021   288    2.142    0.603    3.045
50774  3238   257    3.238    0.242    1.610
50788  3583   311    2.320    0.587    2.732
50844  2624   404    2.231    0.423    3.887
50854  2836   406    2.156    0.490    3.645
50888  3606   414    2.177    0.648    2.887
50915  1901   503    1.887    0.471    4.258
50949  2786   552    2.368    0.439    3.558
50953  2999   477    2.304    0.577    3.516
50963  3219   453    2.810    0.623    3.210
50968  3133   537      NaN    0.000    0.000
50978  3466   527      NaN    0.000    0.000
50983  3693   475      NaN    0.000    0.000
52267   120   903      NaN    0.000    0.000
52378   266   968      NaN    0.000    0.000
52495   505  1037      NaN    0.000    0.000
52652    50  1240      NaN    0.000    0.000
52681   346  1274    2.500    0.165    8.113
52754    16  1420    3.037    0.987    3.513
52787   322  1435    2.746    0.535    3.352
52866   199  1500      NaN    0.000    0.000
52889   436  1563      NaN    0.000    0.000
52955    85  1616    2.635    0.665    3.829
52983   466  1584    2.727    0.781    4.261
52996   561  1638    2.996    0.961    3.068
53068  1345   712      NaN    0.329    6.084
53083  1586   604    1.890    0.423    4.042
53149  1136   837      NaN    0.245    5.594
53192  1675   671    1.973    0.497    4.610
53231   716   959      NaN    0.000    0.000
53276  1446   852      NaN    0.248    6.119
53336   955   946      NaN    0.297    6.761
53352  1170   931    2.540    0.271    6.061
53391  1569   908    2.459    0.390    5.448
53463  1310  1030      NaN    0.000    0.000
53480  1464  1005    2.781    0.300    5.435
53487  1494  1110      NaN    0.000    0.000
53502   645  1145      NaN    0.239    6.735
53513   830  1035      NaN    0.000    0.000
53529   895  1222      NaN    0.419    6.300
53543  1119  1140      NaN    0.000    0.000
53564  1250  1190      NaN    0.494    6.584
53588  1515  1239    2.104    0.329    6.729
53593  1632  1140      NaN    0.000    0.000
53614   695  1293    2.787    0.345    6.690
53646  1097  1315    2.935    0.594    6.942
53673  1423  1261      NaN    0.000    0.000
53698  1616  1341      NaN    0.000    0.000
53705   638  1403    2.937    0.403    6.910
53723   828  1367    2.656    0.374    5.487
53764  1244  1401      NaN    0.000    0.000
53772  1407  1369      NaN    0.000    0.000
53787  1455  1450    3.319    0.261    7.532
53798  1625  1450      NaN    0.000    0.000
53845  1065  1502    3.470    0.439    7.345
53863  1336  1453      NaN    0.000    0.000
53898  1614  1563    2.937    0.277    8.371
53915   748  1619      NaN    0.000    0.000
53923   856  1599      NaN    0.000    0.000
53959  1239  1675    2.986    0.323    8.203
53975  1390  1627      NaN    0.000    0.000
54012  1972   608    2.339    0.532    4.039
54026  2342   610      NaN    0.406    4.613
54027  2174   675    2.164    0.390    4.400
54049  2685   645    2.416    0.481    4.074
54094  3316   610      NaN    0.000    0.000
54096  3490   630      NaN    0.000    0.000
54102  1806   679    2.129    0.487    4.294
54115  2024   718    2.433    0.377    4.474
54135  2495   718      NaN    0.510    5.171
54157  2726   764    2.547    0.590    4.239
54161  2825   684      NaN    0.000    0.000
54186  3159   744      NaN    0.000    0.000
54208  1845   876    2.767    0.368    4.584
54218  2125   867      NaN    0.000    0.000
54226  2319   860    2.521    0.374    5.752
54236  2525   850    2.722    0.542    5.013
54259  2795   886    3.458    0.729    3.806
54273  2997   787    2.905    0.677    3.671
54292  3305   800    3.039    0.626    3.426
54308  1864   987    3.030    0.245    6.655
54311  1989   904      NaN    0.000    0.000
54324  2291   947    2.754    0.426    6.771
54337  2366   994      NaN    0.000    0.000
54342  2635   927    2.937    0.484    5.048
54346  2665   974      NaN    0.000    0.000
54374  3016   929    1.527    0.397    2.135
54377  2930   998    3.084    0.823    3.184
54386  3156   970    3.190    0.774    3.026
54401  1668  1033      NaN    0.000    0.000
54405  1737  1074      NaN    0.000    0.000
54423  2011  1011      NaN    0.000    0.000
54436  2123  1076    3.347    0.232    5.706
54471  2484  1046      NaN    0.000    0.000
54493  2777  1041    3.363    0.994    4.052
54497  2726  1115      NaN    0.000    0.000
54511  1825  1128      NaN    0.000    0.000
54527  1924  1222      NaN    0.000    0.000
54534  2028  1160      NaN    0.000    0.000
54539  2118  1184      NaN    0.000    0.000
54587  2601  1227      NaN    0.000    0.000
54602  1744  1250      NaN    0.000    0.000
54618  1855  1336      NaN    0.000    0.000
54662  2424  1244      NaN    0.000    0.000
54715  1856  1420      NaN    0.000    0.000
54725  1965  1401    3.123    0.458    6.974
54751  2321  1352      NaN    0.000    0.000
54753  2276  1388      NaN    0.000    0.000
54776  2542  1412      NaN    0.568    5.255
54808  1756  1543    3.219    0.339    8.400
54823  1911  1502    3.152    0.268    7.745
54826  1916  1541      NaN    0.000    0.000
54836  2034  1548      NaN    0.000    0.000
54843  2150  1483      NaN    0.000    0.000
54857  2278  1562      NaN    0.000    0.000
54863  2374  1483    2.896    0.326    6.042
54909  1744  1674    3.008    0.355    7.768
54916  1888  1618      NaN    0.000    0.000
54929  2011  1653    3.507    0.565    6.684
54945  2189  1632    3.351    0.000    0.000
56065   180  1711    2.923    1.203    3.032
56079   333  1840    3.127    1.413    2.929
56080   326  1681    3.114    1.184    2.771
56096   552  1860    2.813    0.000    0.000
56146     1  2060    3.120    1.419    3.684
56152    38  1985    2.614    1.274    3.265
56167   126  2131    3.330    1.487    3.948
56172   251  2028    2.326    1.206    3.700
56182   400  1944    3.332    1.455    3.071
56187   430  2163      NaN    0.000    0.000
56193   507  1970    1.826    0.926    1.913
56196   531  2079      NaN    0.000    0.000
56257    31  2241    3.493    1.697    4.087
56287   337  2243    2.942    1.203    2.787
56357    35  2347    3.871    1.819    4.229
56374   221  2235    1.988    0.681    2.590
56385   374  2295    2.928    0.713    1.903
56462   169  2353    1.686    0.729    3.145
56492   516  2375    2.928    0.884    5.455
56571   255  2476      NaN    0.000    0.000
56586   421  2540    3.527    1.210    3.765
56651    25  2596    4.373    0.587    3.994
56671   253  2616    4.098    1.055    7.326
56684   369  2642    4.214    1.584    5.071
56691   481  2592    3.906    1.577    4.248
56751    22  2723      NaN    1.268    5.110
56763   210  2719    0.005    1.648    6.068
56768   171  2799    0.005    2.681    4.574
56778   302  2799      NaN    0.000    0.000
56786   430  2736    3.889    1.410    5.419
56886   423  2853    3.556    1.842    4.639
56951    25  2919      NaN    2.942    3.881
56959    89  3137      NaN    0.000    0.000
56964   111  3051    3.975    2.113    4.632
56966   223  2958    0.005    1.484    4.674
56969   178  3193    1.837    3.658    5.087
56977   204  3068    3.918    5.403    6.355
56985   380  2982      NaN    0.000    0.000
57006   645  1728      NaN    0.000    0.000
57014   658  1730      NaN    0.000    0.000
57016   800  1754      NaN    0.000    0.000
57025   828  1735    3.619    0.690    6.345
57046  1130  1739    3.741    0.348    7.965
57067  1237  1787    3.279    0.239    7.300
57071  1394  1702    3.339    0.232    7.855
57083  1530  1713      NaN    0.000    0.000
57127   789  1898    3.202    0.000    0.000
57131  1005  1744      NaN    0.358    7.668
57178  1410  1901      NaN    0.000    0.000
57193  1627  1817    3.287    0.352    8.371
57237   901  2010    3.895    1.939    3.868
57245  1013  1937      NaN    0.000    0.000
57259  1207  2013    3.622    0.816    2.768
57265  1308  1974      NaN    0.000    0.000
57279  1420  2000    2.871    0.374    7.519
57290  1571  1905      NaN    0.000    0.000
57297  1575  2002      NaN    0.000    0.000
57306   669  2064      NaN    1.116    5.484
57328   841  2107      NaN    0.000    0.000
57348  1069  2127    4.164    1.548    3.523
57378  1408  2110      NaN    0.490    7.206
57399  1677  2108    3.184    0.787    6.000
57411   682  2151      NaN    0.000    0.000
57426   875  2164    3.178    1.029    4.213
57447  1061  2209    4.110    0.755    2.723
57461  1267  2163      NaN    0.000    0.000
57476  1362  2202      NaN    0.000    0.000
57494  1584  2172      NaN    0.000    0.000
57503   574  2284    3.175    0.758    5.448
57504   567  2288      NaN    0.000    0.000
57516   725  2288      NaN    0.000    0.000
57554  1140  2308    3.398    0.452    1.671
57584  1466  2310      NaN    0.000    0.000
57598  1634  2349    1.890    1.052    5.729
57602   610  2366      NaN    0.000    0.000
57604   604  2377    3.598    0.000    0.000
57633   983  2372    3.359    0.806    2.468
57655  1166  2413    4.417    0.848    3.794
57662  1310  2347      NaN    0.000    0.000
57687  1442  2439      NaN    0.000    0.000
57707   587  2543    4.141    1.216    2.932
57712   779  2495    3.566    1.148    2.687
57713   772  2499    3.752    1.184    2.729
57731   925  2471    3.908    1.032    2.719
57745  1086  2527    3.658    1.119    3.758
57766  1285  2551    3.735    1.561    5.800
57776  1423  2543    4.347    2.677    3.923
57793  1612  2487    3.879    0.000    0.000
57799  1677  2564      NaN    0.000    0.000
57816   755  2624      NaN    0.000    0.000
57832   972  2581    4.345    1.152    3.035
57845  1097  2670    4.530    2.248    3.584
57853  1192  2607    4.201    0.000    0.000
57866  1302  2663      NaN    0.000    0.000
57902   582  2752    3.664    1.948    3.852
57916   759  2752    3.260    1.358    3.516
57922   847  2708    3.997    1.552    2.571
57932   957  2693    3.768    1.339    3.300
57957  1155  2764    3.848    0.000    0.000
57972  1461  2711    4.363    1.671    6.303
57993  1681  2704    3.863    1.361    7.555
58027  1922  1761      NaN    0.000    0.000
58040  2144  1698      NaN    0.000    0.000
58102  1767  1806      NaN    0.000    0.000
58141  2133  1830    3.189    0.397    6.729
58144  2133  1838      NaN    0.000    0.000
58150  2269  1819    3.678    0.303    7.306
58203  1763  1920    2.649    0.726    7.023
58208  1750  1998    3.053    0.474    6.832
58221  1948  1914    3.403    0.555    7.245
58238  2118  2024    3.269    0.742    6.906
58251  2273  1922      NaN    0.000    0.000
58265  2420  2010    3.335    0.000    0.000
58314  1830  2084      NaN    0.000    0.000
58321  1939  2041    3.029    0.768    6.881
58338  2082  2112    3.846    0.765    7.019
58345  2183  2080      NaN    0.000    0.000
58362  2403  2082      NaN    0.000    0.000
58424  1911  2181      NaN    0.000    0.000
58437  2034  2226    4.576    0.723    3.729
58457  2260  2215      NaN    0.000    0.000
58472  2515  2159      NaN    0.000    0.000
58477  2478  2237    1.704    0.000    0.000
58506  1791  2288    4.337    0.771    3.903
58527  1927  2319      NaN    0.000    0.000
58543  2131  2284      NaN    0.000    0.000
58556  2332  2286      NaN    0.000    0.000
58569  2459  2331      NaN    0.000    0.000
58606  1784  2398    3.069    1.006    7.429
58633  2114  2357      NaN    0.000    0.000
58646  2232  2415    3.909    1.371    6.535
58660  2368  2370      NaN    0.000    0.000
58666  2452  2415      NaN    1.732    4.003
58715  1866  2512    3.845    1.397    6.323
58725  1957  2540    1.245    1.561    3.803
58730  2021  2491    2.159    0.742    3.687
58731  2077  2474    3.800    0.945    3.535
58752  2314  2489    3.638    0.000    0.000
58754  2263  2540      NaN    0.000    0.000
58813  1830  2594    3.784    1.100    7.287
58834  2034  2618      NaN    2.384    4.139
58847  2161  2680      NaN    0.000    0.000
58849  2234  2670      NaN    2.945    7.461
58853  2319  2577      NaN    0.000    0.000
58911  1834  2706    3.915    1.223    7.126
58921  1944  2693    4.630    0.000    0.000
58926  1950  2767      NaN    3.732    5.268
58931  2028  2721    3.025    3.365    5.084
58944  2217  2743      NaN    0.000    0.000
58968  2411  2797      NaN    0.000    0.000
58974  2472  2730      NaN    0.000    0.000
59007   568  2906    3.835    1.981    4.010
59023   901  2835    4.038    0.000    0.000
59046  1054  2874      NaN    0.000    0.000
59058  1179  2891    4.204    1.526    6.661
59072  1386  2823      NaN    0.000    0.000
59082  1524  2838    4.325    2.510    4.545
59087  1515  2926      NaN    0.000    0.000
59096  1623  2872    4.267    2.213    5.765
59102  1754  2807    3.474    2.023    5.790
59117  1806  2879      NaN    0.000    0.000
59134  2026  2859      NaN    0.000    0.000
59152  2349  2823      NaN    0.000    0.000
59158  2318  2896      NaN    0.000    0.000
59162  2437  2827      NaN    0.000    0.000
59209   667  2991    4.482    1.442    3.358
59211   740  2924    3.782    0.000    0.000
59254  1130  2980      NaN    0.000    0.000
59265  1267  2971    4.295    1.519    8.142
59278  1397  3019    4.731    0.000    0.000
59287  1494  3006      NaN    0.000    0.000
59293  1651  2935    3.890    1.739    7.197
59316  1870  2980      NaN    0.000    0.000
59348  2204  2995      NaN    0.419    5.748
59353  2331  2967      NaN    3.152    5.168
59358  2265  3025      NaN    0.000    0.000
59362  2422  2911      NaN    0.000    0.000
59368  2394  3014      NaN    0.000    0.000
59417   757  3096    3.583    3.310    5.332
59431   921  3066    4.296    1.861    6.003
59456  1226  3098    4.383    2.010    6.881
59493  1580  3075      NaN    0.000    0.000
59501  1722  3049      NaN    0.000    0.000
59554  2271  3068      NaN    0.000    0.000
59556  2342  3098      NaN    0.000    0.000
59559  2325  3137    2.424    2.210    6.187
59562  2370  3053      NaN    0.000    0.000
59567  2415  3133      NaN    0.000    0.000
59632   966  3143    4.135    0.000    0.000
59644  1020  3195      NaN    0.000    0.000
59658  1155  3232    0.555    2.526    5.090
59663  1341  3156    4.343    1.739    6.206
59673  1431  3167      NaN    0.000    0.000
59758  1149  3361      NaN    0.000    0.000
59792  1873  3286      NaN    0.000    0.000
