30949  1341    50    3.604    0.817    3.603
30967  1765    12    2.891    0.660    4.057
30978  2060    20    3.444    0.697    4.193
31583  3352    25    4.070    1.353    3.220
31587  3210    44    3.917    0.977    4.087
31594  3370    66    3.689    1.050    3.537
31618  3637   111    4.133    1.360    3.020
31624  3723    68    4.040    1.383    3.053
31632  3880     8    3.714    1.250    2.887
31636  3891    51    4.120    1.810    3.047
31655  4096    63      NaN    1.363    3.120
31702  3482   113    3.167    1.410    3.220
31703  3555   113    3.837    1.303    3.087
31707  3469   255    4.426    1.627    3.790
31710  3654   231    3.278    1.083    4.180
31713  3691   143    2.958    1.357    3.253
31725  3790   156    3.751    1.347    3.317
31733  4020   134      NaN    2.453    3.537
31735  3940   167    4.092    1.483    3.157
31754  4151   158    3.443    1.427    2.700
31770  4515   113      NaN    1.663    3.310
31786  3900   275    3.850    1.560    3.280
31788  3846   320    4.091    1.283    3.433
31792  3992   251    3.490    1.313    3.240
31801  4054   262    3.733    1.647    3.130
31823  4429   229      NaN    0.000    0.000
31825  4302   270    4.101    1.823    3.213
31829  4367   302      NaN    0.000    0.000
31832  3839   359    3.805    1.350    3.567
31845  3956   389    4.283    1.970    3.327
31866  4294   389    4.442    2.510    3.520
31873  3779   464    3.101    1.673    3.557
31878  3757   552    3.422    1.537    3.777
31884  3839   514    4.316    1.340    3.557
31909  4100   561      NaN    2.813    3.583
31913  3583   537      NaN    0.000    0.000
31915  3516   628    4.115    1.237    3.823
31917  3508   669    4.032    1.397    4.020
31921  3592   593      NaN    1.457    4.103
31924  3592   624    4.321    1.590    3.840
31931  3706   583    3.662    1.450    3.863
31935  3751   626    3.939    2.080    3.610
31939  3794   656    4.059    1.460    3.467
31958  3971   645    4.503    2.227    3.490
31959  4016   632      NaN    0.000    0.000
31960  3578   772      NaN    0.000    0.000
31961  3581   686    3.478    1.593    3.827
31969  3451   824      NaN    0.000    0.000
31977  3591   755      NaN    1.967    3.710
31981  3704   677    4.437    1.260    3.713
31987  3699   768    5.526    2.410    3.843
31989  3798   796      NaN    0.000    0.000
31994  3828   720    4.729    2.043    3.507
32088  4709   106      NaN    0.000    0.000
32098  4828    89      NaN    0.000    0.000
32099  5011   152      NaN    0.000    0.000
32121  4727   227      NaN    0.000    0.000
32128  4711   331      NaN    0.000    0.000
32133  4795   300    4.970    1.943    3.190
32150  4785   343    3.871    0.000    0.000
44230   225    50    2.951    0.730    3.833
44231    20    42    3.141    0.813    3.683
44232   303    70    3.767    0.933    3.537
44237   156   165    3.183    0.627    3.853
44239   399   135    3.511    0.990    3.433
44241   680   122    3.173    0.793    3.837
44256  1614    51    2.974    0.677    3.937
44259  1631   216    3.285    0.530    4.730
44282   165   287    4.033    0.507    4.537
44284    16   371    3.249    0.370    4.633
44285   311   348    3.264    0.527    4.473
44287    78   434    3.328    0.267    5.380
44288   313   419    3.194    0.330    5.193
44292   770   234      NaN    0.000    0.000
44294   839   303    3.027    0.457    4.563
44298   921   399    2.837    0.333    5.147
44302  1358   249    2.889    0.790    4.227
44304  1192   302    3.131    0.493    4.700
44305  1489   372    3.105    0.423    4.993
44313  2086   268    3.727    0.977    4.010
44314  1752   318    3.277    0.530    4.907
44317  1722   460    3.241    0.513    4.837
44336   438   511      NaN    0.153    6.023
44341   705   475    3.038    0.200    5.647
44347   596   626      NaN    0.077    6.540
44352  1386   479    2.456    0.267    5.517
44354  1134   572    2.614    0.160    5.923
44358  1334   703    2.710    0.167    5.953
44373   496   720      NaN    0.000    0.000
45004  1588  3102      NaN    0.000    0.000
45005  1588  3103      NaN    0.000    0.000
45007  1560  3102      NaN    0.000    0.000
45011  1520  3118      NaN    0.000    0.000
45013  1520  3118      NaN    0.000    0.000
45018  1520  3122      NaN    0.000    0.000
45020  1517  3116      NaN    0.000    0.000
45031  1618  3075      NaN    3.247    5.867
45032  1586  3077    0.179    3.020    5.293
45033  1603  3077      NaN    3.530    6.243
45034  1595  3083    2.674    4.917    6.070
45035  1567  3085      NaN    0.000    0.000
45036  1608  3085      NaN    0.000    0.000
45037  1590  3087      NaN    0.000    0.000
45038  1565  3092      NaN    0.000    0.000
45039  1591  3092      NaN    0.000    0.000
45040  1599  3094      NaN    0.000    0.000
45041  1597  3102      NaN    0.000    0.000
45042  1558  3103      NaN    0.000    0.000
45043  1588  3109      NaN    0.000    0.000
45044  1571  3115      NaN    0.000    0.000
45045  1603  3116      NaN    0.000    0.000
47003  3406   862      NaN    1.823    4.387
47005  3171   918    4.763    1.607    3.753
47008  3340   921      NaN    0.000    0.000
47014  3012   921    4.430    1.347    3.893
47016  3156   964      NaN    0.000    0.000
47020  2980  1013    4.669    1.480    3.823
47022  3154  1030    4.940    1.347    3.717
47025  3271  1046      NaN    1.170    4.403
47028  2794  1071      NaN    1.827    3.953
47031  3053  1080    4.771    1.617    3.413
47035  2732  1110      NaN    0.000    0.000
47037  2829  1123    4.914    1.613    4.227
47039  2941  1102    4.400    1.793    3.933
47041  3087  1128    4.098    1.523    4.157
47046  3158  1117      NaN    0.000    0.000
47050  2874  1164      NaN    1.483    4.320
47052  2986  1209    5.600    1.787    3.750
47055  3074  1212      NaN    1.300    4.483
47058  2889  1229      NaN    0.000    0.000
47060  2844  1265      NaN    0.000    0.000
47061  3158  1263    4.934    0.000    0.000
47065  2887  1287      NaN    0.000    0.000
47067  2973  1289    4.181    2.050    3.873
47068  2788  1328    4.598    1.303    4.677
47069  2879  1341    4.502    1.767    4.293
47070  2976  1349    4.330    1.387    4.247
47075  3057  1298    4.423    1.597    3.490
47090  3200  1317      NaN    0.000    0.000
47092  3212  1338    5.730    1.980    4.080
47095  3059  1328    4.395    1.880    3.793
47097  3079  1427    3.635    2.110    4.033
47098  3032  1356      NaN    0.000    0.000
47099  2997  1358      NaN    0.000    0.000
47100  3217  1380    4.390    1.587    3.940
47101  3107  1356      NaN    0.000    0.000
47102  2760  1349      NaN    2.983    4.193
47104  3232  1367    4.768    2.007    3.823
47105  3236  1373      NaN    0.000    0.000
47106  3262  1401      NaN    0.000    0.000
47108  3019  1394      NaN    0.000    0.000
47110  3001  1394      NaN    0.000    0.000
47112  2982  1403      NaN    0.000    0.000
47113  2962  1405      NaN    1.010    4.583
47114  3131  1420    4.463    0.000    0.000
47115  3464  1401      NaN    2.190    5.607
47119  3023  1427      NaN    0.000    0.000
47121  3187  1436    3.659    1.943    3.920
47127  3131  1461      NaN    0.000    0.000
47129  2969  1481    4.614    1.477    4.483
47130  3296  1459      NaN    0.000    0.000
47131  3074  1498      NaN    0.000    0.000
47133  3066  1528      NaN    0.000    0.000
47135  3135  1545    4.144    2.427    4.473
47136  3215  1506    4.399    2.440    4.560
47137  3154  1524    4.753    2.333    4.387
47138  3292  1565      NaN    0.000    0.000
47140  2997  1569      NaN    0.000    0.000
47143  3206  1582      NaN    0.000    0.000
47145  3038  1483    4.020    2.143    4.387
47146  3042  1590      NaN    0.000    0.000
47150  2975  1532    4.647    2.457    4.600
47151  3288  1614      NaN    0.000    0.000
47152  3284  1619      NaN    0.000    0.000
47154  3172  1556      NaN    0.000    0.000
47155  3200  1662      NaN    0.000    0.000
47156  3012  1662      NaN    0.000    0.000
47157  3126  1606    4.858    2.207    4.687
47159  3253  1670      NaN    0.000    0.000
47162  3186  1698      NaN    0.000    0.000
47163  2954  1683      NaN    0.000    0.000
47165  2956  1702      NaN    0.000    0.000
47167  3094  1700      NaN    0.000    0.000
47168  3107  1711      NaN    0.000    0.000
47169  2851  1716      NaN    3.230    4.833
47170  2991  1750      NaN    3.700    5.003
47171  3010  1619      NaN    0.000    0.000
47172  2991  1632      NaN    2.093    5.037
47173  3062  1636    4.137    2.443    4.677
47174  3051  1674      NaN    3.357    4.967
47175  2948  1741    3.515    3.280    4.847
47182  2969  1847      NaN    0.000    0.000
47184  2971  1849      NaN    0.000    0.000
47185  2930  1873      NaN    0.000    0.000
47188  3010  1862      NaN    1.887    5.310
47189  2975  1879      NaN    0.000    0.000
47192  3150  1659      NaN    0.000    0.000
47401  4670   514      NaN    0.000    0.000
47402  4770   568    5.232    1.907    3.357
47404  4671   632      NaN    0.000    0.000
47405  4813   608    5.568    1.500    3.857
47406  4664   679      NaN    0.000    0.000
47407  4746   701      NaN    0.000    0.000
47409  4961   671      NaN    1.720    4.363
47411  4595   764      NaN    0.000    0.000
47412  4630   778      NaN    0.000    0.000
47413  4681   761      NaN    2.060    3.517
47417  4841   794      NaN    0.000    0.000
47418  4972   787      NaN    0.000    0.000
47421  4505   807      NaN    2.360    3.290
47423  4591   862      NaN    0.000    0.000
47424  4655   828      NaN    0.000    0.000
47426  4793   878    5.242    0.000    0.000
47428  4494   912      NaN    0.000    0.000
47430  4565   918      NaN    0.000    0.000
47433  4565   796      NaN    0.000    0.000
47435  4856   634      NaN    0.000    0.000
47440  4852   863      NaN    0.000    0.000
47512  4673  1226    5.329    2.340    4.147
47520  4516  1261    4.339    2.160    4.010
47570  4472  1403      NaN    0.000    0.000
47574  4474  1048      NaN    2.777    4.027
47575  4567  1030      NaN    0.000    0.000
47576  4617   977    4.545    1.473    3.723
47581  4651  1061      NaN    0.000    0.000
47582  4492  1153      NaN    0.000    0.000
47584  4612  1155      NaN    0.000    0.000
47585  4701  1160    4.591    2.120    4.127
47587  4464  1242      NaN    0.000    0.000
47588  4520  1317      NaN    0.000    0.000
47590  4582  1315      NaN    0.000    0.000
47592  4627  1296      NaN    0.000    0.000
47595  4533  1371      NaN    0.000    0.000
47597  4505  1442      NaN    0.000    0.000
47598  4582  1463      NaN    0.000    0.000
47600  4134  1412      NaN    0.000    0.000
47602  4283  1341      NaN    0.000    0.000
47604  4375  1354      NaN    0.000    0.000
47605  4104  1504      NaN    0.000    0.000
47606  4151  1479      NaN    0.000    0.000
47607  4167  1489      NaN    0.000    0.000
47610  4279  1494      NaN    0.000    0.000
47612  4285  1446    3.822    1.967    4.170
47615  4466  1507      NaN    0.000    0.000
47616  4057  1563      NaN    0.000    0.000
47617  4173  1552      NaN    0.000    0.000
47618  4253  1541      NaN    0.000    0.000
47620  4270  1563      NaN    0.000    0.000
47622  4319  1530      NaN    0.000    0.000
47624  4376  1524      NaN    0.000    0.000
47626  4412  1552      NaN    0.000    0.000
47629  4533  1526      NaN    0.000    0.000
47631  4040  1608      NaN    0.000    0.000
47632  4119  1636      NaN    0.000    0.000
47636  4141  1662      NaN    0.000    0.000
47637  4236  1623      NaN    0.000    0.000
47638  4319  1606      NaN    0.000    0.000
47639  4339  1640    6.422    0.000    0.000
47640  4343  1625      NaN    0.000    0.000
47641  4376  1571      NaN    0.000    0.000
47648  4576  1599      NaN    0.000    0.000
47649  4050  1707      NaN    0.000    0.000
47651  4091  1711      NaN    0.000    0.000
47653  4156  1722      NaN    0.000    0.000
47654  4225  1713      NaN    0.000    0.000
47655  4281  1726      NaN    0.000    0.000
47656  4302  1683      NaN    0.000    0.000
47657  4362  1668      NaN    0.000    0.000
47662  4455  1604      NaN    0.000    0.000
47663  4055  1786      NaN    2.697    5.007
47666  4352  1726      NaN    0.000    0.000
47668  4380  1675      NaN    2.780    5.577
47670  4442  1632      NaN    0.000    0.000
47672  4466  1683      NaN    0.000    0.000
47674  4516  1664      NaN    2.270    5.447
47675  4410  1709    3.280    0.000    0.000
47677  4427  1780      NaN    4.047    5.267
47678  4457  1892    3.274    3.397    5.210
47682  4492  1614      NaN    0.000    0.000
47684  4098  1688      NaN    0.000    0.000
47690  4425  1487      NaN    3.057    4.360
47740  3734  1547      NaN    3.117    4.817
47741  3704  1631      NaN    0.000    0.000
47742  3723  1619      NaN    0.000    0.000
47744  3734  1632      NaN    0.000    0.000
47746  3835  1627      NaN    0.000    0.000
47747  3900  1621    4.845    2.113    4.617
47750  3956  1631      NaN    2.733    4.743
47754  3518  1746      NaN    0.000    0.000
47755  3592  1692      NaN    0.000    0.000
47756  3811  1674      NaN    0.000    0.000
47759  4003  1679      NaN    0.000    0.000
47761  4061  1649      NaN    0.000    0.000
47762  3466  1799      NaN    0.000    0.000
47765  3637  1748      NaN    0.000    0.000
47766  3647  1767      NaN    0.000    0.000
47767  3725  1743      NaN    0.000    0.000
47768  3800  1718      NaN    0.000    0.000
47769  3884  1700      NaN    0.000    0.000
47770  3945  1715      NaN    0.000    0.000
47772  3979  1716      NaN    0.000    0.000
47776  3910  1756      NaN    2.153    5.420
47777  3940  1767      NaN    0.000    0.000
47778  4007  1855      NaN    2.843    5.500
47780  4014  1715      NaN    0.000    0.000
47784  3523  1774      NaN    0.000    0.000
47800  3283  1771      NaN    0.000    0.000
47805  3311  1864      NaN    0.000    0.000
47807  3404  1840      NaN    0.000    0.000
47809  3439  1832      NaN    0.000    0.000
47812  3331  1886      NaN    0.000    0.000
47813  3395  1875      NaN    0.000    0.000
47814  3466  1870      NaN    0.000    0.000
47815  3542  1879      NaN    0.000    0.000
47817  3346  1935      NaN    0.000    0.000
47818  3391  1935    5.110    1.910    5.453
47819  3439  1926      NaN    0.000    0.000
47821  3480  1918    4.758    3.150    4.580
47822  3546  1952      NaN    0.000    0.000
47823  3383  2013      NaN    0.000    0.000
47824  3445  1993      NaN    0.000    0.000
47827  3423  2067      NaN    0.000    0.000
47829  3482  2047      NaN    0.000    0.000
47830  3520  2024      NaN    0.000    0.000
47831  3395  2099      NaN    1.947    5.967
47835  3518  2064    5.316    2.127    5.417
47836  3436  2198      NaN    2.323    6.110
47837  3471  2161      NaN    0.000    0.000
47838  3365  1995      NaN    0.000    0.000
47842  3176  2019      NaN    0.000    0.000
47843  3230  1939      NaN    0.000    0.000
47887  3673  1810      NaN    0.000    0.000
47890  3781  1761      NaN    0.000    0.000
47891  3815  1758      NaN    0.000    0.000
47892  3647  1879      NaN    0.000    0.000
47893  3759  1842      NaN    0.000    0.000
47895  3872  1786      NaN    0.000    0.000
47897  3663  1914    4.437    0.000    0.000
47898  3699  1937      NaN    0.000    0.000
47899  3830  1877      NaN    0.000    0.000
47909  3305  2422      NaN    2.307    5.710
47912  2579  2861      NaN    4.790    5.763
47917  2663  2864      NaN    0.000    0.000
47918  2708  2876      NaN    0.000    0.000
47927  2833  2823      NaN    0.000    0.000
47929  3003  2652      NaN    3.377    5.807
47936  3102  2667      NaN    0.000    0.000
47940  3133  2622      NaN    0.000    0.000
47942  3215  2528      NaN    3.207    5.673
47945  3499  2708      NaN    3.783    5.517
47971  4726  2566      NaN    0.000    0.000
48803   445  3081    4.142    2.363    4.777
48806   438  3212    1.876    3.773    5.327
48808   701  3062    4.718    2.860    4.630
48820   651  3245      NaN    0.000    0.000
48823   690  3312    4.983    0.987    1.167
48826   744  3271    4.432    2.730    4.597
48830   759  3156    4.583    2.860    4.620
48839   865  3346      NaN    0.000    0.000
48921   212  3178    3.775    3.970    5.053
48924   165  3243    4.810    3.727    4.970
48925   225  3284    2.023    3.400    4.500
48927   475  3314    5.179    3.667    4.957
50527  2213    89      NaN    0.000    0.000
50548  2657    91      NaN    0.757    3.903
50557  2827    94    3.839    0.783    4.150
50564  3064    64    3.810    0.983    3.480
50603  1884   150    3.183    0.403    4.803
50632  2456   139    4.446    0.980    3.477
50658  2900   219    3.854    0.000    0.000
50727  2234   318    4.387    0.980    3.827
50745  2680   294      NaN    0.000    0.000
50756  3021   288    4.113    0.973    4.090
50774  3238   257    4.689    1.687    3.353
50788  3583   311    3.791    1.223    3.950
50844  2624   404    3.702    0.483    5.123
50854  2836   406    3.821    0.777    4.547
50888  3606   414    4.319    1.147    3.960
50915  1901   503    3.478    0.377    5.137
50949  2786   552    3.705    0.990    4.373
50953  2999   477    3.744    1.077    4.307
50963  3219   453    4.375    0.863    4.897
50968  3133   537      NaN    0.000    0.000
50978  3466   527      NaN    0.000    0.000
50983  3693   475      NaN    0.000    0.000
52267   120   903      NaN    0.000    0.000
52378   266   968      NaN    0.000    0.000
52495   505  1037      NaN    0.000    0.000
52652    50  1240      NaN    0.000    0.000
52681   346  1274    3.233    0.167    6.797
52754    16  1420    4.189    1.337    3.863
52787   322  1435    3.217    1.283    3.963
52866   199  1500      NaN    0.000    0.000
52889   436  1563      NaN    0.000    0.000
52955    85  1616    3.689    1.040    4.303
52983   466  1584    3.505    1.143    4.387
52996   561  1638    3.981    1.573    4.190
53068  1345   712      NaN    0.163    6.413
53083  1586   604    3.204    0.377    5.403
53149  1136   837      NaN    0.200    6.190
53192  1675   671    3.022    0.290    5.730
53231   716   959      NaN    0.000    0.000
53276  1446   852      NaN    0.230    6.027
53336   955   946      NaN    0.310    6.080
53352  1170   931    3.332    0.290    5.803
53391  1569   908    3.607    0.377    5.670
53463  1310  1030      NaN    0.000    0.000
53480  1464  1005    3.734    0.603    5.210
53487  1494  1110      NaN    0.000    0.000
53502   645  1145      NaN    0.170    6.343
53513   830  1035      NaN    0.000    0.000
53529   895  1222      NaN    0.460    5.740
53543  1119  1140      NaN    0.000    0.000
53564  1250  1190      NaN    0.620    5.397
53588  1515  1239    4.525    1.437    4.600
53593  1632  1140      NaN    0.000    0.000
53614   695  1293    3.562    0.550    5.627
53646  1097  1315    3.900    0.680    5.267
53673  1423  1261      NaN    0.000    0.000
53698  1616  1341      NaN    0.000    0.000
53705   638  1403    3.538    0.680    5.467
53723   828  1367    3.602    0.833    4.997
53764  1244  1401      NaN    0.000    0.000
53772  1407  1369      NaN    0.000    0.000
53787  1455  1450    4.181    1.467    4.630
53798  1625  1450      NaN    0.000    0.000
53845  1065  1502    4.680    1.147    5.030
53863  1336  1453      NaN    0.000    0.000
53898  1614  1563    3.544    0.647    5.713
53915   748  1619      NaN    0.000    0.000
53923   856  1599      NaN    0.000    0.000
53959  1239  1675    3.232    0.370    6.203
53975  1390  1627      NaN    0.000    0.000
54012  1972   608    3.387    0.360    5.370
54026  2342   610      NaN    0.313    5.657
54027  2174   675    3.269    0.650    5.060
54049  2685   645    3.724    1.087    4.377
54094  3316   610      NaN    0.000    0.000
54096  3490   630      NaN    0.000    0.000
54102  1806   679    3.143    0.390    5.443
54115  2024   718    3.683    0.453    5.137
54135  2495   718      NaN    0.367    5.743
54157  2726   764    3.813    0.973    4.713
54161  2825   684      NaN    0.000    0.000
54186  3159   744      NaN    0.000    0.000
54208  1845   876    4.019    0.783    4.657
54218  2125   867      NaN    0.000    0.000
54226  2319   860    3.496    1.297    4.863
54236  2525   850    3.979    0.957    4.770
54259  2795   886    4.679    1.673    4.040
54273  2997   787    4.660    1.403    4.077
54292  3305   800    4.042    1.413    4.097
54308  1864   987    4.778    0.983    4.527
54311  1989   904      NaN    0.000    0.000
54324  2291   947    4.006    0.430    5.527
54337  2366   994      NaN    0.000    0.000
54342  2635   927    3.952    1.723    4.270
54346  2665   974      NaN    0.000    0.000
54374  3016   929    4.141    2.300    3.887
54377  2930   998    4.896    1.557    3.840
54386  3156   970    4.585    1.347    3.610
54401  1668  1033      NaN    0.000    0.000
54405  1737  1074      NaN    0.000    0.000
54423  2011  1011      NaN    0.000    0.000
54436  2123  1076    4.979    1.303    4.727
54471  2484  1046      NaN    0.000    0.000
54493  2777  1041    4.905    1.690    4.030
54497  2726  1115      NaN    0.000    0.000
54511  1825  1128      NaN    0.000    0.000
54527  1924  1222      NaN    0.000    0.000
54534  2028  1160      NaN    0.000    0.000
54539  2118  1184      NaN    0.000    0.000
54587  2601  1227      NaN    0.000    0.000
54602  1744  1250      NaN    0.000    0.000
54618  1855  1336      NaN    0.000    0.000
54662  2424  1244      NaN    0.000    0.000
54715  1856  1420      NaN    0.000    0.000
54725  1965  1401    3.510    1.273    5.240
54751  2321  1352      NaN    0.000    0.000
54753  2276  1388      NaN    0.000    0.000
54776  2542  1412      NaN    1.330    4.850
54808  1756  1543    4.266    0.753    5.630
54823  1911  1502    3.416    1.510    5.037
54826  1916  1541      NaN    0.000    0.000
54836  2034  1548      NaN    0.000    0.000
54843  2150  1483      NaN    0.000    0.000
54857  2278  1562      NaN    0.000    0.000
54863  2374  1483    3.936    1.287    4.723
54909  1744  1674    4.596    1.130    5.280
54916  1888  1618      NaN    0.000    0.000
54929  2011  1653    4.437    1.787    4.690
54945  2189  1632    4.090    0.000    0.000
56065   180  1711    4.388    1.497    3.703
56079   333  1840    5.164    1.560    3.713
56080   326  1681    4.594    1.723    3.510
56096   552  1860    4.125    0.000    0.000
56146     1  2060    4.436    1.747    3.977
56152    38  1985    4.440    1.537    3.903
56167   126  2131    4.310    1.930    3.653
56172   251  2028    5.118    1.867    3.863
56182   400  1944    5.339    2.060    3.773
56187   430  2163      NaN    0.973    1.910
56193   507  1970    3.256    2.363    3.463
56196   531  2079      NaN    0.000    0.000
56257    31  2241    4.534    2.040    4.280
56287   337  2243    4.509    2.507    4.070
56357    35  2347    4.211    2.337    4.057
56374   221  2235    4.006    1.983    3.593
56385   374  2295    4.586    2.377    3.713
56462   169  2353    3.424    1.883    3.990
56492   516  2375    3.967    1.667    5.053
56571   255  2476      NaN    0.000    0.000
56586   421  2540    4.571    2.247    4.307
56651    25  2596    4.330    1.850    4.487
56671   253  2616    5.020    1.977    5.090
56684   369  2642    4.943    1.917    4.670
56691   481  2592    5.429    2.290    4.430
56751    22  2723      NaN    2.517    4.660
56763   210  2719    0.005    1.597    5.327
56768   171  2799    0.005    2.963    5.000
56778   302  2799      NaN    0.000    0.000
56786   430  2736    4.602    1.733    4.547
56886   423  2853    4.635    2.380    4.830
56951    25  2919      NaN    3.370    5.180
56959    89  3137      NaN    0.000    0.000
56964   111  3051    4.375    2.663    4.647
56966   223  2958    0.198    2.433    4.783
56969   178  3193    2.312    3.667    5.123
56977   204  3068    3.983    3.893    5.167
56985   380  2982      NaN    0.000    0.000
57006   645  1728      NaN    0.000    0.000
57014   658  1730      NaN    0.000    0.000
57016   800  1754      NaN    0.000    0.000
57025   828  1735    4.392    0.920    4.903
57046  1130  1739      NaN    0.777    6.077
57067  1237  1787    3.748    0.720    5.070
57071  1394  1702    3.867    0.530    5.690
57083  1530  1713      NaN    0.000    0.000
57127   789  1898    3.574    0.000    0.000
57131  1005  1744      NaN    0.610    6.163
57178  1410  1901      NaN    0.000    0.000
57193  1627  1817    4.566    0.860    5.320
57237   901  2010    4.932    3.410    4.893
57245  1013  1937      NaN    0.000    0.000
57259  1207  2013    4.840    2.480    4.123
57265  1308  1974      NaN    0.000    0.000
57279  1420  2000    3.856    1.437    4.790
57290  1571  1905      NaN    0.000    0.000
57297  1575  2002      NaN    0.000    0.000
57306   669  2064      NaN    1.657    5.097
57328   841  2107      NaN    0.000    0.000
57348  1069  2127    5.337    2.940    4.400
57378  1408  2110      NaN    0.727    1.987
57399  1677  2108    4.388    1.893    4.563
57411   682  2151      NaN    0.000    0.000
57426   875  2164    4.121    1.620    4.723
57447  1061  2209    5.041    1.990    3.837
57461  1267  2163      NaN    0.000    0.000
57476  1362  2202      NaN    0.000    0.000
57494  1584  2172      NaN    0.000    0.000
57503   574  2284    4.603    1.947    4.587
57504   567  2288      NaN    0.000    0.000
57516   725  2288      NaN    0.000    0.000
57554  1140  2308    4.699    2.367    4.110
57584  1466  2310      NaN    0.000    0.000
57598  1634  2349    1.474    2.433    4.790
57602   610  2366      NaN    0.000    0.000
57604   604  2377    4.725    1.587    4.910
57633   983  2372    5.256    2.180    4.147
57655  1166  2413    4.870    1.557    4.893
57662  1310  2347      NaN    0.000    0.000
57687  1442  2439      NaN    0.000    0.000
57707   587  2543    5.058    2.480    4.320
57712   779  2495    4.274    2.160    4.273
57713   772  2499    4.670    2.267    4.380
57731   925  2471    4.565    2.233    4.183
57745  1086  2527    4.477    2.123    4.557
57766  1285  2551    4.267    2.090    4.843
57776  1423  2543    4.514    2.680    4.940
57793  1612  2487    4.794    0.000    0.000
57799  1677  2564      NaN    0.000    0.000
57816   755  2624      NaN    0.000    0.000
57832   972  2581    4.869    2.303    4.343
57845  1097  2670    4.790    2.770    4.460
57853  1192  2607    4.604    2.337    4.507
57866  1302  2663      NaN    0.000    0.000
57902   582  2752    4.802    2.553    4.737
57916   759  2752    4.184    2.350    4.627
57922   847  2708    4.954    3.000    4.580
57932   957  2693    3.958    2.743    4.497
57957  1155  2764    4.534    2.557    4.683
57972  1461  2711    5.240    2.670    4.687
57993  1681  2704    4.520    2.560    4.723
58027  1922  1761      NaN    0.000    0.000
58040  2144  1698      NaN    0.000    0.000
58102  1767  1806      NaN    0.000    0.000
58141  2133  1830    4.340    1.557    4.707
58144  2133  1838      NaN    0.000    0.000
58150  2269  1819    4.964    1.103    5.047
58203  1763  1920    4.128    1.787    4.617
58208  1750  1998    3.996    1.800    4.527
58221  1948  1914    4.573    1.317    4.840
58238  2118  2024    4.294    1.883    4.917
58251  2273  1922      NaN    0.000    0.000
58265  2420  2010    4.709    0.000    0.000
58314  1830  2084      NaN    0.000    0.000
58321  1939  2041    3.663    1.827    4.800
58338  2082  2112    4.734    1.793    4.863
58345  2183  2080      NaN    0.000    0.000
58362  2403  2082      NaN    0.000    0.000
58424  1911  2181      NaN    0.000    0.000
58437  2034  2226    6.161    2.420    4.857
58457  2260  2215      NaN    0.000    0.000
58472  2515  2159      NaN    0.000    0.000
58477  2478  2237    1.555    0.000    0.000
58506  1791  2288    4.859    2.690    5.077
58527  1927  2319      NaN    0.000    0.000
58543  2131  2284      NaN    0.000    0.000
58556  2332  2286      NaN    0.000    0.000
58569  2459  2331      NaN    0.000    0.000
58606  1784  2398    3.976    1.840    5.277
58633  2114  2357      NaN    0.000    0.000
58646  2232  2415    4.861    2.770    4.953
58660  2368  2370      NaN    0.000    0.000
58666  2452  2415      NaN    3.160    5.360
58715  1866  2512    4.673    2.733    5.160
58725  1957  2540    0.539    2.690    4.953
58730  2021  2491    1.134    1.950    4.903
58731  2077  2474    4.399    2.210    4.890
58752  2314  2489    4.314    0.000    0.000
58754  2263  2540      NaN    0.000    0.000
58813  1830  2594    4.211    2.110    4.953
58834  2034  2618      NaN    3.230    5.437
58847  2161  2680      NaN    0.000    0.000
58849  2234  2670      NaN    3.403    6.313
58853  2319  2577      NaN    0.000    0.000
58911  1834  2706    4.606    2.303    5.243
58921  1944  2693    5.491    0.000    0.000
58926  1950  2767      NaN    4.190    5.767
58931  2028  2721    5.026    3.357    5.577
58944  2217  2743      NaN    0.000    0.000
58968  2411  2797      NaN    0.000    0.000
58974  2472  2730      NaN    0.000    0.000
59007   568  2906    3.928    2.603    4.600
59023   901  2835    4.932    2.657    4.703
59046  1054  2874      NaN    0.000    0.000
59058  1179  2891    4.550    2.653    4.660
59072  1386  2823      NaN    0.000    0.000
59082  1524  2838    5.034    3.430    4.850
59087  1515  2926      NaN    0.000    0.000
59096  1623  2872    5.207    3.217    4.990
59102  1754  2807    3.955    2.400    5.160
59117  1806  2879      NaN    0.000    0.000
59134  2026  2859      NaN    0.000    0.000
59152  2349  2823      NaN    0.000    0.000
59158  2318  2896      NaN    0.000    0.000
59162  2437  2827      NaN    0.000    0.000
59209   667  2991    5.428    2.917    4.700
59211   740  2924    4.449    0.867    1.147
59254  1130  2980      NaN    0.000    0.000
59265  1267  2971    4.767    2.887    5.130
59278  1397  3019    5.361    0.000    0.000
59287  1494  3006      NaN    0.000    0.000
59293  1651  2935    4.418    2.747    5.060
59316  1870  2980      NaN    0.000    0.000
59348  2204  2995      NaN    3.083    6.853
59353  2331  2967    4.919    4.010    5.567
59358  2265  3025      NaN    0.000    0.000
59362  2422  2911      NaN    0.000    0.000
59368  2394  3014      NaN    0.000    0.000
59417   757  3096    4.002    4.253    5.673
59431   921  3066    4.450    2.993    4.857
59456  1226  3098    4.723    2.973    4.880
59493  1580  3075      NaN    0.000    0.000
59501  1722  3049      NaN    0.000    0.000
59554  2271  3068      NaN    0.000    0.000
59556  2342  3098      NaN    0.000    0.000
59559  2325  3137    2.446    3.200    5.553
59562  2370  3053      NaN    0.000    0.000
59567  2415  3133      NaN    0.000    0.000
59632   966  3143    4.522    3.167    5.193
59644  1020  3195      NaN    0.000    0.000
59658  1155  3232    1.462    3.570    4.983
59663  1341  3156    4.688    2.960    4.843
59673  1431  3167      NaN    0.000    0.000
59758  1149  3361      NaN    0.000    0.000
59792  1873  3286      NaN    0.000    0.000
