30949  1341    50    4.265    0.616   10.494
30967  1765    12    4.163    0.494   11.768
30978  2060    20    4.169    0.426   12.023
31583  3352    25    3.216    0.287    5.668
31587  3210    44    5.216    1.890    8.368
31594  3370    66    3.739    1.110    9.465
31618  3637   111    4.191    1.352    4.268
31624  3723    68    5.122    1.890    4.181
31632  3880     8    5.030    0.987    3.887
31636  3891    51    4.488    2.535    4.145
31655  4096    63      NaN    1.548    7.371
31702  3482   113    4.720    2.181    6.629
31703  3555   113    4.061    1.768    7.439
31707  3469   255    5.681    1.139    9.574
31710  3654   231    2.447    1.739    7.684
31713  3691   143    3.365    1.726    7.152
31725  3790   156    4.179    1.961    6.358
31733  4020   134      NaN    3.271    5.645
31735  3940   167    5.426    1.761    6.374
31754  4151   158    4.049    0.994    4.032
31770  4515   113      NaN    1.674    3.710
31786  3900   275    4.196    1.887    6.103
31788  3846   320    4.541    1.655    6.535
31792  3992   251      NaN    1.645    6.535
31801  4054   262    5.275    1.174    3.777
31823  4429   229      NaN    0.000    0.000
31825  4302   270    3.982    0.894    2.739
31829  4367   302      NaN    0.000    0.000
31832  3839   359      NaN    1.410    7.290
31845  3956   389    5.373    2.226    4.158
31866  4294   389    7.318    0.810    2.510
31873  3779   464    4.401    1.826    7.484
31878  3757   552    3.186    1.839    7.671
31884  3839   514    4.645    1.529    7.290
31909  4100   561      NaN    1.032    3.284
31913  3583   537      NaN    0.000    0.000
31915  3516   628    2.743    0.800    9.087
31917  3508   669    1.920    0.761    9.535
31921  3592   593      NaN    1.277    8.758
31924  3592   624    1.987    1.619    7.955
31931  3706   583    3.478    1.942    7.529
31935  3751   626    4.521    1.758    4.539
31939  3794   656    3.914    1.858    6.126
31958  3971   645    4.636    1.465    5.403
31959  4016   632      NaN    0.000    0.000
31960  3578   772      NaN    0.000    0.000
31961  3581   686    3.009    1.142    8.139
31969  3451   824      NaN    0.000    0.000
31977  3591   755      NaN    1.084    4.306
31981  3704   677    4.840    0.958    7.819
31987  3699   768    5.598    1.284    4.255
31989  3798   796      NaN    0.000    0.000
31994  3828   720    5.781    1.032    3.865
32088  4709   106      NaN    0.000    0.000
32098  4828    89      NaN    0.000    0.000
32099  5011   152      NaN    0.000    0.000
32121  4727   227      NaN    0.000    0.000
32128  4711   331      NaN    0.000    0.000
32133  4795   300    3.300    0.716    2.235
32150  4785   343    5.618    0.000    0.000
44230   225    50    4.148    0.510   11.406
44231    20    42    4.121    0.590   10.423
44232   303    70    4.809    0.429   10.981
44237   156   165    4.508    0.503    9.674
44239   399   135    4.753    0.397   10.606
44241   680   122    4.483    0.429   11.148
44256  1614    51    3.821    0.510   11.481
44259  1631   216    4.122    0.529   11.839
44282   165   287    5.281    0.587   10.065
44284    16   371    4.603    0.432   11.000
44285   311   348    4.744    0.513   10.613
44287    78   434    4.796    0.319   12.768
44288   313   419    4.487    0.465   13.077
44292   770   234      NaN    0.000    0.000
44294   839   303    4.061    0.445   11.681
44298   921   399    4.309    0.368   12.748
44302  1358   249    4.318    0.468   11.113
44304  1192   302    4.289    0.484   11.735
44305  1489   372    4.365    0.516   12.216
44313  2086   268    5.067    0.413   11.768
44314  1752   318    4.566    0.494   12.155
44317  1722   460    4.738    0.448   11.919
44336   438   511      NaN    0.448   14.542
44341   705   475    4.615    0.406   13.761
44347   596   626      NaN    0.423   14.329
44352  1386   479    4.571    0.516   12.877
44354  1134   572    4.035    0.510   13.310
44358  1334   703    4.374    0.494   13.142
44373   496   720      NaN    0.000    0.000
45004  1588  3102      NaN    0.000    0.000
45005  1588  3103      NaN    0.000    0.000
45007  1560  3102      NaN    0.000    0.000
45011  1520  3118      NaN    0.000    0.000
45013  1520  3118      NaN    0.000    0.000
45018  1520  3122      NaN    0.000    0.000
45020  1517  3116      NaN    0.000    0.000
45031  1618  3075      NaN    2.145    3.981
45032  1586  3077    0.496    2.339    4.294
45033  1603  3077      NaN    4.087    6.032
45034  1595  3083    4.239    3.545    4.371
45035  1567  3085      NaN    0.000    0.000
45036  1608  3085      NaN    0.000    0.000
45037  1590  3087      NaN    0.000    0.000
45038  1565  3092      NaN    0.000    0.000
45039  1591  3092      NaN    0.000    0.000
45040  1599  3094      NaN    0.000    0.000
45041  1597  3102      NaN    0.000    0.000
45042  1558  3103      NaN    0.000    0.000
45043  1588  3109      NaN    0.000    0.000
45044  1571  3115      NaN    0.000    0.000
45045  1603  3116      NaN    0.000    0.000
47003  3406   862      NaN    1.442    7.203
47005  3171   918    4.978    0.916    3.929
47008  3340   921      NaN    0.000    0.000
47014  3012   921    6.117    1.332    8.471
47016  3156   964      NaN    0.000    0.000
47020  2980  1013    5.695    0.610    5.055
47022  3154  1030    5.921    1.455    7.323
47025  3271  1046      NaN    0.858    4.832
47028  2794  1071      NaN    0.803    9.516
47031  3053  1080    5.907    1.574    6.800
47035  2732  1110      NaN    0.000    0.000
47037  2829  1123    5.991    1.184    9.723
47039  2941  1102    5.862    0.987    8.932
47041  3087  1128    5.269    1.139    9.155
47046  3158  1117      NaN    0.000    0.000
47050  2874  1164      NaN    0.981   10.813
47052  2986  1209    6.734    1.200    8.174
47055  3074  1212      NaN    0.581    5.613
47058  2889  1229      NaN    0.000    0.000
47060  2844  1265      NaN    0.000    0.000
47061  3158  1263    7.173    0.000    0.000
47065  2887  1287      NaN    0.000    0.000
47067  2973  1289    5.261    1.058    9.365
47068  2788  1328    6.430    1.887    7.661
47069  2879  1341    6.168    0.735   10.058
47070  2976  1349    6.032    0.939   10.210
47075  3057  1298    5.586    1.203    8.758
47090  3200  1317      NaN    0.000    0.000
47092  3212  1338    6.162    1.990    7.445
47095  3059  1328    6.363    1.135    8.632
47097  3079  1427    5.389    1.132    9.158
47098  3032  1356      NaN    0.000    0.000
47099  2997  1358      NaN    0.000    0.000
47100  3217  1380    3.803    1.148    8.284
47101  3107  1356      NaN    0.000    0.000
47102  2760  1349      NaN    4.632    6.510
47104  3232  1367    6.747    1.619    4.845
47105  3236  1373      NaN    0.000    0.000
47106  3262  1401      NaN    0.000    0.000
47108  3019  1394      NaN    0.000    0.000
47110  3001  1394      NaN    0.000    0.000
47112  2982  1403      NaN    0.000    0.000
47113  2962  1405      NaN    1.316    9.755
47114  3131  1420    5.915    0.000    0.000
47115  3464  1401      NaN    3.342    4.913
47119  3023  1427      NaN    0.000    0.000
47121  3187  1436    4.104    1.171    7.568
47127  3131  1461      NaN    0.000    0.000
47129  2969  1481    5.839    0.945    9.994
47130  3296  1459      NaN    0.000    0.000
47131  3074  1498      NaN    0.000    0.000
47133  3066  1528      NaN    0.000    0.000
47135  3135  1545    5.091    2.335    6.461
47136  3215  1506    6.136    2.332    6.584
47137  3154  1524    6.633    2.306    6.797
47138  3292  1565      NaN    0.000    0.000
47140  2997  1569      NaN    0.000    0.000
47143  3206  1582      NaN    0.000    0.000
47145  3038  1483    5.827    2.065    7.648
47146  3042  1590      NaN    0.000    0.000
47150  2975  1532      NaN    0.926    9.777
47151  3288  1614      NaN    0.000    0.000
47152  3284  1619      NaN    0.000    0.000
47154  3172  1556      NaN    0.000    0.000
47155  3200  1662      NaN    0.000    0.000
47156  3012  1662      NaN    0.000    0.000
47157  3126  1606    6.363    1.942    7.039
47159  3253  1670      NaN    0.000    0.000
47162  3186  1698      NaN    0.000    0.000
47163  2954  1683      NaN    0.000    0.000
47165  2956  1702      NaN    0.000    0.000
47167  3094  1700      NaN    0.000    0.000
47168  3107  1711      NaN    0.000    0.000
47169  2851  1716      NaN    2.381    4.135
47170  2991  1750      NaN    5.413    6.761
47171  3010  1619      NaN    0.000    0.000
47172  2991  1632      NaN    0.710    9.271
47173  3062  1636    5.866    2.142    6.987
47174  3051  1674      NaN    2.955    5.435
47175  2948  1741    5.796    5.239    6.719
47182  2969  1847      NaN    0.000    0.000
47184  2971  1849      NaN    0.000    0.000
47185  2930  1873      NaN    0.000    0.000
47188  3010  1862      NaN    1.671    4.697
47189  2975  1879      NaN    0.000    0.000
47192  3150  1659      NaN    0.000    0.000
47401  4670   514      NaN    0.000    0.000
47402  4770   568    7.165    1.465    3.761
47404  4671   632      NaN    0.000    0.000
47405  4813   608    7.215    1.745    5.129
47406  4664   679      NaN    0.000    0.000
47407  4746   701      NaN    0.000    0.000
47409  4961   671      NaN    2.100    4.358
47411  4595   764      NaN    0.000    0.000
47412  4630   778      NaN    0.000    0.000
47413  4681   761      NaN    1.758    4.445
47417  4841   794      NaN    0.000    0.000
47418  4972   787      NaN    0.000    0.000
47421  4505   807      NaN    2.329    3.858
47423  4591   862      NaN    0.000    0.000
47424  4655   828      NaN    0.000    0.000
47426  4793   878      NaN    0.000    0.000
47428  4494   912      NaN    0.000    0.000
47430  4565   918      NaN    0.000    0.000
47433  4565   796      NaN    0.000    0.000
47435  4856   634      NaN    0.000    0.000
47440  4852   863      NaN    0.000    0.000
47512  4673  1226    7.142    1.716    3.619
47520  4516  1261    5.592    1.629    5.684
47570  4472  1403      NaN    0.000    0.000
47574  4474  1048      NaN    1.858    4.087
47575  4567  1030      NaN    0.000    0.000
47576  4617   977    6.173    1.123    3.316
47581  4651  1061      NaN    0.000    0.000
47582  4492  1153      NaN    0.000    0.000
47584  4612  1155      NaN    0.000    0.000
47585  4701  1160    5.786    1.268    3.610
47587  4464  1242      NaN    0.000    0.000
47588  4520  1317      NaN    0.000    0.000
47590  4582  1315      NaN    0.000    0.000
47592  4627  1296      NaN    0.000    0.000
47595  4533  1371      NaN    0.000    0.000
47597  4505  1442      NaN    0.000    0.000
47598  4582  1463      NaN    0.000    0.000
47600  4134  1412      NaN    0.000    0.000
47602  4283  1341      NaN    0.000    0.000
47604  4375  1354      NaN    0.000    0.000
47605  4104  1504      NaN    0.000    0.000
47606  4151  1479      NaN    0.000    0.000
47607  4167  1489      NaN    0.000    0.000
47610  4279  1494      NaN    0.000    0.000
47612  4285  1446    5.862    1.377    6.416
47615  4466  1507      NaN    0.000    0.000
47616  4057  1563      NaN    0.000    0.000
47617  4173  1552      NaN    0.000    0.000
47618  4253  1541      NaN    0.000    0.000
47620  4270  1563      NaN    0.000    0.000
47622  4319  1530      NaN    0.000    0.000
47624  4376  1524      NaN    0.000    0.000
47626  4412  1552      NaN    0.000    0.000
47629  4533  1526      NaN    0.000    0.000
47631  4040  1608      NaN    0.000    0.000
47632  4119  1636      NaN    0.000    0.000
47636  4141  1662      NaN    0.000    0.000
47637  4236  1623      NaN    0.000    0.000
47638  4319  1606      NaN    0.000    0.000
47639  4339  1640      NaN    0.000    0.000
47640  4343  1625      NaN    0.000    0.000
47641  4376  1571      NaN    0.000    0.000
47648  4576  1599      NaN    0.000    0.000
47649  4050  1707      NaN    0.000    0.000
47651  4091  1711      NaN    0.000    0.000
47653  4156  1722      NaN    0.000    0.000
47654  4225  1713      NaN    0.000    0.000
47655  4281  1726      NaN    0.000    0.000
47656  4302  1683      NaN    0.000    0.000
47657  4362  1668      NaN    0.000    0.000
47662  4455  1604      NaN    0.000    0.000
47663  4055  1786      NaN    1.542    4.203
47666  4352  1726      NaN    0.000    0.000
47668  4380  1675      NaN    2.297    5.261
47670  4442  1632      NaN    0.000    0.000
47672  4466  1683      NaN    0.000    0.000
47674  4516  1664      NaN    1.316    5.055
47675  4410  1709      NaN    0.000    0.000
47677  4427  1780      NaN    3.284    5.503
47678  4457  1892    6.904    2.384    5.019
47682  4492  1614      NaN    0.000    0.000
47684  4098  1688      NaN    0.000    0.000
47690  4425  1487      NaN    1.110    3.755
47740  3734  1547      NaN    3.490    5.381
47741  3704  1631      NaN    0.000    0.000
47742  3723  1619      NaN    0.000    0.000
47744  3734  1632      NaN    0.000    0.000
47746  3835  1627      NaN    0.000    0.000
47747  3900  1621    6.552    2.000    6.016
47750  3956  1631      NaN    2.087    4.616
47754  3518  1746      NaN    0.000    0.000
47755  3592  1692      NaN    0.000    0.000
47756  3811  1674      NaN    0.000    0.000
47759  4003  1679      NaN    0.000    0.000
47761  4061  1649      NaN    0.000    0.000
47762  3466  1799      NaN    0.000    0.000
47765  3637  1748      NaN    0.000    0.000
47766  3647  1767      NaN    0.000    0.000
47767  3725  1743      NaN    0.000    0.000
47768  3800  1718      NaN    0.000    0.000
47769  3884  1700      NaN    0.000    0.000
47770  3945  1715      NaN    0.000    0.000
47772  3979  1716      NaN    0.000    0.000
47776  3910  1756      NaN    1.500    4.981
47777  3940  1767      NaN    0.000    0.000
47778  4007  1855      NaN    2.806    5.065
47780  4014  1715      NaN    0.000    0.000
47784  3523  1774      NaN    0.000    0.000
47800  3283  1771      NaN    0.000    0.000
47805  3311  1864      NaN    0.000    0.000
47807  3404  1840      NaN    0.000    0.000
47809  3439  1832      NaN    0.000    0.000
47812  3331  1886      NaN    0.000    0.000
47813  3395  1875      NaN    0.000    0.000
47814  3466  1870      NaN    0.000    0.000
47815  3542  1879      NaN    0.000    0.000
47817  3346  1935      NaN    0.000    0.000
47818  3391  1935    8.192    4.239    6.587
47819  3439  1926      NaN    0.000    0.000
47821  3480  1918    5.433    1.529    4.719
47822  3546  1952      NaN    0.000    0.000
47823  3383  2013      NaN    0.000    0.000
47824  3445  1993      NaN    0.000    0.000
47827  3423  2067      NaN    0.000    0.000
47829  3482  2047      NaN    0.000    0.000
47830  3520  2024      NaN    0.000    0.000
47831  3395  2099      NaN    1.139    4.687
47835  3518  2064    7.201    1.271    5.087
47836  3436  2198      NaN    1.632    4.800
47837  3471  2161      NaN    0.000    0.000
47838  3365  1995      NaN    0.000    0.000
47842  3176  2019      NaN    0.000    0.000
47843  3230  1939      NaN    0.000    0.000
47887  3673  1810      NaN    0.000    0.000
47890  3781  1761      NaN    0.000    0.000
47891  3815  1758      NaN    0.000    0.000
47892  3647  1879      NaN    0.000    0.000
47893  3759  1842      NaN    0.000    0.000
47895  3872  1786      NaN    0.000    0.000
47897  3663  1914    6.647    0.000    0.000
47898  3699  1937      NaN    0.000    0.000
47899  3830  1877      NaN    0.000    0.000
47909  3305  2422      NaN    1.474    4.516
47912  2579  2861      NaN    4.310    5.629
47917  2663  2864      NaN    0.000    0.000
47918  2708  2876      NaN    0.000    0.000
47927  2833  2823      NaN    0.000    0.000
47929  3003  2652      NaN    3.290    6.497
47936  3102  2667      NaN    0.000    0.000
47940  3133  2622      NaN    0.000    0.000
47942  3215  2528      NaN    2.823    5.519
47945  3499  2708      NaN    2.335    4.255
47971  4726  2566      NaN    0.000    0.000
48803   445  3081    4.668    2.197    5.594
48806   438  3212    0.494    2.681    4.906
48808   701  3062    5.563    1.926    4.603
48820   651  3245      NaN    0.000    0.000
48823   690  3312    4.912    0.000    0.000
48826   744  3271    5.458    2.294    5.726
48830   759  3156    5.152    2.397    5.074
48839   865  3346      NaN    0.000    0.000
48921   212  3178    0.604    1.606    2.945
48924   165  3243    2.400    3.558    4.232
48925   225  3284    1.179    3.532    4.790
48927   475  3314    1.634    2.639    4.606
50527  2213    89      NaN    0.000    0.000
50548  2657    91      NaN    0.568   11.713
50557  2827    94    4.644    0.687   12.597
50564  3064    64    5.171    0.713   10.316
50603  1884   150    4.567    0.435   12.303
50632  2456   139    2.073    0.510   10.787
50658  2900   219    4.719    0.000    0.000
50727  2234   318    6.343    0.477   10.800
50745  2680   294      NaN    0.000    0.000
50756  3021   288    5.225    0.697   12.510
50774  3238   257    6.937    1.481    4.671
50788  3583   311    5.059    0.845   10.955
50844  2624   404    4.548    0.490   12.568
50854  2836   406    4.831    0.532   12.671
50888  3606   414    4.870    0.871   10.461
50915  1901   503    4.667    0.542   12.629
50949  2786   552    5.245    0.600   13.394
50953  2999   477    4.971    0.584   11.752
50963  3219   453    6.012    0.723   10.406
50968  3133   537      NaN    0.000    0.000
50978  3466   527      NaN    0.000    0.000
50983  3693   475      NaN    0.000    0.000
52267   120   903      NaN    0.000    0.000
52378   266   968      NaN    0.000    0.000
52495   505  1037      NaN    0.000    0.000
52652    50  1240      NaN    0.000    0.000
52681   346  1274    4.938    0.568   12.884
52754    16  1420    5.711    1.461    6.190
52787   322  1435    4.790    1.029    7.448
52866   199  1500      NaN    0.000    0.000
52889   436  1563      NaN    0.000    0.000
52955    85  1616    4.695    1.216    7.674
52983   466  1584    4.858    0.810    8.597
52996   561  1638    5.425    1.316    7.194
53068  1345   712      NaN    0.506   13.619
53083  1586   604    4.635    0.416   12.400
53149  1136   837      NaN    0.416   12.303
53192  1675   671    4.529    0.442   12.419
53231   716   959      NaN    0.000    0.000
53276  1446   852      NaN    0.487   13.332
53336   955   946      NaN    0.539   13.594
53352  1170   931    4.536    0.400   13.271
53391  1569   908    4.506    0.458   12.881
53463  1310  1030      NaN    0.000    0.000
53480  1464  1005    5.430    0.477   12.810
53487  1494  1110      NaN    0.000    0.000
53502   645  1145      NaN    0.516   12.326
53513   830  1035      NaN    0.000    0.000
53529   895  1222      NaN    0.448   11.774
53543  1119  1140      NaN    0.000    0.000
53564  1250  1190      NaN    0.658   13.203
53588  1515  1239    3.719    0.781   10.713
53593  1632  1140      NaN    0.000    0.000
53614   695  1293    4.847    0.461   10.968
53646  1097  1315    4.836    0.723   12.584
53673  1423  1261      NaN    0.000    0.000
53698  1616  1341      NaN    0.000    0.000
53705   638  1403    5.121    0.468   11.206
53723   828  1367    4.148    0.452    9.994
53764  1244  1401      NaN    0.000    0.000
53772  1407  1369      NaN    0.000    0.000
53787  1455  1450    5.153    0.377   11.400
53798  1625  1450      NaN    0.000    0.000
53845  1065  1502    5.638    1.087    9.710
53863  1336  1453      NaN    0.000    0.000
53898  1614  1563    5.017    0.768   11.997
53915   748  1619      NaN    0.000    0.000
53923   856  1599      NaN    0.000    0.000
53959  1239  1675    5.000    0.865   12.268
53975  1390  1627      NaN    0.000    0.000
54012  1972   608    4.840    0.526   12.197
54026  2342   610      NaN    0.455   12.961
54027  2174   675    4.794    0.484   12.952
54049  2685   645    4.324    0.597   12.448
54094  3316   610      NaN    0.000    0.000
54096  3490   630      NaN    0.000    0.000
54102  1806   679    4.989    0.510   12.155
54115  2024   718    5.134    0.439   12.297
54135  2495   718      NaN    0.465   12.923
54157  2726   764    4.968    0.548   12.523
54161  2825   684      NaN    0.000    0.000
54186  3159   744      NaN    0.000    0.000
54208  1845   876    4.947    0.600   11.284
54218  2125   867      NaN    0.000    0.000
54226  2319   860    4.479    0.426   12.842
54236  2525   850    4.753    0.710   12.558
54259  2795   886    6.234    0.458    9.790
54273  2997   787    5.011    0.748   10.690
54292  3305   800    5.548    0.887    8.523
54308  1864   987    5.599    0.645   12.558
54311  1989   904      NaN    0.000    0.000
54324  2291   947    5.268    0.606   13.268
54337  2366   994      NaN    0.000    0.000
54342  2635   927    5.318    0.616   13.165
54346  2665   974      NaN    0.000    0.000
54374  3016   929    2.542    1.097    4.445
54377  2930   998    6.082    1.161    7.816
54386  3156   970    4.602    1.558    6.710
54401  1668  1033      NaN    0.000    0.000
54405  1737  1074      NaN    0.000    0.000
54423  2011  1011      NaN    0.000    0.000
54436  2123  1076    6.399    1.194   10.216
54471  2484  1046      NaN    0.000    0.000
54493  2777  1041    5.950    0.784   10.019
54497  2726  1115      NaN    0.000    0.000
54511  1825  1128      NaN    0.000    0.000
54527  1924  1222      NaN    0.000    0.000
54534  2028  1160      NaN    0.000    0.000
54539  2118  1184      NaN    0.000    0.000
54587  2601  1227      NaN    0.000    0.000
54602  1744  1250      NaN    0.000    0.000
54618  1855  1336      NaN    0.000    0.000
54662  2424  1244      NaN    0.000    0.000
54715  1856  1420      NaN    0.000    0.000
54725  1965  1401    5.081    1.052   11.013
54751  2321  1352      NaN    0.000    0.000
54753  2276  1388      NaN    0.000    0.000
54776  2542  1412      NaN    1.255    8.500
54808  1756  1543    6.559    0.745   11.545
54823  1911  1502    5.281    2.119   10.310
54826  1916  1541      NaN    0.000    0.000
54836  2034  1548      NaN    0.000    0.000
54843  2150  1483      NaN    0.000    0.000
54857  2278  1562      NaN    0.000    0.000
54863  2374  1483    5.072    0.874    9.206
54909  1744  1674    6.393    1.155   10.026
54916  1888  1618      NaN    0.000    0.000
54929  2011  1653    5.189    1.535    9.352
54945  2189  1632    5.965    0.000    0.000
56065   180  1711    5.034    1.648    5.977
56079   333  1840    5.607    1.890    5.568
56080   326  1681    4.579    2.068    5.352
56096   552  1860    5.718    0.000    0.000
56146     1  2060    5.030    1.500    7.577
56152    38  1985    4.418    1.535    6.923
56167   126  2131    4.584    1.581    8.268
56172   251  2028    4.119    1.739    5.055
56182   400  1944    5.598    2.165    4.906
56187   430  2163      NaN    0.000    0.000
56193   507  1970    4.879    2.035    4.132
56196   531  2079      NaN    0.000    0.000
56257    31  2241    3.895    1.355   10.290
56287   337  2243    5.743    2.287    7.023
56357    35  2347    4.383    1.697    9.939
56374   221  2235    2.951    1.365    3.852
56385   374  2295      NaN    1.355    5.206
56462   169  2353    1.161    0.910    5.919
56492   516  2375    4.940    0.845    9.832
56571   255  2476      NaN    0.000    0.000
56586   421  2540    3.875    1.819    8.694
56651    25  2596    3.895    0.216    7.842
56671   253  2616    5.040    1.019   14.068
56684   369  2642    5.300    1.181   10.297
56691   481  2592    4.990    1.571    8.539
56751    22  2723      NaN    0.626   12.065
56763   210  2719    0.005    0.877   11.484
56768   171  2799    0.005    0.729    6.506
56778   302  2799      NaN    0.000    0.000
56786   430  2736    5.070    1.955    8.529
56886   423  2853    4.522    2.281    6.935
56951    25  2919      NaN    4.590    5.977
56959    89  3137      NaN    0.000    0.000
56964   111  3051    4.940    1.819    6.906
56966   223  2958    0.005    1.868    6.242
56969   178  3193    1.227    3.803    5.352
56977   204  3068    1.992    3.577    4.755
56985   380  2982      NaN    0.000    0.000
57006   645  1728      NaN    0.000    0.000
57014   658  1730      NaN    0.000    0.000
57016   800  1754      NaN    0.000    0.000
57025   828  1735    6.595    1.765    8.065
57046  1130  1739      NaN    1.855    9.406
57067  1237  1787    5.384    0.671   10.274
57071  1394  1702    6.067    0.694   11.155
57083  1530  1713      NaN    0.000    0.000
57127   789  1898    5.658    0.000    0.000
57131  1005  1744      NaN    0.848   11.445
57178  1410  1901      NaN    0.000    0.000
57193  1627  1817    6.260    0.926   11.171
57237   901  2010    5.955    4.323    6.174
57245  1013  1937      NaN    0.000    0.000
57259  1207  2013    5.893    2.906    4.365
57265  1308  1974      NaN    0.000    0.000
57279  1420  2000    5.348    2.942    8.132
57290  1571  1905      NaN    0.000    0.000
57297  1575  2002      NaN    0.000    0.000
57306   669  2064      NaN    0.926    9.368
57328   841  2107      NaN    0.000    0.000
57348  1069  2127    5.521    3.732    5.742
57378  1408  2110      NaN    1.061    8.826
57399  1677  2108    5.582    1.655    7.690
57411   682  2151      NaN    0.000    0.000
57426   875  2164    6.361    1.610    7.119
57447  1061  2209    5.512    2.184    4.490
57461  1267  2163      NaN    0.000    0.000
57476  1362  2202      NaN    0.000    0.000
57494  1584  2172      NaN    0.000    0.000
57503   574  2284    4.260    1.135   10.319
57504   567  2288      NaN    0.000    0.000
57516   725  2288      NaN    0.000    0.000
57554  1140  2308    5.511    2.235    3.765
57584  1466  2310      NaN    0.000    0.000
57598  1634  2349    3.783    2.113    4.742
57602   610  2366      NaN    0.000    0.000
57604   604  2377      NaN    0.000    0.000
57633   983  2372    6.493    1.697    3.761
57655  1166  2413    5.732    1.506    4.813
57662  1310  2347      NaN    0.000    0.000
57687  1442  2439      NaN    0.000    0.000
57707   587  2543    4.634    2.284    5.339
57712   779  2495    4.495    3.081    5.435
57713   772  2499    5.120    2.119    4.968
57731   925  2471    4.694    2.190    4.135
57745  1086  2527    5.196    1.797    4.342
57766  1285  2551    6.161    2.219    5.116
57776  1423  2543    4.810    1.526    3.777
57793  1612  2487    5.466    0.000    0.000
57799  1677  2564      NaN    0.000    0.000
57816   755  2624      NaN    0.000    0.000
57832   972  2581    4.064    1.981    3.590
57845  1097  2670    6.434    1.629    3.035
57853  1192  2607    5.331    0.000    0.000
57866  1302  2663      NaN    0.000    0.000
57902   582  2752    3.850    2.674    5.639
57916   759  2752    4.659    2.294    4.535
57922   847  2708    5.305    1.039    2.503
57932   957  2693    6.039    1.855    3.365
57957  1155  2764    5.352    0.000    0.000
57972  1461  2711    5.575    2.926    4.845
57993  1681  2704    5.108    3.435    5.771
58027  1922  1761      NaN    0.000    0.000
58040  2144  1698      NaN    0.000    0.000
58102  1767  1806      NaN    0.000    0.000
58141  2133  1830    5.058    0.529    9.668
58144  2133  1838      NaN    0.000    0.000
58150  2269  1819    6.244    0.987   10.381
58203  1763  1920    5.706    3.142    8.132
58208  1750  1998    5.537    1.839    8.671
58221  1948  1914    5.844    0.874   10.306
58238  2118  2024    5.308    1.426    9.168
58251  2273  1922      NaN    0.000    0.000
58265  2420  2010    6.387    0.000    0.000
58314  1830  2084      NaN    0.000    0.000
58321  1939  2041    5.303    1.400    9.390
58338  2082  2112    5.575    1.726    8.290
58345  2183  2080      NaN    0.000    0.000
58362  2403  2082      NaN    0.000    0.000
58424  1911  2181      NaN    0.000    0.000
58437  2034  2226    7.081    1.452    4.484
58457  2260  2215      NaN    0.000    0.000
58472  2515  2159      NaN    0.000    0.000
58477  2478  2237    3.841    0.000    0.000
58506  1791  2288    6.246    2.152    4.942
58527  1927  2319      NaN    0.000    0.000
58543  2131  2284      NaN    0.000    0.000
58556  2332  2286      NaN    0.000    0.000
58569  2459  2331      NaN    0.000    0.000
58606  1784  2398    5.081    2.374    6.294
58633  2114  2357      NaN    0.000    0.000
58646  2232  2415    5.717    1.697    5.065
58660  2368  2370      NaN    0.000    0.000
58666  2452  2415      NaN    1.445    2.906
58715  1866  2512    5.564    2.374    5.858
58725  1957  2540    2.528    1.545    3.526
58730  2021  2491    2.737    1.035    3.168
58731  2077  2474    5.866    0.990    3.003
58752  2314  2489    5.724    0.000    0.000
58754  2263  2540      NaN    0.000    0.000
58813  1830  2594    5.206    2.323    5.781
58834  2034  2618      NaN    3.106    4.606
58847  2161  2680      NaN    0.000    0.000
58849  2234  2670      NaN    3.790    5.984
58853  2319  2577      NaN    0.000    0.000
58911  1834  2706    5.086    2.539    6.010
58921  1944  2693    5.793    0.000    0.000
58926  1950  2767      NaN    4.926    6.103
58931  2028  2721    4.058    2.219    4.223
58944  2217  2743      NaN    0.000    0.000
58968  2411  2797      NaN    0.000    0.000
58974  2472  2730      NaN    0.000    0.000
59007   568  2906    4.250    2.555    6.094
59023   901  2835    6.424    0.000    0.000
59046  1054  2874      NaN    0.000    0.000
59058  1179  2891    5.725    2.877    4.519
59072  1386  2823      NaN    0.000    0.000
59082  1524  2838    5.308    3.135    4.458
59087  1515  2926      NaN    0.000    0.000
59096  1623  2872    5.280    2.455    4.426
59102  1754  2807    4.918    2.168    4.771
59117  1806  2879      NaN    0.000    0.000
59134  2026  2859      NaN    0.000    0.000
59152  2349  2823      NaN    0.000    0.000
59158  2318  2896      NaN    0.000    0.000
59162  2437  2827      NaN    0.000    0.000
59209   667  2991    5.558    1.548    3.823
59211   740  2924    3.684    0.000    0.000
59254  1130  2980      NaN    0.000    0.000
59265  1267  2971    5.266    3.716    5.510
59278  1397  3019    5.694    0.000    0.000
59287  1494  3006      NaN    0.000    0.000
59293  1651  2935    4.155    3.039    4.845
59316  1870  2980      NaN    0.000    0.000
59348  2204  2995      NaN    1.481    6.171
59353  2331  2967    6.547    2.484    5.529
59358  2265  3025      NaN    0.000    0.000
59362  2422  2911      NaN    0.000    0.000
59368  2394  3014      NaN    0.000    0.000
59417   757  3096    4.391    2.423    4.916
59431   921  3066    5.222    2.187    4.481
59456  1226  3098    5.365    3.084    4.610
59493  1580  3075      NaN    0.000    0.000
59501  1722  3049      NaN    0.000    0.000
59554  2271  3068      NaN    0.000    0.000
59556  2342  3098      NaN    0.000    0.000
59559  2325  3137    2.074    2.897    7.387
59562  2370  3053      NaN    0.000    0.000
59567  2415  3133      NaN    0.000    0.000
59632   966  3143    5.335    0.000    0.000
59644  1020  3195      NaN    0.000    0.000
59658  1155  3232    1.300    2.894    5.990
59663  1341  3156    5.482    2.487    3.932
59673  1431  3167      NaN    0.000    0.000
59758  1149  3361      NaN    0.000    0.000
59792  1873  3286      NaN    0.000    0.000
