30949  1341    50    4.466    1.894    4.448
30967  1765    12    3.938    1.381    5.323
30978  2060    20    4.449    1.726    5.174
31583  3352    25    4.546    3.090    4.061
31587  3210    44    6.641    3.455    5.106
31594  3370    66    5.155    2.642    4.032
31618  3637   111    5.449    2.700    3.542
31624  3723    68    5.821    2.674    3.623
31632  3880     8      NaN    2.206    3.297
31636  3891    51    5.408    2.687    3.526
31655  4096    63      NaN    2.319    3.316
31702  3482   113    3.623    3.265    4.152
31703  3555   113    5.221    2.735    3.771
31707  3469   255    4.740    3.700    4.665
31710  3654   231    4.333    2.548    4.465
31713  3691   143    4.338    2.423    3.561
31725  3790   156    5.827    2.965    4.297
31733  4020   134      NaN    4.961    5.548
31735  3940   167    4.705    2.697    3.694
31754  4151   158    5.372    2.306    3.194
31770  4515   113      NaN    2.703    3.694
31786  3900   275    5.169    2.781    3.845
31788  3846   320      NaN    2.471    4.048
31792  3992   251    4.386    2.426    3.477
31801  4054   262    4.918    2.626    3.584
31823  4429   229      NaN    0.000    0.000
31825  4302   270    4.806    2.426    3.190
31829  4367   302      NaN    0.000    0.000
31832  3839   359    3.989    3.052    4.384
31845  3956   389    4.351    3.087    4.223
31866  4294   389    6.874    3.235    4.003
31873  3779   464    4.026    3.735    4.774
31878  3757   552    4.334    2.865    4.839
31884  3839   514    3.516    2.868    4.403
31909  4100   561      NaN    3.287    4.519
31913  3583   537      NaN    0.000    0.000
31915  3516   628    5.416    2.719    4.761
31917  3508   669    4.196    2.977    5.152
31921  3592   593      NaN    3.000    5.203
31924  3592   624    5.193    3.100    5.019
31931  3706   583    4.357    3.094    4.777
31935  3751   626    4.315    3.448    4.819
31939  3794   656    4.065    2.945    4.558
31958  3971   645    4.745    3.826    4.874
31959  4016   632      NaN    0.000    0.000
31960  3578   772      NaN    0.000    0.000
31961  3581   686    3.705    2.923    5.148
31969  3451   824      NaN    0.000    0.000
31977  3591   755      NaN    2.803    5.297
31981  3704   677    4.677    2.474    4.816
31987  3699   768    4.774    2.561    5.213
31989  3798   796      NaN    0.000    0.000
31994  3828   720    5.395    3.139    4.835
32088  4709   106      NaN    0.000    0.000
32098  4828    89      NaN    0.000    0.000
32099  5011   152      NaN    0.000    0.000
32121  4727   227      NaN    0.000    0.000
32128  4711   331      NaN    0.000    0.000
32133  4795   300    5.746    2.981    4.348
32150  4785   343    4.980    0.000    0.000
44230   225    50    4.072    1.106    4.829
44231    20    42    3.738    1.277    4.610
44232   303    70    4.656    1.835    4.497
44237   156   165    3.783    1.477    4.477
44239   399   135    3.822    2.126    4.352
44241   680   122    4.261    1.594    4.994
44256  1614    51    4.117    1.242    5.190
44259  1631   216    4.254    0.868    5.790
44282   165   287    4.537    1.074    5.026
44284    16   371    3.768    0.865    5.552
44285   311   348    4.099    1.255    4.810
44287    78   434    3.837    0.648    6.516
44288   313   419    3.437    0.755    5.735
44292   770   234      NaN    0.000    0.000
44294   839   303    3.501    0.858    5.458
44298   921   399    3.435    0.471    6.310
44302  1358   249    4.011    1.790    5.081
44304  1192   302    3.695    0.884    5.613
44305  1489   372    4.070    0.855    5.794
44313  2086   268    4.544    1.826    4.981
44314  1752   318    4.037    1.084    5.884
44317  1722   460    3.256    0.906    5.810
44336   438   511      NaN    0.310    7.010
44341   705   475    3.241    0.374    6.577
44347   596   626      NaN    0.126    7.452
44352  1386   479    2.970    0.400    6.932
44354  1134   572    2.422    0.152    7.532
44358  1334   703    2.770    0.210    7.497
44373   496   720      NaN    0.000    0.000
45004  1588  3102      NaN    0.000    0.000
45005  1588  3103      NaN    0.000    0.000
45007  1560  3102      NaN    0.000    0.000
45011  1520  3118      NaN    0.000    0.000
45013  1520  3118      NaN    0.000    0.000
45018  1520  3122      NaN    0.000    0.000
45020  1517  3116      NaN    0.000    0.000
45031  1618  3075      NaN    3.545    5.035
45032  1586  3077    0.340    2.974    4.365
45033  1603  3077      NaN    3.758    5.274
45034  1595  3083    3.396    4.503    5.297
45035  1567  3085      NaN    0.000    0.000
45036  1608  3085      NaN    0.000    0.000
45037  1590  3087      NaN    0.000    0.000
45038  1565  3092      NaN    0.000    0.000
45039  1591  3092      NaN    0.000    0.000
45040  1599  3094      NaN    0.000    0.000
45041  1597  3102      NaN    0.000    0.000
45042  1558  3103      NaN    0.000    0.000
45043  1588  3109      NaN    0.000    0.000
45044  1571  3115      NaN    0.000    0.000
45045  1603  3116      NaN    0.000    0.000
47003  3406   862      NaN    3.526    6.135
47005  3171   918    6.250    2.884    4.587
47008  3340   921      NaN    0.000    0.000
47014  3012   921    5.405    2.732    4.300
47016  3156   964      NaN    0.000    0.000
47020  2980  1013    5.503    2.603    4.384
47022  3154  1030    6.938    3.081    4.813
47025  3271  1046      NaN    1.497    6.516
47028  2794  1071      NaN    3.013    4.523
47031  3053  1080    6.050    2.771    4.410
47035  2732  1110      NaN    0.000    0.000
47037  2829  1123    4.618    2.835    4.797
47039  2941  1102    5.012    3.213    4.845
47041  3087  1128    4.150    2.474    5.213
47046  3158  1117      NaN    0.000    0.000
47050  2874  1164      NaN    2.974    5.426
47052  2986  1209    5.725    3.245    4.897
47055  3074  1212      NaN    2.581    5.852
47058  2889  1229      NaN    0.000    0.000
47060  2844  1265      NaN    0.000    0.000
47061  3158  1263    6.217    0.000    0.000
47065  2887  1287      NaN    0.000    0.000
47067  2973  1289    4.534    3.529    5.145
47068  2788  1328    5.549    2.839    5.703
47069  2879  1341    5.271    3.229    5.813
47070  2976  1349    5.015    2.971    5.639
47075  3057  1298    4.953    3.142    4.868
47090  3200  1317      NaN    0.000    0.000
47092  3212  1338    6.228    3.216    6.065
47095  3059  1328    4.885    3.397    5.110
47097  3079  1427    4.128    3.326    5.358
47098  3032  1356      NaN    0.000    0.000
47099  2997  1358      NaN    0.000    0.000
47100  3217  1380    4.265    3.132    5.352
47101  3107  1356      NaN    0.000    0.000
47102  2760  1349      NaN    4.729    6.113
47104  3232  1367    4.756    3.545    5.790
47105  3236  1373      NaN    0.000    0.000
47106  3262  1401      NaN    0.000    0.000
47108  3019  1394      NaN    0.000    0.000
47110  3001  1394      NaN    0.000    0.000
47112  2982  1403      NaN    0.000    0.000
47113  2962  1405      NaN    1.800    5.990
47114  3131  1420    5.056    0.000    0.000
47115  3464  1401      NaN    3.655    7.561
47119  3023  1427      NaN    0.000    0.000
47121  3187  1436    3.547    3.406    5.113
47127  3131  1461      NaN    0.000    0.000
47129  2969  1481    4.580    2.239    5.955
47130  3296  1459      NaN    0.000    0.000
47131  3074  1498      NaN    0.000    0.000
47133  3066  1528      NaN    0.000    0.000
47135  3135  1545    4.225    4.084    5.881
47136  3215  1506    4.895    3.758    6.165
47137  3154  1524    5.343    3.868    5.887
47138  3292  1565      NaN    0.000    0.000
47140  2997  1569      NaN    0.000    0.000
47143  3206  1582      NaN    0.000    0.000
47145  3038  1483    4.175    3.100    5.771
47146  3042  1590      NaN    0.000    0.000
47150  2975  1532    5.083    3.616    6.168
47151  3288  1614      NaN    0.000    0.000
47152  3284  1619      NaN    0.000    0.000
47154  3172  1556      NaN    0.000    0.000
47155  3200  1662      NaN    0.000    0.000
47156  3012  1662      NaN    0.000    0.000
47157  3126  1606    5.159    3.258    5.768
47159  3253  1670      NaN    0.000    0.000
47162  3186  1698      NaN    0.000    0.000
47163  2954  1683      NaN    0.000    0.000
47165  2956  1702      NaN    0.000    0.000
47167  3094  1700      NaN    0.000    0.000
47168  3107  1711      NaN    0.000    0.000
47169  2851  1716      NaN    4.748    6.203
47170  2991  1750      NaN    4.706    6.639
47171  3010  1619      NaN    0.000    0.000
47172  2991  1632      NaN    3.229    6.258
47173  3062  1636    3.947    4.400    6.065
47174  3051  1674      NaN    3.935    6.210
47175  2948  1741    3.298    4.632    6.687
47182  2969  1847      NaN    0.000    0.000
47184  2971  1849      NaN    0.000    0.000
47185  2930  1873      NaN    0.000    0.000
47188  3010  1862      NaN    2.474    6.258
47189  2975  1879      NaN    0.000    0.000
47192  3150  1659      NaN    0.000    0.000
47401  4670   514      NaN    0.000    0.000
47402  4770   568    5.855    2.616    4.455
47404  4671   632      NaN    0.000    0.000
47405  4813   608    5.688    2.768    5.094
47406  4664   679      NaN    0.000    0.000
47407  4746   701      NaN    0.000    0.000
47409  4961   671      NaN    2.587    5.268
47411  4595   764      NaN    0.000    0.000
47412  4630   778      NaN    0.000    0.000
47413  4681   761      NaN    3.258    4.810
47417  4841   794      NaN    0.000    0.000
47418  4972   787      NaN    0.000    0.000
47421  4505   807      NaN    3.890    5.126
47423  4591   862      NaN    0.000    0.000
47424  4655   828      NaN    0.000    0.000
47426  4793   878    6.007    0.000    0.000
47428  4494   912      NaN    0.000    0.000
47430  4565   918      NaN    0.000    0.000
47433  4565   796      NaN    0.000    0.000
47435  4856   634      NaN    0.000    0.000
47440  4852   863      NaN    0.000    0.000
47512  4673  1226    6.525    3.997    6.077
47520  4516  1261    4.984    3.900    5.735
47570  4472  1403      NaN    0.000    0.000
47574  4474  1048      NaN    3.519    5.484
47575  4567  1030      NaN    0.000    0.000
47576  4617   977    5.184    2.387    5.339
47581  4651  1061      NaN    0.000    0.000
47582  4492  1153      NaN    0.000    0.000
47584  4612  1155      NaN    0.000    0.000
47585  4701  1160    5.115    2.948    5.748
47587  4464  1242      NaN    0.000    0.000
47588  4520  1317      NaN    0.000    0.000
47590  4582  1315      NaN    0.000    0.000
47592  4627  1296      NaN    0.000    0.000
47595  4533  1371      NaN    0.000    0.000
47597  4505  1442      NaN    0.000    0.000
47598  4582  1463      NaN    0.000    0.000
47600  4134  1412      NaN    0.000    0.000
47602  4283  1341      NaN    0.000    0.000
47604  4375  1354      NaN    0.000    0.000
47605  4104  1504      NaN    0.000    0.000
47606  4151  1479      NaN    0.000    0.000
47607  4167  1489      NaN    0.000    0.000
47610  4279  1494      NaN    0.000    0.000
47612  4285  1446    5.107    3.413    5.929
47615  4466  1507      NaN    0.000    0.000
47616  4057  1563      NaN    0.000    0.000
47617  4173  1552      NaN    0.000    0.000
47618  4253  1541      NaN    0.000    0.000
47620  4270  1563      NaN    0.000    0.000
47622  4319  1530      NaN    0.000    0.000
47624  4376  1524      NaN    0.000    0.000
47626  4412  1552      NaN    0.000    0.000
47629  4533  1526      NaN    0.000    0.000
47631  4040  1608      NaN    0.000    0.000
47632  4119  1636      NaN    0.000    0.000
47636  4141  1662      NaN    0.000    0.000
47637  4236  1623      NaN    0.000    0.000
47638  4319  1606      NaN    0.000    0.000
47639  4339  1640    6.282    0.000    0.000
47640  4343  1625      NaN    0.000    0.000
47641  4376  1571      NaN    0.000    0.000
47648  4576  1599      NaN    0.000    0.000
47649  4050  1707      NaN    0.000    0.000
47651  4091  1711      NaN    0.000    0.000
47653  4156  1722      NaN    0.000    0.000
47654  4225  1713      NaN    0.000    0.000
47655  4281  1726      NaN    0.000    0.000
47656  4302  1683      NaN    0.000    0.000
47657  4362  1668      NaN    0.000    0.000
47662  4455  1604      NaN    0.000    0.000
47663  4055  1786      NaN    3.190    6.177
47666  4352  1726      NaN    0.000    0.000
47668  4380  1675      NaN    3.374    7.416
47670  4442  1632      NaN    0.000    0.000
47672  4466  1683      NaN    0.000    0.000
47674  4516  1664      NaN    2.348    7.000
47675  4410  1709    3.562    0.000    0.000
47677  4427  1780      NaN    4.890    6.477
47678  4457  1892    3.049    4.252    6.319
47682  4492  1614      NaN    0.000    0.000
47684  4098  1688      NaN    0.000    0.000
47690  4425  1487      NaN    4.094    5.839
47740  3734  1547      NaN    4.345    6.977
47741  3704  1631      NaN    0.000    0.000
47742  3723  1619      NaN    0.000    0.000
47744  3734  1632      NaN    0.000    0.000
47746  3835  1627      NaN    0.000    0.000
47747  3900  1621    4.662    3.226    6.232
47750  3956  1631      NaN    4.094    6.452
47754  3518  1746      NaN    0.000    0.000
47755  3592  1692      NaN    0.000    0.000
47756  3811  1674      NaN    0.000    0.000
47759  4003  1679      NaN    0.000    0.000
47761  4061  1649      NaN    0.000    0.000
47762  3466  1799      NaN    0.000    0.000
47765  3637  1748      NaN    0.000    0.000
47766  3647  1767      NaN    0.000    0.000
47767  3725  1743      NaN    0.000    0.000
47768  3800  1718      NaN    0.000    0.000
47769  3884  1700      NaN    0.000    0.000
47770  3945  1715      NaN    0.000    0.000
47772  3979  1716      NaN    0.000    0.000
47776  3910  1756      NaN    2.610    6.906
47777  3940  1767      NaN    0.000    0.000
47778  4007  1855      NaN    3.439    7.142
47780  4014  1715      NaN    0.000    0.000
47784  3523  1774      NaN    0.000    0.000
47800  3283  1771      NaN    0.000    0.000
47805  3311  1864      NaN    0.000    0.000
47807  3404  1840      NaN    0.000    0.000
47809  3439  1832      NaN    0.000    0.000
47812  3331  1886      NaN    0.000    0.000
47813  3395  1875      NaN    0.000    0.000
47814  3466  1870      NaN    0.000    0.000
47815  3542  1879      NaN    0.000    0.000
47817  3346  1935      NaN    0.000    0.000
47818  3391  1935    3.801    3.384    6.381
47819  3439  1926      NaN    0.000    0.000
47821  3480  1918    4.098    4.290    6.000
47822  3546  1952      NaN    0.000    0.000
47823  3383  2013      NaN    0.000    0.000
47824  3445  1993      NaN    0.000    0.000
47827  3423  2067      NaN    0.000    0.000
47829  3482  2047      NaN    0.000    0.000
47830  3520  2024      NaN    0.000    0.000
47831  3395  2099      NaN    3.106    6.352
47835  3518  2064    6.329    2.574    6.690
47836  3436  2198      NaN    3.252    6.858
47837  3471  2161      NaN    0.000    0.000
47838  3365  1995      NaN    0.000    0.000
47842  3176  2019      NaN    0.000    0.000
47843  3230  1939      NaN    0.000    0.000
47887  3673  1810      NaN    0.000    0.000
47890  3781  1761      NaN    0.000    0.000
47891  3815  1758      NaN    0.000    0.000
47892  3647  1879      NaN    0.000    0.000
47893  3759  1842      NaN    0.000    0.000
47895  3872  1786      NaN    0.000    0.000
47897  3663  1914    3.482    0.000    0.000
47898  3699  1937      NaN    0.000    0.000
47899  3830  1877      NaN    0.000    0.000
47909  3305  2422      NaN    2.877    6.294
47912  2579  2861      NaN    4.868    5.794
47917  2663  2864      NaN    0.000    0.000
47918  2708  2876      NaN    0.000    0.000
47927  2833  2823      NaN    0.000    0.000
47929  3003  2652      NaN    4.055    5.997
47936  3102  2667      NaN    0.000    0.000
47940  3133  2622      NaN    0.000    0.000
47942  3215  2528      NaN    4.013    6.387
47945  3499  2708      NaN    4.229    6.090
47971  4726  2566      NaN    0.000    0.000
48803   445  3081    4.802    2.732    4.442
48806   438  3212    2.338    3.768    5.019
48808   701  3062    5.295    3.094    4.481
48820   651  3245      NaN    0.000    0.000
48823   690  3312    5.243    1.068    1.310
48826   744  3271    4.645    2.758    4.394
48830   759  3156    5.436    2.874    4.177
48839   865  3346      NaN    0.000    0.000
48921   212  3178    4.050    3.929    4.848
48924   165  3243    4.530    3.826    4.887
48925   225  3284    4.369    3.497    4.087
48927   475  3314    4.544    3.935    5.203
50527  2213    89      NaN    0.000    0.000
50548  2657    91      NaN    1.919    4.106
50557  2827    94    4.915    2.045    4.381
50564  3064    64    4.661    2.310    3.861
50603  1884   150    4.426    0.739    5.800
50632  2456   139    5.109    2.316    3.994
50658  2900   219    4.666    0.000    0.000
50727  2234   318      NaN    2.116    4.323
50745  2680   294      NaN    0.000    0.000
50756  3021   288    4.870    2.710    4.426
50774  3238   257    3.827    2.945    4.145
50788  3583   311    5.528    3.235    4.794
50844  2624   404    5.166    1.123    5.800
50854  2836   406    5.098    1.948    5.168
50888  3606   414    5.243    2.803    4.774
50915  1901   503    3.507    0.561    6.290
50949  2786   552    4.200    2.377    5.097
50953  2999   477    4.543    2.526    4.742
50963  3219   453    6.345    2.429    4.932
50968  3133   537      NaN    0.000    0.000
50978  3466   527      NaN    0.000    0.000
50983  3693   475      NaN    0.000    0.000
52267   120   903      NaN    0.000    0.000
52378   266   968      NaN    0.000    0.000
52495   505  1037      NaN    0.000    0.000
52652    50  1240      NaN    0.000    0.000
52681   346  1274    3.370    0.184    8.003
52754    16  1420    5.141    1.594    5.003
52787   322  1435    3.117    2.284    5.310
52866   199  1500      NaN    0.000    0.000
52889   436  1563      NaN    0.000    0.000
52955    85  1616    3.886    0.952    5.932
52983   466  1584    4.129    1.510    6.032
52996   561  1638    4.934    2.358    5.865
53068  1345   712      NaN    0.206    7.910
53083  1586   604    2.904    0.635    6.594
53149  1136   837      NaN    0.139    7.732
53192  1675   671    3.192    0.348    6.806
53231   716   959      NaN    0.000    0.000
53276  1446   852      NaN    0.274    7.516
53336   955   946      NaN    0.281    7.477
53352  1170   931    3.618    0.332    7.165
53391  1569   908    4.410    0.452    6.729
53463  1310  1030      NaN    0.000    0.000
53480  1464  1005    4.166    0.984    6.155
53487  1494  1110      NaN    0.000    0.000
53502   645  1145      NaN    0.126    7.832
53513   830  1035      NaN    0.000    0.000
53529   895  1222      NaN    0.371    7.129
53543  1119  1140      NaN    0.000    0.000
53564  1250  1190      NaN    0.884    5.932
53588  1515  1239    5.721    2.516    5.448
53593  1632  1140      NaN    0.000    0.000
53614   695  1293    3.750    0.590    7.235
53646  1097  1315    4.154    0.832    6.155
53673  1423  1261      NaN    0.000    0.000
53698  1616  1341      NaN    0.000    0.000
53705   638  1403      NaN    0.790    7.026
53723   828  1367    3.774    0.829    6.577
53764  1244  1401      NaN    0.000    0.000
53772  1407  1369      NaN    0.000    0.000
53787  1455  1450    5.052    2.965    5.365
53798  1625  1450      NaN    0.000    0.000
53845  1065  1502    5.269    1.984    6.174
53863  1336  1453      NaN    0.000    0.000
53898  1614  1563    4.382    1.668    6.023
53915   748  1619      NaN    0.000    0.000
53923   856  1599      NaN    0.000    0.000
53959  1239  1675    4.290    0.700    6.771
53975  1390  1627      NaN    0.000    0.000
54012  1972   608    3.685    0.574    6.529
54026  2342   610      NaN    0.452    7.058
54027  2174   675    2.294    1.235    6.181
54049  2685   645    4.787    2.606    5.187
54094  3316   610      NaN    0.000    0.000
54096  3490   630      NaN    0.000    0.000
54102  1806   679    3.255    0.619    6.400
54115  2024   718    4.051    0.587    6.432
54135  2495   718      NaN    0.745    6.990
54157  2726   764    4.898    2.468    5.119
54161  2825   684      NaN    0.000    0.000
54186  3159   744      NaN    0.000    0.000
54208  1845   876    4.787    1.232    5.858
54218  2125   867      NaN    0.000    0.000
54226  2319   860    3.556    2.426    6.013
54236  2525   850    4.516    2.503    5.639
54259  2795   886    5.314    2.855    4.561
54273  2997   787    5.482    2.916    4.439
54292  3305   800    5.081    3.171    5.035
54308  1864   987    4.945    1.842    5.771
54311  1989   904      NaN    0.000    0.000
54324  2291   947    4.425    0.965    6.365
54337  2366   994      NaN    0.000    0.000
54342  2635   927    4.940    3.587    5.265
54346  2665   974      NaN    0.000    0.000
54374  3016   929    5.975    3.442    4.629
54377  2930   998    5.478    2.852    4.384
54386  3156   970    5.881    2.755    4.394
54401  1668  1033      NaN    0.000    0.000
54405  1737  1074      NaN    0.000    0.000
54423  2011  1011      NaN    0.000    0.000
54436  2123  1076    5.267    2.377    5.800
54471  2484  1046      NaN    0.000    0.000
54493  2777  1041    5.470    2.700    4.419
54497  2726  1115      NaN    0.000    0.000
54511  1825  1128      NaN    0.000    0.000
54527  1924  1222      NaN    0.000    0.000
54534  2028  1160      NaN    0.000    0.000
54539  2118  1184      NaN    0.000    0.000
54587  2601  1227      NaN    0.000    0.000
54602  1744  1250      NaN    0.000    0.000
54618  1855  1336      NaN    0.000    0.000
54662  2424  1244      NaN    0.000    0.000
54715  1856  1420      NaN    0.000    0.000
54725  1965  1401    3.297    2.506    5.610
54751  2321  1352      NaN    0.000    0.000
54753  2276  1388      NaN    0.000    0.000
54776  2542  1412      NaN    2.413    6.465
54808  1756  1543    5.305    1.545    5.977
54823  1911  1502    4.233    2.568    5.542
54826  1916  1541      NaN    0.000    0.000
54836  2034  1548      NaN    0.000    0.000
54843  2150  1483      NaN    0.000    0.000
54857  2278  1562      NaN    0.000    0.000
54863  2374  1483    4.581    2.690    5.813
54909  1744  1674    5.484    2.548    5.516
54916  1888  1618      NaN    0.000    0.000
54929  2011  1653    5.155    3.558    5.348
54945  2189  1632    5.081    0.000    0.000
56065   180  1711    5.632    1.500    5.287
56079   333  1840    6.478    1.565    5.306
56080   326  1681    5.142    2.003    5.329
56096   552  1860    5.317    0.000    0.000
56146     1  2060    5.711    1.519    5.300
56152    38  1985    5.518    1.577    5.281
56167   126  2131    4.540    1.784    4.981
56172   251  2028    5.451    2.394    5.429
56182   400  1944    6.209    3.332    5.619
56187   430  2163      NaN    1.000    2.187
56193   507  1970    3.755    3.577    5.403
56196   531  2079      NaN    0.000    0.000
56257    31  2241    5.026    1.868    4.919
56287   337  2243    5.654    2.816    5.697
56357    35  2347    4.415    2.294    4.868
56374   221  2235    3.877    2.461    4.552
56385   374  2295    6.638    2.832    5.603
56462   169  2353    2.869    2.494    5.048
56492   516  2375    5.255    1.668    6.077
56571   255  2476      NaN    0.000    0.000
56586   421  2540    4.726    3.006    5.074
56651    25  2596    4.871    1.765    5.639
56671   253  2616    5.172    2.271    5.687
56684   369  2642    5.265    2.561    5.145
56691   481  2592    5.042    3.129    5.106
56751    22  2723      NaN    3.271    5.723
56763   210  2719    0.005    1.819    5.868
56768   171  2799    1.320    3.400    5.503
56778   302  2799      NaN    0.000    0.000
56786   430  2736    4.307    2.426    4.797
56886   423  2853    3.994    2.900    5.145
56951    25  2919      NaN    3.684    5.706
56959    89  3137      NaN    0.000    0.000
56964   111  3051    4.613    3.239    4.890
56966   223  2958    0.481    2.803    4.952
56969   178  3193    1.845    3.813    4.926
56977   204  3068    5.250    4.081    5.181
56985   380  2982      NaN    0.000    0.000
57006   645  1728      NaN    0.000    0.000
57014   658  1730      NaN    0.000    0.000
57016   800  1754      NaN    0.000    0.000
57025   828  1735    4.676    0.994    6.297
57046  1130  1739    5.708    1.245    6.755
57067  1237  1787    4.803    1.484    5.748
57071  1394  1702    4.738    1.365    6.152
57083  1530  1713      NaN    0.000    0.000
57127   789  1898    4.939    0.000    0.000
57131  1005  1744      NaN    1.052    6.987
57178  1410  1901      NaN    0.000    0.000
57193  1627  1817    5.274    1.945    5.681
57237   901  2010    5.299    4.903    6.416
57245  1013  1937      NaN    0.000    0.000
57259  1207  2013    4.330    3.658    5.490
57265  1308  1974      NaN    0.000    0.000
57279  1420  2000    3.799    3.081    5.748
57290  1571  1905      NaN    0.000    0.000
57297  1575  2002      NaN    0.000    0.000
57306   669  2064      NaN    2.184    6.245
57328   841  2107      NaN    0.000    0.000
57348  1069  2127    5.407    3.432    6.045
57378  1408  2110      NaN    0.768    2.123
57399  1677  2108    3.567    2.835    5.545
57411   682  2151      NaN    0.000    0.000
57426   875  2164    4.021    2.097    6.255
57447  1061  2209    4.615    3.110    5.448
57461  1267  2163      NaN    0.000    0.000
57476  1362  2202      NaN    0.000    0.000
57494  1584  2172      NaN    0.000    0.000
57503   574  2284    4.919    2.332    5.665
57504   567  2288      NaN    0.000    0.000
57516   725  2288      NaN    0.000    0.000
57554  1140  2308    4.379    3.245    5.342
57584  1466  2310      NaN    0.000    0.000
57598  1634  2349    0.276    3.090    5.629
57602   610  2366      NaN    0.000    0.000
57604   604  2377    5.334    1.568    6.258
57633   983  2372    3.880    3.039    5.632
57655  1166  2413    4.352    2.610    6.119
57662  1310  2347      NaN    0.000    0.000
57687  1442  2439      NaN    0.000    0.000
57707   587  2543    4.508    3.242    5.219
57712   779  2495    3.536    2.861    5.477
57713   772  2499    4.482    2.871    5.555
57731   925  2471    4.737    3.065    5.726
57745  1086  2527    3.982    2.713    5.529
57766  1285  2551    4.759    2.584    5.665
57776  1423  2543    3.766    3.394    5.623
57793  1612  2487    4.952    0.000    0.000
57799  1677  2564      NaN    0.000    0.000
57816   755  2624      NaN    0.000    0.000
57832   972  2581    5.158    2.929    5.094
57845  1097  2670    4.619    2.784    4.419
57853  1192  2607    4.763    2.777    5.026
57866  1302  2663      NaN    0.000    0.000
57902   582  2752    5.193    3.226    4.942
57916   759  2752    4.638    2.987    4.942
57922   847  2708    4.833    3.539    5.190
57932   957  2693    4.411    3.239    4.771
57957  1155  2764    5.210    2.977    4.516
57972  1461  2711    5.348    3.029    4.948
57993  1681  2704    4.861    2.906    4.919
58027  1922  1761      NaN    0.000    0.000
58040  2144  1698      NaN    0.000    0.000
58102  1767  1806      NaN    0.000    0.000
58141  2133  1830    3.807    2.229    5.594
58144  2133  1838      NaN    0.000    0.000
58150  2269  1819    5.471    1.539    6.010
58203  1763  1920    3.819    3.432    5.619
58208  1750  1998    3.732    2.984    5.558
58221  1948  1914    4.858    2.026    5.871
58238  2118  2024    4.349    2.332    5.687
58251  2273  1922      NaN    0.000    0.000
58265  2420  2010    4.916    0.000    0.000
58314  1830  2084      NaN    0.000    0.000
58321  1939  2041    4.116    2.374    5.590
58338  2082  2112    4.325    2.165    5.845
58345  2183  2080      NaN    0.000    0.000
58362  2403  2082      NaN    0.000    0.000
58424  1911  2181      NaN    0.000    0.000
58437  2034  2226      NaN    3.003    5.661
58457  2260  2215      NaN    0.000    0.000
58472  2515  2159      NaN    0.000    0.000
58477  2478  2237    0.978    0.000    0.000
58506  1791  2288    3.276    3.277    5.858
58527  1927  2319      NaN    0.000    0.000
58543  2131  2284      NaN    0.000    0.000
58556  2332  2286      NaN    0.000    0.000
58569  2459  2331      NaN    0.000    0.000
58606  1784  2398    4.219    2.732    5.877
58633  2114  2357      NaN    0.000    0.000
58646  2232  2415    4.987    2.871    5.290
58660  2368  2370      NaN    0.000    0.000
58666  2452  2415      NaN    4.474    5.868
58715  1866  2512    4.761    3.332    5.594
58725  1957  2540    0.751    3.255    5.129
58730  2021  2491    0.349    2.600    5.132
58731  2077  2474    4.309    2.652    5.032
58752  2314  2489    4.771    0.000    0.000
58754  2263  2540      NaN    0.000    0.000
58813  1830  2594    4.201    2.655    5.232
58834  2034  2618      NaN    3.674    5.600
58847  2161  2680      NaN    0.000    0.000
58849  2234  2670      NaN    3.997    6.881
58853  2319  2577      NaN    0.000    0.000
58911  1834  2706    4.965    2.961    5.035
58921  1944  2693    5.761    0.000    0.000
58926  1950  2767      NaN    4.171    5.319
58931  2028  2721    3.801    3.406    5.458
58944  2217  2743      NaN    0.000    0.000
58968  2411  2797      NaN    0.000    0.000
58974  2472  2730      NaN    0.000    0.000
59007   568  2906    4.241    2.948    4.716
59023   901  2835    5.345    3.113    4.629
59046  1054  2874      NaN    0.000    0.000
59058  1179  2891    4.970    2.977    4.339
59072  1386  2823      NaN    0.000    0.000
59082  1524  2838    5.216    3.200    4.329
59087  1515  2926      NaN    0.000    0.000
59096  1623  2872    4.941    3.077    4.313
59102  1754  2807    4.615    2.777    4.239
59117  1806  2879      NaN    0.000    0.000
59134  2026  2859      NaN    0.000    0.000
59152  2349  2823      NaN    0.000    0.000
59158  2318  2896      NaN    0.000    0.000
59162  2437  2827      NaN    0.000    0.000
59209   667  2991    5.240    3.487    4.829
59211   740  2924    4.264    0.848    0.977
59254  1130  2980      NaN    0.000    0.000
59265  1267  2971    5.160    3.003    4.274
59278  1397  3019    6.048    0.000    0.000
59287  1494  3006      NaN    0.000    0.000
59293  1651  2935    4.786    2.774    4.087
59316  1870  2980      NaN    0.000    0.000
59348  2204  2995      NaN    3.055    5.981
59353  2331  2967      NaN    3.784    5.181
59358  2265  3025      NaN    0.000    0.000
59362  2422  2911      NaN    0.000    0.000
59368  2394  3014      NaN    0.000    0.000
59417   757  3096    4.352    5.003    5.942
59431   921  3066    4.726    2.994    4.181
59456  1226  3098    4.809    2.687    3.971
59493  1580  3075      NaN    0.000    0.000
59501  1722  3049      NaN    0.000    0.000
59554  2271  3068      NaN    0.000    0.000
59556  2342  3098      NaN    0.000    0.000
59559  2325  3137    1.925    2.977    4.742
59562  2370  3053      NaN    0.000    0.000
59567  2415  3133      NaN    0.000    0.000
59632   966  3143    5.030    3.016    4.303
59644  1020  3195      NaN    0.000    0.000
59658  1155  3232    1.766    3.071    4.365
59663  1341  3156    5.522    2.923    4.313
59673  1431  3167      NaN    0.000    0.000
59758  1149  3361      NaN    0.000    0.000
59792  1873  3286      NaN    0.000    0.000
