30949  1341    50    0.673    0.261    0.268
30967  1765    12    0.593    0.200    0.203
30978  2060    20    0.692    0.177    0.181
31583  3352    25    0.464    0.142    0.145
31587  3210    44    0.764    0.184    0.187
31594  3370    66    0.318    0.152    0.155
31618  3637   111    0.175    0.190    0.194
31624  3723    68    0.660    0.187    0.206
31632  3880     8    0.407    0.184    0.200
31636  3891    51    0.463    0.174    0.197
31655  4096    63      NaN    0.187    0.190
31702  3482   113    0.532    0.148    0.155
31703  3555   113    0.421    0.168    0.171
31707  3469   255    0.908    0.200    0.203
31710  3654   231    0.484    0.181    0.184
31713  3691   143    0.026    0.177    0.181
31725  3790   156    0.415    0.158    0.161
31733  4020   134      NaN    0.203    0.213
31735  3940   167    0.840    0.194    0.200
31754  4151   158    0.421    0.155    0.171
31770  4515   113      NaN    0.210    0.213
31786  3900   275    0.148    0.187    0.190
31788  3846   320    0.147    0.177    0.181
31792  3992   251    0.143    0.184    0.184
31801  4054   262    0.489    0.203    0.210
31823  4429   229      NaN    0.000    0.000
31825  4302   270    0.300    0.245    0.274
31829  4367   302      NaN    0.000    0.000
31832  3839   359    0.179    0.184    0.187
31845  3956   389    0.660    0.242    0.258
31866  4294   389    0.948    0.258    0.281
31873  3779   464    0.093    0.190    0.194
31878  3757   552    0.186    0.219    0.223
31884  3839   514    0.330    0.187    0.194
31909  4100   561      NaN    0.348    0.394
31913  3583   537      NaN    0.000    0.000
31915  3516   628    0.108    0.310    0.319
31917  3508   669    0.136    0.365    0.381
31921  3592   593      NaN    0.313    0.329
31924  3592   624    0.104    0.332    0.348
31931  3706   583    0.068    0.252    0.258
31935  3751   626    0.577    0.303    0.310
31939  3794   656    0.291    0.345    0.355
31958  3971   645    0.014    0.319    0.345
31959  4016   632      NaN    0.000    0.000
31960  3578   772      NaN    0.000    0.000
31961  3581   686    0.242    0.300    0.310
31969  3451   824      NaN    0.000    0.000
31977  3591   755      NaN    0.345    0.358
31981  3704   677    0.320    0.248    0.255
31987  3699   768    0.797    0.303    0.455
31989  3798   796      NaN    0.000    0.000
31994  3828   720    1.851    0.339    0.384
32088  4709   106      NaN    0.000    0.000
32098  4828    89      NaN    0.000    0.000
32099  5011   152      NaN    0.000    0.000
32121  4727   227      NaN    0.000    0.000
32128  4711   331      NaN    0.000    0.000
32133  4795   300    0.042    0.342    0.352
32150  4785   343    0.082    0.000    0.000
44230   225    50    0.684    0.252    0.258
44231    20    42    0.745    0.242    0.248
44232   303    70    0.692    0.223    0.226
44237   156   165    0.717    0.403    0.435
44239   399   135    0.465    0.248    0.252
44241   680   122    0.734    0.213    0.216
44256  1614    51    0.609    0.226    0.232
44259  1631   216    0.586    0.229    0.232
44282   165   287    0.518    0.523    0.613
44284    16   371    0.799    0.394    0.442
44285   311   348    0.936    0.506    0.597
44287    78   434    0.620    0.571    0.697
44288   313   419    0.680    0.671    0.916
44292   770   234      NaN    0.000    0.000
44294   839   303    0.583    0.203    0.200
44298   921   399    0.714    0.316    0.332
44302  1358   249    0.686    0.206    0.213
44304  1192   302    0.743    0.252    0.258
44305  1489   372    0.762    0.274    0.287
44313  2086   268    0.755    0.181    0.181
44314  1752   318    0.791    0.223    0.226
44317  1722   460    0.785    0.248    0.252
44336   438   511      NaN    0.584    0.765
44341   705   475    0.506    0.503    0.603
44347   596   626      NaN    0.681    0.994
44352  1386   479    0.772    0.387    0.413
44354  1134   572    0.587    0.548    0.713
44358  1334   703    0.756    0.623    0.823
44373   496   720      NaN    0.000    0.000
45004  1588  3102      NaN    0.000    0.000
45005  1588  3103      NaN    0.000    0.000
45007  1560  3102      NaN    0.000    0.000
45011  1520  3118      NaN    0.000    0.000
45013  1520  3118      NaN    0.000    0.000
45018  1520  3122      NaN    0.000    0.000
45020  1517  3116      NaN    0.000    0.000
45031  1618  3075      NaN    1.255    3.713
45032  1586  3077    0.051    1.045    3.642
45033  1603  3077      NaN    1.077    4.635
45034  1595  3083    1.858    2.648    3.206
45035  1567  3085      NaN    0.000    0.000
45036  1608  3085      NaN    0.000    0.000
45037  1590  3087      NaN    0.000    0.000
45038  1565  3092      NaN    0.000    0.000
45039  1591  3092      NaN    0.000    0.000
45040  1599  3094      NaN    0.000    0.000
45041  1597  3102      NaN    0.000    0.000
45042  1558  3103      NaN    0.000    0.000
45043  1588  3109      NaN    0.000    0.000
45044  1571  3115      NaN    0.000    0.000
45045  1603  3116      NaN    0.000    0.000
47003  3406   862      NaN    0.565    0.681
47005  3171   918    0.534    0.345    0.368
47008  3340   921      NaN    0.000    0.000
47014  3012   921    1.074    0.294    0.303
47016  3156   964      NaN    0.000    0.000
47020  2980  1013    1.111    0.423    0.452
47022  3154  1030    1.577    0.426    0.455
47025  3271  1046      NaN    0.819    1.094
47028  2794  1071      NaN    0.442    0.465
47031  3053  1080      NaN    0.384    0.406
47035  2732  1110      NaN    0.000    0.000
47037  2829  1123    1.373    0.529    0.568
47039  2941  1102    1.591    0.555    0.603
47041  3087  1128    1.592    0.613    0.713
47046  3158  1117      NaN    0.000    0.000
47050  2874  1164      NaN    0.658    0.729
47052  2986  1209    2.018    0.500    0.532
47055  3074  1212      NaN    0.594    0.771
47058  2889  1229      NaN    0.000    0.000
47060  2844  1265      NaN    0.000    0.000
47061  3158  1263    1.964    0.000    0.000
47065  2887  1287      NaN    0.000    0.000
47067  2973  1289    1.688    0.574    0.616
47068  2788  1328    1.689    0.777    0.894
47069  2879  1341    1.576    0.810    0.974
47070  2976  1349    1.716    0.642    0.735
47075  3057  1298    1.124    0.339    0.345
47090  3200  1317      NaN    0.000    0.000
47092  3212  1338    2.473    0.694    1.035
47095  3059  1328    1.836    0.603    0.652
47097  3079  1427    2.150    0.823    1.023
47098  3032  1356      NaN    0.000    0.000
47099  2997  1358      NaN    0.000    0.000
47100  3217  1380      NaN    0.868    0.981
47101  3107  1356      NaN    0.000    0.000
47102  2760  1349      NaN    0.526    0.758
47104  3232  1367    2.577    0.432    0.794
47105  3236  1373      NaN    0.000    0.000
47106  3262  1401      NaN    0.000    0.000
47108  3019  1394      NaN    0.000    0.000
47110  3001  1394      NaN    0.000    0.000
47112  2982  1403      NaN    0.000    0.000
47113  2962  1405      NaN    0.781    0.919
47114  3131  1420    2.617    0.000    0.000
47115  3464  1401      NaN    1.135    1.661
47119  3023  1427      NaN    0.000    0.000
47121  3187  1436    1.043    0.790    0.923
47127  3131  1461      NaN    0.000    0.000
47129  2969  1481    2.104    0.971    1.242
47130  3296  1459      NaN    0.000    0.000
47131  3074  1498      NaN    0.000    0.000
47133  3066  1528      NaN    0.000    0.000
47135  3135  1545    1.260    0.794    1.010
47136  3215  1506    2.761    0.826    1.152
47137  3154  1524    2.401    0.794    1.006
47138  3292  1565      NaN    0.000    0.000
47140  2997  1569      NaN    0.000    0.000
47143  3206  1582      NaN    0.000    0.000
47145  3038  1483    2.124    0.861    1.077
47146  3042  1590      NaN    0.000    0.000
47150  2975  1532    2.237    0.903    1.223
47151  3288  1614      NaN    0.000    0.000
47152  3284  1619      NaN    0.000    0.000
47154  3172  1556      NaN    0.000    0.000
47155  3200  1662      NaN    0.000    0.000
47156  3012  1662      NaN    0.000    0.000
47157  3126  1606    2.739    0.700    1.203
47159  3253  1670      NaN    0.000    0.000
47162  3186  1698      NaN    0.000    0.000
47163  2954  1683      NaN    0.000    0.000
47165  2956  1702      NaN    0.000    0.000
47167  3094  1700      NaN    0.000    0.000
47168  3107  1711      NaN    0.000    0.000
47169  2851  1716      NaN    0.806    1.329
47170  2991  1750      NaN    0.639    1.268
47171  3010  1619      NaN    0.000    0.000
47172  2991  1632      NaN    0.935    1.461
47173  3062  1636    2.551    0.842    1.184
47174  3051  1674      NaN    0.606    1.345
47175  2948  1741    0.951    0.742    1.494
47182  2969  1847      NaN    0.000    0.000
47184  2971  1849      NaN    0.000    0.000
47185  2930  1873      NaN    0.000    0.000
47188  3010  1862      NaN    0.665    1.394
47189  2975  1879      NaN    0.000    0.000
47192  3150  1659      NaN    0.000    0.000
47401  4670   514      NaN    0.000    0.000
47402  4770   568    0.525    0.500    0.519
47404  4671   632      NaN    0.000    0.000
47405  4813   608    0.438    0.468    0.481
47406  4664   679      NaN    0.000    0.000
47407  4746   701      NaN    0.000    0.000
47409  4961   671      NaN    0.577    0.610
47411  4595   764      NaN    0.000    0.000
47412  4630   778      NaN    0.000    0.000
47413  4681   761      NaN    0.461    0.474
47417  4841   794      NaN    0.000    0.000
47418  4972   787      NaN    0.000    0.000
47421  4505   807      NaN    0.739    0.819
47423  4591   862      NaN    0.000    0.000
47424  4655   828      NaN    0.000    0.000
47426  4793   878    0.407    0.000    0.000
47428  4494   912      NaN    0.000    0.000
47430  4565   918      NaN    0.000    0.000
47433  4565   796      NaN    0.000    0.000
47435  4856   634      NaN    0.000    0.000
47440  4852   863      NaN    0.000    0.000
47512  4673  1226    2.390    0.648    0.826
47520  4516  1261    0.369    0.445    0.481
47570  4472  1403      NaN    0.000    0.000
47574  4474  1048      NaN    0.800    0.945
47575  4567  1030      NaN    0.000    0.000
47576  4617   977      NaN    0.577    0.590
47581  4651  1061      NaN    0.000    0.000
47582  4492  1153      NaN    0.000    0.000
47584  4612  1155      NaN    0.000    0.000
47585  4701  1160    0.269    0.603    0.816
47587  4464  1242      NaN    0.000    0.000
47588  4520  1317      NaN    0.000    0.000
47590  4582  1315      NaN    0.000    0.000
47592  4627  1296      NaN    0.000    0.000
47595  4533  1371      NaN    0.000    0.000
47597  4505  1442      NaN    0.000    0.000
47598  4582  1463      NaN    0.000    0.000
47600  4134  1412      NaN    0.000    0.000
47602  4283  1341      NaN    0.000    0.000
47604  4375  1354      NaN    0.000    0.000
47605  4104  1504      NaN    0.000    0.000
47606  4151  1479      NaN    0.000    0.000
47607  4167  1489      NaN    0.000    0.000
47610  4279  1494      NaN    0.000    0.000
47612  4285  1446    0.907    0.542    0.574
47615  4466  1507      NaN    0.000    0.000
47616  4057  1563      NaN    0.000    0.000
47617  4173  1552      NaN    0.000    0.000
47618  4253  1541      NaN    0.000    0.000
47620  4270  1563      NaN    0.000    0.000
47622  4319  1530      NaN    0.000    0.000
47624  4376  1524      NaN    0.000    0.000
47626  4412  1552      NaN    0.000    0.000
47629  4533  1526      NaN    0.000    0.000
47631  4040  1608      NaN    0.000    0.000
47632  4119  1636      NaN    0.000    0.000
47636  4141  1662      NaN    0.000    0.000
47637  4236  1623      NaN    0.000    0.000
47638  4319  1606      NaN    0.000    0.000
47639  4339  1640      NaN    0.000    0.000
47640  4343  1625      NaN    0.000    0.000
47641  4376  1571      NaN    0.000    0.000
47648  4576  1599      NaN    0.000    0.000
47649  4050  1707      NaN    0.000    0.000
47651  4091  1711      NaN    0.000    0.000
47653  4156  1722      NaN    0.000    0.000
47654  4225  1713      NaN    0.000    0.000
47655  4281  1726      NaN    0.000    0.000
47656  4302  1683      NaN    0.000    0.000
47657  4362  1668      NaN    0.000    0.000
47662  4455  1604      NaN    0.000    0.000
47663  4055  1786      NaN    0.565    1.297
47666  4352  1726      NaN    0.000    0.000
47668  4380  1675      NaN    0.723    1.990
47670  4442  1632      NaN    0.000    0.000
47672  4466  1683      NaN    0.000    0.000
47674  4516  1664      NaN    1.090    2.352
47675  4410  1709    2.210    0.000    0.000
47677  4427  1780      NaN    0.877    2.074
47678  4457  1892    1.040    1.074    2.300
47682  4492  1614      NaN    0.000    0.000
47684  4098  1688      NaN    0.000    0.000
47690  4425  1487      NaN    0.739    0.987
47740  3734  1547      NaN    0.839    1.448
47741  3704  1631      NaN    0.000    0.000
47742  3723  1619      NaN    0.000    0.000
47744  3734  1632      NaN    0.000    0.000
47746  3835  1627      NaN    0.000    0.000
47747  3900  1621    1.547    0.874    1.403
47750  3956  1631      NaN    0.665    1.261
47754  3518  1746      NaN    0.000    0.000
47755  3592  1692      NaN    0.000    0.000
47756  3811  1674      NaN    0.000    0.000
47759  4003  1679      NaN    0.000    0.000
47761  4061  1649      NaN    0.000    0.000
47762  3466  1799      NaN    0.000    0.000
47765  3637  1748      NaN    0.000    0.000
47766  3647  1767      NaN    0.000    0.000
47767  3725  1743      NaN    0.000    0.000
47768  3800  1718      NaN    0.000    0.000
47769  3884  1700      NaN    0.000    0.000
47770  3945  1715      NaN    0.000    0.000
47772  3979  1716      NaN    0.000    0.000
47776  3910  1756      NaN    0.716    1.655
47777  3940  1767      NaN    0.000    0.000
47778  4007  1855      NaN    0.739    1.629
47780  4014  1715      NaN    0.000    0.000
47784  3523  1774      NaN    0.000    0.000
47800  3283  1771      NaN    0.000    0.000
47805  3311  1864      NaN    0.000    0.000
47807  3404  1840      NaN    0.000    0.000
47809  3439  1832      NaN    0.000    0.000
47812  3331  1886      NaN    0.000    0.000
47813  3395  1875      NaN    0.000    0.000
47814  3466  1870      NaN    0.000    0.000
47815  3542  1879      NaN    0.000    0.000
47817  3346  1935      NaN    0.000    0.000
47818  3391  1935    2.587    0.868    1.594
47819  3439  1926      NaN    0.000    0.000
47821  3480  1918    1.373    0.710    1.765
47822  3546  1952      NaN    0.000    0.000
47823  3383  2013      NaN    0.000    0.000
47824  3445  1993      NaN    0.000    0.000
47827  3423  2067      NaN    0.000    0.000
47829  3482  2047      NaN    0.000    0.000
47830  3520  2024      NaN    0.000    0.000
47831  3395  2099      NaN    0.890    1.968
47835  3518  2064    3.665    0.677    1.955
47836  3436  2198      NaN    0.935    2.200
47837  3471  2161      NaN    0.000    0.000
47838  3365  1995      NaN    0.000    0.000
47842  3176  2019      NaN    0.000    0.000
47843  3230  1939      NaN    0.000    0.000
47887  3673  1810      NaN    0.000    0.000
47890  3781  1761      NaN    0.000    0.000
47891  3815  1758      NaN    0.000    0.000
47892  3647  1879      NaN    0.000    0.000
47893  3759  1842      NaN    0.000    0.000
47895  3872  1786      NaN    0.000    0.000
47897  3663  1914    3.515    0.000    0.000
47898  3699  1937      NaN    0.000    0.000
47899  3830  1877      NaN    0.000    0.000
47909  3305  2422      NaN    0.987    2.287
47912  2579  2861      NaN    2.281    2.413
47917  2663  2864      NaN    0.000    0.000
47918  2708  2876      NaN    0.000    0.000
47927  2833  2823      NaN    0.000    0.000
47929  3003  2652      NaN    1.497    3.003
47936  3102  2667      NaN    0.000    0.000
47940  3133  2622      NaN    0.000    0.000
47942  3215  2528      NaN    1.365    2.513
47945  3499  2708      NaN    1.565    2.723
47971  4726  2566      NaN    0.000    0.000
48803   445  3081    3.246    1.635    2.306
48806   438  3212    1.326    1.842    2.626
48808   701  3062    3.343    1.623    2.310
48820   651  3245      NaN    0.000    0.000
48823   690  3312    3.211    0.958    1.271
48826   744  3271    2.368    1.874    3.055
48830   759  3156    2.872    1.619    2.655
48839   865  3346      NaN    0.000    0.000
48921   212  3178    3.034    2.165    2.900
48924   165  3243    3.720    2.690    3.542
48925   225  3284    1.992    2.126    3.045
48927   475  3314    2.936    2.071    3.094
50527  2213    89      NaN    0.000    0.000
50548  2657    91      NaN    0.190    0.194
50557  2827    94    0.730    0.168    0.174
50564  3064    64    0.704    0.171    0.174
50603  1884   150    0.696    0.203    0.210
50632  2456   139    0.098    0.174    0.174
50658  2900   219    0.788    0.000    0.000
50727  2234   318    0.770    0.206    0.213
50745  2680   294      NaN    0.000    0.000
50756  3021   288    0.666    0.187    0.190
50774  3238   257    1.368    0.181    0.210
50788  3583   311    0.863    0.210    0.216
50844  2624   404    1.100    0.284    0.297
50854  2836   406    1.038    0.235    0.242
50888  3606   414    0.827    0.216    0.219
50915  1901   503    1.334    0.258    0.265
50949  2786   552    0.953    0.229    0.239
50953  2999   477    0.941    0.242    0.252
50963  3219   453    1.003    0.239    0.242
50968  3133   537      NaN    0.000    0.000
50978  3466   527      NaN    0.000    0.000
50983  3693   475      NaN    0.000    0.000
52267   120   903      NaN    0.000    0.000
52378   266   968      NaN    0.000    0.000
52495   505  1037      NaN    0.000    0.000
52652    50  1240      NaN    0.000    0.000
52681   346  1274    1.267    0.590    2.503
52754    16  1420    1.674    0.906    1.739
52787   322  1435    1.542    0.742    1.935
52866   199  1500      NaN    0.000    0.000
52889   436  1563      NaN    0.000    0.000
52955    85  1616    1.627    0.874    2.165
52983   466  1584    1.774    0.806    2.177
52996   561  1638    1.742    0.968    1.929
53068  1345   712      NaN    0.655    0.890
53083  1586   604    0.776    0.252    0.261
53149  1136   837      NaN    0.726    1.368
53192  1675   671    0.801    0.310    0.319
53231   716   959      NaN    0.000    0.000
53276  1446   852      NaN    0.710    1.084
53336   955   946      NaN    0.765    1.471
53352  1170   931    0.996    0.755    1.223
53391  1569   908    0.298    0.674    0.906
53463  1310  1030      NaN    0.000    0.000
53480  1464  1005    1.600    0.732    1.174
53487  1494  1110      NaN    0.000    0.000
53502   645  1145      NaN    0.655    2.071
53513   830  1035      NaN    0.000    0.000
53529   895  1222      NaN    0.748    1.906
53543  1119  1140      NaN    0.000    0.000
53564  1250  1190      NaN    0.803    1.587
53588  1515  1239    0.338    0.855    1.674
53593  1632  1140      NaN    0.000    0.000
53614   695  1293    1.546    0.674    2.255
53646  1097  1315    1.371    0.835    1.877
53673  1423  1261      NaN    0.000    0.000
53698  1616  1341      NaN    0.000    0.000
53705   638  1403    1.688    0.674    2.400
53723   828  1367    1.289    0.784    2.081
53764  1244  1401      NaN    0.000    0.000
53772  1407  1369      NaN    0.000    0.000
53787  1455  1450    2.038    0.719    2.090
53798  1625  1450      NaN    0.000    0.000
53845  1065  1502    2.169    0.739    2.481
53863  1336  1453      NaN    0.000    0.000
53898  1614  1563    2.155    0.645    2.290
53915   748  1619      NaN    0.000    0.000
53923   856  1599      NaN    0.000    0.000
53959  1239  1675    2.255    0.606    2.581
53975  1390  1627      NaN    0.000    0.000
54012  1972   608    1.239    0.284    0.294
54026  2342   610      NaN    0.494    0.590
54027  2174   675    1.297    0.387    0.426
54049  2685   645    1.204    0.245    0.252
54094  3316   610      NaN    0.000    0.000
54096  3490   630      NaN    0.000    0.000
54102  1806   679    0.723    0.271    0.284
54115  2024   718    1.474    0.471    0.519
54135  2495   718      NaN    0.448    0.497
54157  2726   764    1.395    0.326    0.335
54161  2825   684      NaN    0.000    0.000
54186  3159   744      NaN    0.000    0.000
54208  1845   876    1.132    0.400    0.429
54218  2125   867      NaN    0.000    0.000
54226  2319   860    1.558    0.535    0.623
54236  2525   850    1.138    0.500    0.594
54259  2795   886    1.218    0.352    0.374
54273  2997   787    0.846    0.342    0.358
54292  3305   800    1.197    0.487    0.545
54308  1864   987    1.850    0.726    1.119
54311  1989   904      NaN    0.000    0.000
54324  2291   947    1.590    0.710    1.084
54337  2366   994      NaN    0.000    0.000
54342  2635   927    0.944    0.461    0.513
54346  2665   974      NaN    0.000    0.000
54374  3016   929    0.052    0.365    0.377
54377  2930   998    1.213    0.361    0.374
54386  3156   970    1.088    0.268    0.274
54401  1668  1033      NaN    0.000    0.000
54405  1737  1074      NaN    0.000    0.000
54423  2011  1011      NaN    0.000    0.000
54436  2123  1076    1.866    0.774    1.368
54471  2484  1046      NaN    0.000    0.000
54493  2777  1041    1.788    0.377    0.394
54497  2726  1115      NaN    0.000    0.000
54511  1825  1128      NaN    0.000    0.000
54527  1924  1222      NaN    0.000    0.000
54534  2028  1160      NaN    0.000    0.000
54539  2118  1184      NaN    0.000    0.000
54587  2601  1227      NaN    0.000    0.000
54602  1744  1250      NaN    0.000    0.000
54618  1855  1336      NaN    0.000    0.000
54662  2424  1244      NaN    0.000    0.000
54715  1856  1420      NaN    0.000    0.000
54725  1965  1401    2.142    0.687    1.294
54751  2321  1352      NaN    0.000    0.000
54753  2276  1388      NaN    0.000    0.000
54776  2542  1412      NaN    0.961    1.290
54808  1756  1543    2.370    0.687    1.784
54823  1911  1502    2.242    0.800    1.684
54826  1916  1541      NaN    0.000    0.000
54836  2034  1548      NaN    0.000    0.000
54843  2150  1483      NaN    0.000    0.000
54857  2278  1562      NaN    0.000    0.000
54863  2374  1483    2.002    0.887    1.342
54909  1744  1674    2.991    0.690    1.865
54916  1888  1618      NaN    0.000    0.000
54929  2011  1653    2.332    0.781    1.597
54945  2189  1632    2.328    0.000    0.000
56065   180  1711    1.396    1.065    1.726
56079   333  1840    2.017    1.165    1.703
56080   326  1681    1.730    1.016    1.829
56096   552  1860    2.071    0.000    0.000
56146     1  2060    1.841    1.242    2.165
56152    38  1985    1.792    1.252    2.006
56167   126  2131    2.361    1.074    2.390
56172   251  2028    1.328    1.206    2.381
56182   400  1944    2.560    1.384    2.035
56187   430  2163      NaN    0.603    2.084
56193   507  1970    0.005    0.945    1.742
56196   531  2079      NaN    0.000    0.000
56257    31  2241    2.412    1.100    2.394
56287   337  2243    2.619    1.145    2.577
56357    35  2347    2.511    1.074    2.529
56374   221  2235    0.867    0.674    2.461
56385   374  2295    2.614    1.071    2.671
56462   169  2353    2.025    0.377    2.477
56492   516  2375    2.315    0.687    3.197
56571   255  2476      NaN    0.000    0.000
56586   421  2540    2.717    1.116    2.871
56651    25  2596    4.250    0.432    3.487
56671   253  2616    3.830    0.561    4.142
56684   369  2642    3.947    1.161    3.406
56691   481  2592    3.274    1.100    3.226
56751    22  2723      NaN    0.584    3.374
56763   210  2719    0.025    0.713    3.110
56768   171  2799    1.371    0.987    3.010
56778   302  2799      NaN    0.000    0.000
56786   430  2736    3.336    0.981    2.887
56886   423  2853    3.631    1.403    2.810
56951    25  2919      NaN    2.232    3.561
56959    89  3137      NaN    0.000    0.000
56964   111  3051    3.887    1.652    3.035
56966   223  2958    0.205    1.400    2.739
56969   178  3193    2.154    2.206    3.181
56977   204  3068    3.339    2.087    2.835
56985   380  2982      NaN    0.000    0.000
57006   645  1728      NaN    0.000    0.000
57014   658  1730      NaN    0.000    0.000
57016   800  1754      NaN    0.000    0.000
57025   828  1735    2.612    0.703    2.384
57046  1130  1739    2.555    0.665    2.881
57067  1237  1787    2.317    0.648    2.413
57071  1394  1702    2.283    0.590    2.574
57083  1530  1713      NaN    0.000    0.000
57127   789  1898    2.677    0.000    0.000
57131  1005  1744      NaN    0.597    2.955
57178  1410  1901      NaN    0.000    0.000
57193  1627  1817    3.008    0.635    2.203
57237   901  2010    2.884    0.958    2.155
57245  1013  1937      NaN    0.000    0.000
57259  1207  2013    2.967    0.655    2.261
57265  1308  1974      NaN    0.000    0.000
57279  1420  2000    3.031    0.584    2.097
57290  1571  1905      NaN    0.000    0.000
57297  1575  2002      NaN    0.000    0.000
57306   669  2064      NaN    0.916    3.071
57328   841  2107      NaN    0.000    0.000
57348  1069  2127    3.103    0.861    2.119
57378  1408  2110      NaN    0.603    1.429
57399  1677  2108    2.868    0.948    2.345
57411   682  2151      NaN    0.000    0.000
57426   875  2164    2.285    1.155    2.461
57447  1061  2209    2.426    1.061    1.916
57461  1267  2163      NaN    0.000    0.000
57476  1362  2202      NaN    0.000    0.000
57494  1584  2172      NaN    0.000    0.000
57503   574  2284    2.490    0.729    3.068
57504   567  2288      NaN    0.000    0.000
57516   725  2288      NaN    0.000    0.000
57554  1140  2308    3.139    0.816    1.923
57584  1466  2310      NaN    0.000    0.000
57598  1634  2349    1.723    1.194    2.226
57602   610  2366      NaN    0.000    0.000
57604   604  2377    2.851    0.803    2.994
57633   983  2372    2.756    1.235    2.052
57655  1166  2413    3.449    1.187    2.371
57662  1310  2347      NaN    0.000    0.000
57687  1442  2439      NaN    0.000    0.000
57707   587  2543    2.572    1.510    2.655
57712   779  2495    2.322    1.332    2.248
57713   772  2499    2.909    1.332    2.274
57731   925  2471    3.049    1.416    2.119
57745  1086  2527    3.015    1.329    2.406
57766  1285  2551    2.730    1.361    2.458
57776  1423  2543    1.546    0.923    2.232
57793  1612  2487    3.010    0.000    0.000
57799  1677  2564      NaN    0.000    0.000
57816   755  2624      NaN    0.000    0.000
57832   972  2581    2.963    1.294    2.200
57845  1097  2670    3.094    1.071    2.006
57853  1192  2607    2.611    1.403    2.281
57866  1302  2663      NaN    0.000    0.000
57902   582  2752    3.129    1.523    2.445
57916   759  2752    2.797    1.335    2.110
57922   847  2708    2.594    1.168    2.045
57932   957  2693    2.069    1.316    2.087
57957  1155  2764    3.318    1.374    2.303
57972  1461  2711    2.574    1.426    2.400
57993  1681  2704    3.200    1.265    2.439
58027  1922  1761      NaN    0.000    0.000
58040  2144  1698      NaN    0.000    0.000
58102  1767  1806      NaN    0.000    0.000
58141  2133  1830    2.782    0.984    1.771
58144  2133  1838      NaN    0.000    0.000
58150  2269  1819    2.836    1.016    1.729
58203  1763  1920    2.902    0.706    2.087
58208  1750  1998    2.800    0.806    2.313
58221  1948  1914    2.773    0.910    2.058
58238  2118  2024    2.575    1.035    2.094
58251  2273  1922      NaN    0.000    0.000
58265  2420  2010    3.357    0.000    0.000
58314  1830  2084      NaN    0.000    0.000
58321  1939  2041    2.330    0.955    2.087
58338  2082  2112    2.862    1.048    2.168
58345  2183  2080      NaN    0.000    0.000
58362  2403  2082      NaN    0.000    0.000
58424  1911  2181      NaN    0.000    0.000
58437  2034  2226    4.126    0.955    2.171
58457  2260  2215      NaN    0.000    0.000
58472  2515  2159      NaN    0.000    0.000
58477  2478  2237    1.221    0.000    0.000
58506  1791  2288    1.985    0.952    2.410
58527  1927  2319      NaN    0.000    0.000
58543  2131  2284      NaN    0.000    0.000
58556  2332  2286      NaN    0.000    0.000
58569  2459  2331      NaN    0.000    0.000
58606  1784  2398    2.584    1.216    2.435
58633  2114  2357      NaN    0.000    0.000
58646  2232  2415    3.165    1.229    1.990
58660  2368  2370      NaN    0.000    0.000
58666  2452  2415      NaN    1.268    1.929
58715  1866  2512    2.863    1.165    2.445
58725  1957  2540    0.490    0.787    1.968
58730  2021  2491    2.563    0.887    2.032
58731  2077  2474    3.334    0.787    2.045
58752  2314  2489    3.281    0.000    0.000
58754  2263  2540      NaN    0.000    0.000
58813  1830  2594    3.018    1.126    2.355
58834  2034  2618      NaN    0.981    2.248
58847  2161  2680      NaN    0.000    0.000
58849  2234  2670      NaN    1.787    2.784
58853  2319  2577      NaN    0.000    0.000
58911  1834  2706    3.663    1.213    2.629
58921  1944  2693    3.206    0.000    0.000
58926  1950  2767      NaN    1.245    2.635
58931  2028  2721    1.825    1.187    2.629
58944  2217  2743      NaN    0.000    0.000
58968  2411  2797      NaN    0.000    0.000
58974  2472  2730      NaN    0.000    0.000
59007   568  2906    2.831    1.629    2.365
59023   901  2835    2.464    1.519    2.439
59046  1054  2874      NaN    0.000    0.000
59058  1179  2891    3.082    1.400    2.755
59072  1386  2823      NaN    0.000    0.000
59082  1524  2838    3.179    1.171    2.690
59087  1515  2926      NaN    0.000    0.000
59096  1623  2872    3.705    1.261    2.845
59102  1754  2807    3.691    1.068    2.755
59117  1806  2879      NaN    0.000    0.000
59134  2026  2859      NaN    0.000    0.000
59152  2349  2823      NaN    0.000    0.000
59158  2318  2896      NaN    0.000    0.000
59162  2437  2827      NaN    0.000    0.000
59209   667  2991    4.388    1.526    2.129
59211   740  2924    2.629    0.629    0.900
59254  1130  2980      NaN    0.000    0.000
59265  1267  2971    3.374    1.168    3.400
59278  1397  3019    3.609    0.000    0.000
59287  1494  3006      NaN    0.000    0.000
59293  1651  2935    3.457    1.226    3.329
59316  1870  2980      NaN    0.000    0.000
59348  2204  2995      NaN    1.445    3.635
59353  2331  2967    3.592    1.565    3.129
59358  2265  3025      NaN    0.000    0.000
59362  2422  2911      NaN    0.000    0.000
59368  2394  3014      NaN    0.000    0.000
59417   757  3096    2.526    1.552    2.526
59431   921  3066    2.226    1.323    2.974
59456  1226  3098    2.882    1.374    3.306
59493  1580  3075      NaN    0.000    0.000
59501  1722  3049      NaN    0.000    0.000
59554  2271  3068      NaN    0.000    0.000
59556  2342  3098      NaN    0.000    0.000
59559  2325  3137    2.650    1.710    3.094
59562  2370  3053      NaN    0.000    0.000
59567  2415  3133      NaN    0.000    0.000
59632   966  3143    3.447    1.487    3.410
59644  1020  3195      NaN    0.000    0.000
59658  1155  3232    0.137    1.523    3.277
59663  1341  3156    3.084    1.077    3.616
59673  1431  3167      NaN    0.000    0.000
59758  1149  3361      NaN    0.000    0.000
59792  1873  3286      NaN    0.000    0.000
