30949  1341    50    0.297    0.474    0.526
30967  1765    12    0.074    0.403    0.461
30978  2060    20    0.100    0.348    0.381
31583  3352    25    0.059    0.197    0.197
31587  3210    44    0.318    0.235    0.239
31594  3370    66    0.149    0.184    0.190
31618  3637   111    0.131    0.239    0.242
31624  3723    68    0.163    0.210    0.226
31632  3880     8    0.134    0.210    0.239
31636  3891    51    0.270    0.226    0.242
31655  4096    63      NaN    0.235    0.239
31702  3482   113    0.269    0.194    0.200
31703  3555   113    0.127    0.200    0.200
31707  3469   255    0.371    0.265    0.268
31710  3654   231    0.038    0.206    0.206
31713  3691   143    0.036    0.213    0.216
31725  3790   156    0.119    0.161    0.158
31733  4020   134      NaN    0.255    0.261
31735  3940   167    0.359    0.242    0.245
31754  4151   158    0.121    0.171    0.184
31770  4515   113      NaN    0.329    0.339
31786  3900   275    0.024    0.213    0.216
31788  3846   320    0.007    0.210    0.213
31792  3992   251    0.102    0.255    0.261
31801  4054   262    0.131    0.219    0.226
31823  4429   229      NaN    0.000    0.000
31825  4302   270    0.165    0.226    0.261
31829  4367   302      NaN    0.000    0.000
31832  3839   359    0.014    0.245    0.248
31845  3956   389    0.316    0.274    0.284
31866  4294   389    0.675    0.474    0.577
31873  3779   464    0.048    0.313    0.323
31878  3757   552    0.005    0.374    0.397
31884  3839   514    0.214    0.365    0.394
31909  4100   561      NaN    0.400    0.571
31913  3583   537      NaN    0.000    0.000
31915  3516   628    0.014    0.306    0.310
31917  3508   669    0.032    0.406    0.426
31921  3592   593      NaN    0.394    0.413
31924  3592   624    0.005    0.387    0.403
31931  3706   583    0.021    0.390    0.413
31935  3751   626    0.047    0.316    0.397
31939  3794   656    0.133    0.394    0.439
31958  3971   645    0.071    0.465    0.613
31959  4016   632      NaN    0.000    0.000
31960  3578   772      NaN    0.000    0.000
31961  3581   686    0.005    0.419    0.481
31969  3451   824      NaN    0.000    0.000
31977  3591   755      NaN    0.448    0.568
31981  3704   677    0.133    0.432    0.500
31987  3699   768    0.175    0.339    0.597
31989  3798   796      NaN    0.000    0.000
31994  3828   720    1.858    0.500    0.587
32088  4709   106      NaN    0.000    0.000
32098  4828    89      NaN    0.000    0.000
32099  5011   152      NaN    0.000    0.000
32121  4727   227      NaN    0.000    0.000
32128  4711   331      NaN    0.000    0.000
32133  4795   300    0.005    0.484    0.519
32150  4785   343    0.054    0.000    0.000
44230   225    50    0.331    0.445    0.490
44231    20    42    0.247    0.416    0.452
44232   303    70    0.169    0.429    0.474
44237   156   165    0.132    0.497    0.619
44239   399   135    0.316    0.448    0.494
44241   680   122    0.236    0.513    0.587
44256  1614    51    0.052    0.474    0.545
44259  1631   216    0.062    0.571    0.697
44282   165   287    0.162    0.687    1.019
44284    16   371    0.393    0.610    0.794
44285   311   348    0.267    0.594    0.845
44287    78   434    0.162    0.694    1.087
44288   313   419    0.299    0.677    1.094
44292   770   234      NaN    0.000    0.000
44294   839   303    0.074    0.548    0.687
44298   921   399    0.163    0.613    0.787
44302  1358   249    0.269    0.532    0.623
44304  1192   302    0.248    0.555    0.684
44305  1489   372    0.303    0.584    0.742
44313  2086   268    0.259    0.413    0.452
44314  1752   318    0.193    0.581    0.768
44317  1722   460    0.358    0.574    0.742
44336   438   511      NaN    0.723    1.242
44341   705   475    0.081    0.661    0.929
44347   596   626      NaN    0.739    1.261
44352  1386   479    0.297    0.632    0.865
44354  1134   572    0.165    0.710    1.065
44358  1334   703    0.177    0.719    1.152
44373   496   720      NaN    0.000    0.000
45004  1588  3102      NaN    0.000    0.000
45005  1588  3103      NaN    0.000    0.000
45007  1560  3102      NaN    0.000    0.000
45011  1520  3118      NaN    0.000    0.000
45013  1520  3118      NaN    0.000    0.000
45018  1520  3122      NaN    0.000    0.000
45020  1517  3116      NaN    0.000    0.000
45031  1618  3075      NaN    1.471    3.590
45032  1586  3077    0.627    0.848    3.523
45033  1603  3077      NaN    0.677    4.532
45034  1595  3083    3.021    2.500    2.942
45035  1567  3085      NaN    0.000    0.000
45036  1608  3085      NaN    0.000    0.000
45037  1590  3087      NaN    0.000    0.000
45038  1565  3092      NaN    0.000    0.000
45039  1591  3092      NaN    0.000    0.000
45040  1599  3094      NaN    0.000    0.000
45041  1597  3102      NaN    0.000    0.000
45042  1558  3103      NaN    0.000    0.000
45043  1588  3109      NaN    0.000    0.000
45044  1571  3115      NaN    0.000    0.000
45045  1603  3116      NaN    0.000    0.000
47003  3406   862      NaN    0.587    0.813
47005  3171   918    0.638    0.368    0.394
47008  3340   921      NaN    0.000    0.000
47014  3012   921    0.921    0.319    0.329
47016  3156   964      NaN    0.000    0.000
47020  2980  1013    0.991    0.423    0.461
47022  3154  1030    1.207    0.435    0.452
47025  3271  1046      NaN    0.852    1.410
47028  2794  1071      NaN    0.765    1.055
47031  3053  1080    0.564    0.542    0.610
47035  2732  1110      NaN    0.000    0.000
47037  2829  1123    1.528    0.819    1.187
47039  2941  1102    1.383    0.645    0.823
47041  3087  1128    1.304    0.797    1.026
47046  3158  1117      NaN    0.000    0.000
47050  2874  1164      NaN    0.877    1.339
47052  2986  1209    1.712    0.684    0.855
47055  3074  1212      NaN    0.671    1.048
47058  2889  1229      NaN    0.000    0.000
47060  2844  1265      NaN    0.000    0.000
47061  3158  1263    1.992    0.000    0.000
47065  2887  1287      NaN    0.000    0.000
47067  2973  1289    1.565    0.806    1.110
47068  2788  1328    1.600    0.987    1.635
47069  2879  1341    1.609    0.816    1.390
47070  2976  1349    1.635    0.710    1.048
47075  3057  1298    1.487    0.810    0.968
47090  3200  1317      NaN    0.000    0.000
47092  3212  1338    1.919    0.623    1.184
47095  3059  1328    1.631    0.826    1.042
47097  3079  1427    1.797    0.842    1.339
47098  3032  1356      NaN    0.000    0.000
47099  2997  1358      NaN    0.000    0.000
47100  3217  1380    0.005    0.658    1.006
47101  3107  1356      NaN    0.000    0.000
47102  2760  1349      NaN    0.594    1.084
47104  3232  1367    2.154    0.429    0.900
47105  3236  1373      NaN    0.000    0.000
47106  3262  1401      NaN    0.000    0.000
47108  3019  1394      NaN    0.000    0.000
47110  3001  1394      NaN    0.000    0.000
47112  2982  1403      NaN    0.000    0.000
47113  2962  1405      NaN    0.958    1.571
47114  3131  1420    1.979    0.000    0.000
47115  3464  1401      NaN    1.061    1.765
47119  3023  1427      NaN    0.000    0.000
47121  3187  1436    0.701    0.742    1.016
47127  3131  1461      NaN    0.000    0.000
47129  2969  1481    1.875    0.958    1.716
47130  3296  1459      NaN    0.000    0.000
47131  3074  1498      NaN    0.000    0.000
47133  3066  1528      NaN    0.000    0.000
47135  3135  1545    0.562    0.732    1.400
47136  3215  1506    2.287    0.665    1.316
47137  3154  1524    2.088    0.665    1.268
47138  3292  1565      NaN    0.000    0.000
47140  2997  1569      NaN    0.000    0.000
47143  3206  1582      NaN    0.000    0.000
47145  3038  1483    1.867    0.816    1.461
47146  3042  1590      NaN    0.000    0.000
47150  2975  1532    1.970    0.877    1.677
47151  3288  1614      NaN    0.000    0.000
47152  3284  1619      NaN    0.000    0.000
47154  3172  1556      NaN    0.000    0.000
47155  3200  1662      NaN    0.000    0.000
47156  3012  1662      NaN    0.000    0.000
47157  3126  1606    2.464    0.661    1.510
47159  3253  1670      NaN    0.000    0.000
47162  3186  1698      NaN    0.000    0.000
47163  2954  1683      NaN    0.000    0.000
47165  2956  1702      NaN    0.000    0.000
47167  3094  1700      NaN    0.000    0.000
47168  3107  1711      NaN    0.000    0.000
47169  2851  1716      NaN    0.710    1.455
47170  2991  1750      NaN    0.706    1.377
47171  3010  1619      NaN    0.000    0.000
47172  2991  1632      NaN    0.781    1.729
47173  3062  1636    2.209    0.681    1.497
47174  3051  1674      NaN    0.490    1.468
47175  2948  1741    0.795    0.755    1.835
47182  2969  1847      NaN    0.000    0.000
47184  2971  1849      NaN    0.000    0.000
47185  2930  1873      NaN    0.000    0.000
47188  3010  1862      NaN    0.732    1.319
47189  2975  1879      NaN    0.000    0.000
47192  3150  1659      NaN    0.000    0.000
47401  4670   514      NaN    0.000    0.000
47402  4770   568    0.413    0.584    0.626
47404  4671   632      NaN    0.000    0.000
47405  4813   608    0.323    0.500    0.581
47406  4664   679      NaN    0.000    0.000
47407  4746   701      NaN    0.000    0.000
47409  4961   671      NaN    0.816    0.958
47411  4595   764      NaN    0.000    0.000
47412  4630   778      NaN    0.000    0.000
47413  4681   761      NaN    0.626    0.671
47417  4841   794      NaN    0.000    0.000
47418  4972   787      NaN    0.000    0.000
47421  4505   807      NaN    0.774    0.935
47423  4591   862      NaN    0.000    0.000
47424  4655   828      NaN    0.000    0.000
47426  4793   878    0.271    0.000    0.000
47428  4494   912      NaN    0.000    0.000
47430  4565   918      NaN    0.000    0.000
47433  4565   796      NaN    0.000    0.000
47435  4856   634      NaN    0.000    0.000
47440  4852   863      NaN    0.000    0.000
47512  4673  1226    1.963    0.726    0.994
47520  4516  1261    0.188    0.513    0.603
47570  4472  1403      NaN    0.000    0.000
47574  4474  1048      NaN    0.523    0.716
47575  4567  1030      NaN    0.000    0.000
47576  4617   977    0.575    0.626    0.800
47581  4651  1061      NaN    0.000    0.000
47582  4492  1153      NaN    0.000    0.000
47584  4612  1155      NaN    0.000    0.000
47585  4701  1160    0.377    0.571    0.816
47587  4464  1242      NaN    0.000    0.000
47588  4520  1317      NaN    0.000    0.000
47590  4582  1315      NaN    0.000    0.000
47592  4627  1296      NaN    0.000    0.000
47595  4533  1371      NaN    0.000    0.000
47597  4505  1442      NaN    0.000    0.000
47598  4582  1463      NaN    0.000    0.000
47600  4134  1412      NaN    0.000    0.000
47602  4283  1341      NaN    0.000    0.000
47604  4375  1354      NaN    0.000    0.000
47605  4104  1504      NaN    0.000    0.000
47606  4151  1479      NaN    0.000    0.000
47607  4167  1489      NaN    0.000    0.000
47610  4279  1494      NaN    0.000    0.000
47612  4285  1446    1.469    0.558    0.694
47615  4466  1507      NaN    0.000    0.000
47616  4057  1563      NaN    0.000    0.000
47617  4173  1552      NaN    0.000    0.000
47618  4253  1541      NaN    0.000    0.000
47620  4270  1563      NaN    0.000    0.000
47622  4319  1530      NaN    0.000    0.000
47624  4376  1524      NaN    0.000    0.000
47626  4412  1552      NaN    0.000    0.000
47629  4533  1526      NaN    0.000    0.000
47631  4040  1608      NaN    0.000    0.000
47632  4119  1636      NaN    0.000    0.000
47636  4141  1662      NaN    0.000    0.000
47637  4236  1623      NaN    0.000    0.000
47638  4319  1606      NaN    0.000    0.000
47639  4339  1640      NaN    0.000    0.000
47640  4343  1625      NaN    0.000    0.000
47641  4376  1571      NaN    0.000    0.000
47648  4576  1599      NaN    0.000    0.000
47649  4050  1707      NaN    0.000    0.000
47651  4091  1711      NaN    0.000    0.000
47653  4156  1722      NaN    0.000    0.000
47654  4225  1713      NaN    0.000    0.000
47655  4281  1726      NaN    0.000    0.000
47656  4302  1683      NaN    0.000    0.000
47657  4362  1668      NaN    0.000    0.000
47662  4455  1604      NaN    0.000    0.000
47663  4055  1786      NaN    0.629    1.161
47666  4352  1726      NaN    0.000    0.000
47668  4380  1675      NaN    0.729    1.906
47670  4442  1632      NaN    0.000    0.000
47672  4466  1683      NaN    0.000    0.000
47674  4516  1664      NaN    0.890    2.268
47675  4410  1709    2.158    0.000    0.000
47677  4427  1780      NaN    0.848    2.068
47678  4457  1892    2.442    0.971    2.152
47682  4492  1614      NaN    0.000    0.000
47684  4098  1688      NaN    0.000    0.000
47690  4425  1487      NaN    0.690    0.923
47740  3734  1547      NaN    0.723    1.252
47741  3704  1631      NaN    0.000    0.000
47742  3723  1619      NaN    0.000    0.000
47744  3734  1632      NaN    0.000    0.000
47746  3835  1627      NaN    0.000    0.000
47747  3900  1621    1.828    0.890    1.390
47750  3956  1631      NaN    0.645    1.116
47754  3518  1746      NaN    0.000    0.000
47755  3592  1692      NaN    0.000    0.000
47756  3811  1674      NaN    0.000    0.000
47759  4003  1679      NaN    0.000    0.000
47761  4061  1649      NaN    0.000    0.000
47762  3466  1799      NaN    0.000    0.000
47765  3637  1748      NaN    0.000    0.000
47766  3647  1767      NaN    0.000    0.000
47767  3725  1743      NaN    0.000    0.000
47768  3800  1718      NaN    0.000    0.000
47769  3884  1700      NaN    0.000    0.000
47770  3945  1715      NaN    0.000    0.000
47772  3979  1716      NaN    0.000    0.000
47776  3910  1756      NaN    0.729    1.555
47777  3940  1767      NaN    0.000    0.000
47778  4007  1855      NaN    0.748    1.603
47780  4014  1715      NaN    0.000    0.000
47784  3523  1774      NaN    0.000    0.000
47800  3283  1771      NaN    0.000    0.000
47805  3311  1864      NaN    0.000    0.000
47807  3404  1840      NaN    0.000    0.000
47809  3439  1832      NaN    0.000    0.000
47812  3331  1886      NaN    0.000    0.000
47813  3395  1875      NaN    0.000    0.000
47814  3466  1870      NaN    0.000    0.000
47815  3542  1879      NaN    0.000    0.000
47817  3346  1935      NaN    0.000    0.000
47818  3391  1935    2.561    0.942    1.355
47819  3439  1926      NaN    0.000    0.000
47821  3480  1918    1.592    0.574    1.387
47822  3546  1952      NaN    0.000    0.000
47823  3383  2013      NaN    0.000    0.000
47824  3445  1993      NaN    0.000    0.000
47827  3423  2067      NaN    0.000    0.000
47829  3482  2047      NaN    0.000    0.000
47830  3520  2024      NaN    0.000    0.000
47831  3395  2099      NaN    0.929    1.929
47835  3518  2064    3.734    0.610    1.594
47836  3436  2198      NaN    0.923    2.077
47837  3471  2161      NaN    0.000    0.000
47838  3365  1995      NaN    0.000    0.000
47842  3176  2019      NaN    0.000    0.000
47843  3230  1939      NaN    0.000    0.000
47887  3673  1810      NaN    0.000    0.000
47890  3781  1761      NaN    0.000    0.000
47891  3815  1758      NaN    0.000    0.000
47892  3647  1879      NaN    0.000    0.000
47893  3759  1842      NaN    0.000    0.000
47895  3872  1786      NaN    0.000    0.000
47897  3663  1914      NaN    0.000    0.000
47898  3699  1937      NaN    0.000    0.000
47899  3830  1877      NaN    0.000    0.000
47909  3305  2422      NaN    0.952    2.542
47912  2579  2861      NaN    1.877    2.126
47917  2663  2864      NaN    0.000    0.000
47918  2708  2876      NaN    0.000    0.000
47927  2833  2823      NaN    0.000    0.000
47929  3003  2652      NaN    1.365    3.171
47936  3102  2667      NaN    0.000    0.000
47940  3133  2622      NaN    0.000    0.000
47942  3215  2528      NaN    1.203    2.887
47945  3499  2708      NaN    1.565    2.839
47971  4726  2566      NaN    0.000    0.000
48803   445  3081    3.660    1.016    2.745
48806   438  3212    1.800    1.448    3.010
48808   701  3062    3.905    1.071    3.226
48820   651  3245      NaN    0.000    0.000
48823   690  3312    3.649    0.723    1.881
48826   744  3271    3.380    0.948    3.881
48830   759  3156    4.259    0.961    3.613
48839   865  3346      NaN    0.000    0.000
48921   212  3178    2.961    2.116    2.977
48924   165  3243    3.913    2.397    3.303
48925   225  3284    3.110    1.642    3.248
48927   475  3314    3.951    1.471    3.148
50527  2213    89      NaN    0.000    0.000
50548  2657    91      NaN    0.435    0.494
50557  2827    94    0.150    0.297    0.310
50564  3064    64    0.225    0.216    0.219
50603  1884   150    0.094    0.516    0.610
50632  2456   139    0.014    0.306    0.335
50658  2900   219    0.239    0.000    0.000
50727  2234   318    0.416    0.303    0.319
50745  2680   294      NaN    0.000    0.000
50756  3021   288    0.312    0.235    0.239
50774  3238   257    1.000    0.213    0.235
50788  3583   311    0.349    0.239    0.242
50844  2624   404    0.527    0.581    0.787
50854  2836   406    0.429    0.368    0.390
50888  3606   414    0.542    0.239    0.242
50915  1901   503    0.542    0.574    0.771
50949  2786   552    0.344    0.516    0.603
50953  2999   477    0.439    0.303    0.310
50963  3219   453    0.525    0.242    0.245
50968  3133   537      NaN    0.000    0.000
50978  3466   527      NaN    0.000    0.000
50983  3693   475      NaN    0.000    0.000
52267   120   903      NaN    0.000    0.000
52378   266   968      NaN    0.000    0.000
52495   505  1037      NaN    0.000    0.000
52652    50  1240      NaN    0.000    0.000
52681   346  1274    1.094    0.619    2.458
52754    16  1420    1.456    0.913    1.748
52787   322  1435    1.189    0.681    1.881
52866   199  1500      NaN    0.000    0.000
52889   436  1563      NaN    0.000    0.000
52955    85  1616    1.516    0.832    2.194
52983   466  1584    1.585    0.681    2.087
52996   561  1638    1.556    0.900    1.939
53068  1345   712      NaN    0.739    1.226
53083  1586   604    0.296    0.616    0.852
53149  1136   837      NaN    0.694    1.426
53192  1675   671    0.450    0.645    0.906
53231   716   959      NaN    0.000    0.000
53276  1446   852      NaN    0.748    1.339
53336   955   946      NaN    0.761    1.539
53352  1170   931    0.415    0.697    1.377
53391  1569   908    0.819    0.726    1.206
53463  1310  1030      NaN    0.000    0.000
53480  1464  1005    1.106    0.739    1.435
53487  1494  1110      NaN    0.000    0.000
53502   645  1145      NaN    0.626    2.058
53513   830  1035      NaN    0.000    0.000
53529   895  1222      NaN    0.729    2.077
53543  1119  1140      NaN    0.000    0.000
53564  1250  1190      NaN    0.735    1.903
53588  1515  1239    0.161    0.742    2.065
53593  1632  1140      NaN    0.000    0.000
53614   695  1293    1.444    0.610    2.184
53646  1097  1315    1.162    0.748    2.110
53673  1423  1261      NaN    0.000    0.000
53698  1616  1341      NaN    0.000    0.000
53705   638  1403    1.457    0.658    2.384
53723   828  1367    1.091    0.755    2.139
53764  1244  1401      NaN    0.000    0.000
53772  1407  1369      NaN    0.000    0.000
53787  1455  1450    1.682    0.555    2.471
53798  1625  1450      NaN    0.000    0.000
53845  1065  1502    1.988    0.684    2.487
53863  1336  1453      NaN    0.000    0.000
53898  1614  1563    2.116    0.339    3.055
53915   748  1619      NaN    0.000    0.000
53923   856  1599      NaN    0.000    0.000
53959  1239  1675    1.971    0.516    2.590
53975  1390  1627      NaN    0.000    0.000
54012  1972   608    0.759    0.568    0.752
54026  2342   610      NaN    0.684    1.216
54027  2174   675    0.825    0.681    1.177
54049  2685   645    0.633    0.623    0.806
54094  3316   610      NaN    0.000    0.000
54096  3490   630      NaN    0.000    0.000
54102  1806   679    0.383    0.639    0.897
54115  2024   718    1.084    0.648    1.071
54135  2495   718      NaN    0.674    1.223
54157  2726   764    0.802    0.629    0.845
54161  2825   684      NaN    0.000    0.000
54186  3159   744      NaN    0.000    0.000
54208  1845   876    0.957    0.684    1.061
54218  2125   867      NaN    0.000    0.000
54226  2319   860    1.008    0.619    1.361
54236  2525   850    0.874    0.694    1.361
54259  2795   886    0.796    0.571    0.713
54273  2997   787    0.666    0.374    0.397
54292  3305   800    0.856    0.406    0.426
54308  1864   987    1.393    0.681    1.726
54311  1989   904      NaN    0.000    0.000
54324  2291   947    1.139    0.616    1.929
54337  2366   994      NaN    0.000    0.000
54342  2635   927    0.639    0.752    1.290
54346  2665   974      NaN    0.000    0.000
54374  3016   929    0.074    0.306    0.345
54377  2930   998    0.933    0.487    0.558
54386  3156   970    1.028    0.277    0.284
54401  1668  1033      NaN    0.000    0.000
54405  1737  1074      NaN    0.000    0.000
54423  2011  1011      NaN    0.000    0.000
54436  2123  1076    1.673    0.597    2.094
54471  2484  1046      NaN    0.000    0.000
54493  2777  1041    1.248    0.742    1.019
54497  2726  1115      NaN    0.000    0.000
54511  1825  1128      NaN    0.000    0.000
54527  1924  1222      NaN    0.000    0.000
54534  2028  1160      NaN    0.000    0.000
54539  2118  1184      NaN    0.000    0.000
54587  2601  1227      NaN    0.000    0.000
54602  1744  1250      NaN    0.000    0.000
54618  1855  1336      NaN    0.000    0.000
54662  2424  1244      NaN    0.000    0.000
54715  1856  1420      NaN    0.000    0.000
54725  1965  1401    2.008    0.439    2.303
54751  2321  1352      NaN    0.000    0.000
54753  2276  1388      NaN    0.000    0.000
54776  2542  1412      NaN    0.981    1.929
54808  1756  1543    2.390    0.490    2.716
54823  1911  1502    1.832    0.597    2.690
54826  1916  1541      NaN    0.000    0.000
54836  2034  1548      NaN    0.000    0.000
54843  2150  1483      NaN    0.000    0.000
54857  2278  1562      NaN    0.000    0.000
54863  2374  1483    1.688    0.848    2.071
54909  1744  1674    2.898    0.439    2.361
54916  1888  1618      NaN    0.000    0.000
54929  2011  1653    2.014    0.577    2.255
54945  2189  1632    1.944    0.000    0.000
56065   180  1711    1.382    0.984    1.700
56079   333  1840    1.931    1.010    1.613
56080   326  1681    1.817    0.968    1.787
56096   552  1860    2.184    0.000    0.000
56146     1  2060    2.001    1.155    2.055
56152    38  1985    1.801    1.135    1.813
56167   126  2131    2.541    1.097    2.229
56172   251  2028    1.514    1.171    2.090
56182   400  1944    2.641    1.116    1.813
56187   430  2163      NaN    0.723    2.255
56193   507  1970    0.472    0.806    1.603
56196   531  2079      NaN    0.000    0.000
56257    31  2241    2.470    1.197    2.174
56287   337  2243    3.318    1.113    2.165
56357    35  2347    2.485    1.068    2.252
56374   221  2235    1.130    0.803    1.871
56385   374  2295    2.884    1.039    2.252
56462   169  2353    1.539    0.439    2.045
56492   516  2375    2.337    0.768    3.000
56571   255  2476      NaN    0.000    0.000
56586   421  2540    2.681    1.213    1.952
56651    25  2596    3.705    0.600    2.877
56671   253  2616    3.572    0.739    3.300
56684   369  2642    3.621    1.281    2.716
56691   481  2592    3.176    1.416    2.261
56751    22  2723      NaN    0.632    2.723
56763   210  2719    0.253    0.700    2.632
56768   171  2799    1.431    0.881    2.535
56778   302  2799      NaN    0.000    0.000
56786   430  2736    2.835    1.142    2.381
56886   423  2853    3.162    1.529    2.442
56951    25  2919      NaN    1.855    3.110
56959    89  3137      NaN    0.000    0.000
56964   111  3051    3.074    1.403    2.929
56966   223  2958    0.905    1.055    2.632
56969   178  3193    3.144    1.681    3.061
56977   204  3068    3.067    1.852    2.884
56985   380  2982      NaN    0.000    0.000
57006   645  1728      NaN    0.000    0.000
57014   658  1730      NaN    0.000    0.000
57016   800  1754      NaN    0.000    0.000
57025   828  1735    2.878    0.545    2.290
57046  1130  1739    2.602    0.661    2.990
57067  1237  1787    2.202    0.523    2.458
57071  1394  1702    2.221    0.400    2.852
57083  1530  1713      NaN    0.000    0.000
57127   789  1898    2.576    0.000    0.000
57131  1005  1744      NaN    0.503    2.752
57178  1410  1901      NaN    0.000    0.000
57193  1627  1817    3.100    0.455    2.871
57237   901  2010    2.919    0.752    2.010
57245  1013  1937      NaN    0.000    0.000
57259  1207  2013    3.075    0.561    2.319
57265  1308  1974      NaN    0.000    0.000
57279  1420  2000    2.812    0.426    2.745
57290  1571  1905      NaN    0.000    0.000
57297  1575  2002      NaN    0.000    0.000
57306   669  2064      NaN    0.871    2.894
57328   841  2107      NaN    0.000    0.000
57348  1069  2127    3.112    0.755    2.135
57378  1408  2110      NaN    0.448    2.139
57399  1677  2108    2.540    0.452    3.068
57411   682  2151      NaN    0.000    0.000
57426   875  2164    2.490    1.061    2.535
57447  1061  2209    2.393    0.874    1.932
57461  1267  2163      NaN    0.000    0.000
57476  1362  2202      NaN    0.000    0.000
57494  1584  2172      NaN    0.000    0.000
57503   574  2284    2.293    0.777    2.558
57504   567  2288      NaN    0.000    0.000
57516   725  2288      NaN    0.000    0.000
57554  1140  2308    3.085    0.665    2.219
57584  1466  2310      NaN    0.000    0.000
57598  1634  2349    2.298    0.632    2.913
57602   610  2366      NaN    0.000    0.000
57604   604  2377    2.565    0.897    2.832
57633   983  2372    2.949    1.042    2.174
57655  1166  2413    3.303    0.777    3.016
57662  1310  2347      NaN    0.000    0.000
57687  1442  2439      NaN    0.000    0.000
57707   587  2543    3.218    1.348    2.132
57712   779  2495    2.520    1.039    1.965
57713   772  2499    2.888    1.077    2.052
57731   925  2471    2.666    1.055    2.161
57745  1086  2527    2.916    0.874    2.823
57766  1285  2551    3.098    0.761    3.229
57776  1423  2543    3.064    0.777    2.697
57793  1612  2487    3.397    0.000    0.000
57799  1677  2564      NaN    0.000    0.000
57816   755  2624      NaN    0.000    0.000
57832   972  2581    3.061    1.113    2.481
57845  1097  2670    3.692    0.784    2.529
57853  1192  2607    2.937    0.961    3.068
57866  1302  2663      NaN    0.000    0.000
57902   582  2752    3.294    1.506    2.303
57916   759  2752    3.143    1.187    2.603
57922   847  2708    3.435    0.955    2.245
57932   957  2693    3.094    1.016    2.652
57957  1155  2764    3.396    0.848    3.239
57972  1461  2711    3.567    0.910    3.274
57993  1681  2704    3.553    0.823    2.955
58027  1922  1761      NaN    0.000    0.000
58040  2144  1698      NaN    0.000    0.000
58102  1767  1806      NaN    0.000    0.000
58141  2133  1830    2.499    0.552    2.155
58144  2133  1838      NaN    0.000    0.000
58150  2269  1819    2.476    0.713    2.435
58203  1763  1920    2.841    0.494    2.190
58208  1750  1998    2.623    0.519    2.777
58221  1948  1914    2.771    0.635    2.477
58238  2118  2024    2.401    0.600    2.561
58251  2273  1922      NaN    0.000    0.000
58265  2420  2010    2.896    0.000    0.000
58314  1830  2084      NaN    0.000    0.000
58321  1939  2041    2.384    0.584    2.658
58338  2082  2112    2.743    0.626    2.835
58345  2183  2080      NaN    0.000    0.000
58362  2403  2082      NaN    0.000    0.000
58424  1911  2181      NaN    0.000    0.000
58437  2034  2226    3.624    0.574    2.587
58457  2260  2215      NaN    0.000    0.000
58472  2515  2159      NaN    0.000    0.000
58477  2478  2237    1.436    0.000    0.000
58506  1791  2288    2.035    0.494    2.797
58527  1927  2319      NaN    0.000    0.000
58543  2131  2284      NaN    0.000    0.000
58556  2332  2286      NaN    0.000    0.000
58569  2459  2331      NaN    0.000    0.000
58606  1784  2398    2.743    0.590    3.174
58633  2114  2357      NaN    0.000    0.000
58646  2232  2415    3.243    0.819    2.300
58660  2368  2370      NaN    0.000    0.000
58666  2452  2415      NaN    0.916    2.100
58715  1866  2512    3.529    0.687    2.884
58725  1957  2540    2.583    0.684    2.145
58730  2021  2491    3.391    0.668    2.271
58731  2077  2474    3.609    0.700    2.100
58752  2314  2489    3.340    0.000    0.000
58754  2263  2540      NaN    0.000    0.000
58813  1830  2594    3.673    0.726    2.742
58834  2034  2618      NaN    0.971    2.177
58847  2161  2680      NaN    0.000    0.000
58849  2234  2670      NaN    1.361    2.984
58853  2319  2577      NaN    0.000    0.000
58911  1834  2706    4.047    0.823    2.787
58921  1944  2693    3.966    0.000    0.000
58926  1950  2767      NaN    1.094    2.371
58931  2028  2721    3.918    0.974    2.374
58944  2217  2743      NaN    0.000    0.000
58968  2411  2797      NaN    0.000    0.000
58974  2472  2730      NaN    0.000    0.000
59007   568  2906    3.237    1.400    2.552
59023   901  2835    3.837    0.884    3.113
59046  1054  2874      NaN    0.000    0.000
59058  1179  2891    3.930    0.806    3.361
59072  1386  2823      NaN    0.000    0.000
59082  1524  2838    3.876    0.952    2.694
59087  1515  2926      NaN    0.000    0.000
59096  1623  2872    4.164    0.845    3.035
59102  1754  2807    3.875    0.748    2.658
59117  1806  2879      NaN    0.000    0.000
59134  2026  2859      NaN    0.000    0.000
59152  2349  2823      NaN    0.000    0.000
59158  2318  2896      NaN    0.000    0.000
59162  2437  2827      NaN    0.000    0.000
59209   667  2991    4.221    1.161    2.939
59211   740  2924    3.605    0.661    1.297
59254  1130  2980      NaN    0.000    0.000
59265  1267  2971    3.969    0.765    3.700
59278  1397  3019    4.159    0.000    0.000
59287  1494  3006      NaN    0.000    0.000
59293  1651  2935    3.854    0.726    3.500
59316  1870  2980      NaN    0.000    0.000
59348  2204  2995      NaN    1.265    3.174
59353  2331  2967      NaN    1.523    2.777
59358  2265  3025      NaN    0.000    0.000
59362  2422  2911      NaN    0.000    0.000
59368  2394  3014      NaN    0.000    0.000
59417   757  3096    3.713    1.310    3.284
59431   921  3066    3.677    0.871    3.619
59456  1226  3098    3.893    0.816    3.697
59493  1580  3075      NaN    0.000    0.000
59501  1722  3049      NaN    0.000    0.000
59554  2271  3068      NaN    0.000    0.000
59556  2342  3098      NaN    0.000    0.000
59559  2325  3137    1.834    1.765    2.997
59562  2370  3053      NaN    0.000    0.000
59567  2415  3133      NaN    0.000    0.000
59632   966  3143    3.777    0.852    4.039
59644  1020  3195      NaN    0.000    0.000
59658  1155  3232    0.919    1.248    3.429
59663  1341  3156    3.500    0.645    3.952
59673  1431  3167      NaN    0.000    0.000
59758  1149  3361      NaN    0.000    0.000
59792  1873  3286      NaN    0.000    0.000
