30949  1341    50    0.756    0.543    0.823
30967  1765    12    0.575    0.403    0.603
30978  2060    20    0.733    0.357    0.523
31583  3352    25    0.106    0.063    0.130
31587  3210    44    0.691    0.387    0.513
31594  3370    66    0.086    0.327    0.420
31618  3637   111    0.263    0.097    0.187
31624  3723    68    1.060    0.107    0.320
31632  3880     8    0.759    0.103    0.313
31636  3891    51    0.769    0.070    0.313
31655  4096    63      NaN    0.227    0.340
31702  3482   113    0.814    0.253    0.337
31703  3555   113    0.384    0.297    0.380
31707  3469   255    0.854    0.337    0.500
31710  3654   231    0.106    0.277    0.397
31713  3691   143    0.067    0.323    0.447
31725  3790   156    0.145    0.297    0.413
31733  4020   134      NaN    0.250    0.317
31735  3940   167    0.943    0.250    0.293
31754  4151   158    0.302    0.050    0.100
31770  4515   113      NaN    0.270    0.357
31786  3900   275    0.265    0.260    0.453
31788  3846   320    0.093    0.367    0.563
31792  3992   251    0.195    0.300    0.393
31801  4054   262    0.573    0.047    0.183
31823  4429   229      NaN    0.000    0.000
31825  4302   270    0.117    0.083    0.373
31829  4367   302      NaN    0.000    0.000
31832  3839   359    0.095    0.397    0.603
31845  3956   389    1.023    0.093    0.360
31866  4294   389    0.998    0.087    0.430
31873  3779   464    0.005    0.387    0.723
31878  3757   552    0.016    0.433    0.753
31884  3839   514    0.337    0.407    0.660
31909  4100   561      NaN    0.093    0.497
31913  3583   537      NaN    0.000    0.000
31915  3516   628    0.176    0.437    0.787
31917  3508   669    0.097    0.473    0.897
31921  3592   593      NaN    0.463    0.883
31924  3592   624    0.093    0.363    0.873
31931  3706   583    0.216    0.440    0.750
31935  3751   626    0.087    0.093    0.473
31939  3794   656    0.117    0.310    0.660
31958  3971   645    0.097    0.373    0.843
31959  4016   632      NaN    0.000    0.000
31960  3578   772      NaN    0.000    0.000
31961  3581   686    0.021    0.380    0.890
31969  3451   824      NaN    0.000    0.000
31977  3591   755      NaN    0.190    0.727
31981  3704   677    0.312    0.417    0.703
31987  3699   768    0.959    0.163    0.877
31989  3798   796      NaN    0.000    0.000
31994  3828   720    2.180    0.130    0.633
32088  4709   106      NaN    0.000    0.000
32098  4828    89      NaN    0.000    0.000
32099  5011   152      NaN    0.000    0.000
32121  4727   227      NaN    0.000    0.000
32128  4711   331      NaN    0.000    0.000
32133  4795   300    0.172   -0.037    0.043
32150  4785   343    0.755    0.000    0.000
44230   225    50    0.414    0.540    0.690
44231    20    42    0.829    0.510    0.660
44232   303    70    0.584    0.613    0.817
44237   156   165    0.564    0.527    0.777
44239   399   135    0.548    0.453    0.543
44241   680   122    0.600    0.357    0.440
44256  1614    51    0.462    0.427    0.703
44259  1631   216    0.483    0.483    0.860
44282   165   287    0.618    0.523    1.000
44284    16   371    0.823    0.520    0.777
44285   311   348    0.845    0.587    1.043
44287    78   434    0.520    0.530    0.963
44288   313   419    0.799    0.577    1.263
44292   770   234      NaN    0.000    0.000
44294   839   303    0.604    0.600    0.980
44298   921   399    0.624    0.660    1.223
44302  1358   249    0.487    0.563    0.993
44304  1192   302    0.499    0.607    1.063
44305  1489   372    0.767    0.563    0.967
44313  2086   268    0.727    0.417    0.663
44314  1752   318    0.605    0.467    0.800
44317  1722   460    0.792    0.460    0.770
44336   438   511      NaN    0.573    1.583
44341   705   475    0.478    0.607    1.340
44347   596   626      NaN    0.483    1.720
44352  1386   479    0.753    0.587    1.093
44354  1134   572    0.806    0.563    1.530
44358  1334   703    0.930    0.530    1.347
44373   496   720      NaN    0.000    0.000
45004  1588  3102      NaN    0.000    0.000
45005  1588  3103      NaN    0.000    0.000
45007  1560  3102      NaN    0.000    0.000
45011  1520  3118      NaN    0.000    0.000
45013  1520  3118      NaN    0.000    0.000
45018  1520  3122      NaN    0.000    0.000
45020  1517  3116      NaN    0.000    0.000
45031  1618  3075      NaN    0.797    2.880
45032  1586  3077    0.005    1.200    4.380
45033  1603  3077      NaN    2.250    5.987
45034  1595  3083    1.686    2.633    2.913
45035  1567  3085      NaN    0.000    0.000
45036  1608  3085      NaN    0.000    0.000
45037  1590  3087      NaN    0.000    0.000
45038  1565  3092      NaN    0.000    0.000
45039  1591  3092      NaN    0.000    0.000
45040  1599  3094      NaN    0.000    0.000
45041  1597  3102      NaN    0.000    0.000
45042  1558  3103      NaN    0.000    0.000
45043  1588  3109      NaN    0.000    0.000
45044  1571  3115      NaN    0.000    0.000
45045  1603  3116      NaN    0.000    0.000
47003  3406   862      NaN    0.580    1.370
47005  3171   918    1.158    0.297    0.500
47008  3340   921      NaN    0.000    0.000
47014  3012   921    1.387    0.553    0.767
47016  3156   964      NaN    0.000    0.000
47020  2980  1013    1.681    0.303    0.553
47022  3154  1030    1.535    0.767    1.147
47025  3271  1046      NaN    0.260    1.120
47028  2794  1071      NaN    0.727    1.273
47031  3053  1080    1.618    0.643    0.940
47035  2732  1110      NaN    0.000    0.000
47037  2829  1123    2.139    0.750    1.413
47039  2941  1102    2.003    0.697    1.283
47041  3087  1128    1.855    0.793    1.547
47046  3158  1117      NaN    0.000    0.000
47050  2874  1164      NaN    0.847    1.653
47052  2986  1209    2.164    0.753    1.377
47055  3074  1212      NaN    0.440    1.243
47058  2889  1229      NaN    0.000    0.000
47060  2844  1265      NaN    0.000    0.000
47061  3158  1263    2.619    0.000    0.000
47065  2887  1287      NaN    0.000    0.000
47067  2973  1289    1.919    0.677    1.523
47068  2788  1328    1.664    0.860    1.740
47069  2879  1341    2.069    0.797    1.700
47070  2976  1349    2.185    0.863    1.790
47075  3057  1298    2.197    0.673    1.477
47090  3200  1317      NaN    0.000    0.000
47092  3212  1338    2.871    0.467    1.923
47095  3059  1328    2.311    0.653    1.583
47097  3079  1427    2.186    0.610    1.823
47098  3032  1356      NaN    0.000    0.000
47099  2997  1358      NaN    0.000    0.000
47100  3217  1380    1.126    0.637    1.580
47101  3107  1356      NaN    0.000    0.000
47102  2760  1349      NaN    0.393    0.980
47104  3232  1367    2.930    0.223    0.907
47105  3236  1373      NaN    0.000    0.000
47106  3262  1401      NaN    0.000    0.000
47108  3019  1394      NaN    0.000    0.000
47110  3001  1394      NaN    0.000    0.000
47112  2982  1403      NaN    0.000    0.000
47113  2962  1405      NaN    0.943    1.843
47114  3131  1420    2.427    0.000    0.000
47115  3464  1401      NaN    0.687    2.060
47119  3023  1427      NaN    0.000    0.000
47121  3187  1436    1.130    0.663    1.563
47127  3131  1461      NaN    0.000    0.000
47129  2969  1481    2.240    0.673    1.743
47130  3296  1459      NaN    0.000    0.000
47131  3074  1498      NaN    0.000    0.000
47133  3066  1528      NaN    0.000    0.000
47135  3135  1545    1.453    0.593    1.947
47136  3215  1506    2.595    0.590    1.947
47137  3154  1524    2.416    0.547    1.763
47138  3292  1565      NaN    0.000    0.000
47140  2997  1569      NaN    0.000    0.000
47143  3206  1582      NaN    0.000    0.000
47145  3038  1483    2.164    0.543    1.813
47146  3042  1590      NaN    0.000    0.000
47150  2975  1532    2.312    0.617    1.863
47151  3288  1614      NaN    0.000    0.000
47152  3284  1619      NaN    0.000    0.000
47154  3172  1556      NaN    0.000    0.000
47155  3200  1662      NaN    0.000    0.000
47156  3012  1662      NaN    0.000    0.000
47157  3126  1606    2.799    0.477    2.043
47159  3253  1670      NaN    0.000    0.000
47162  3186  1698      NaN    0.000    0.000
47163  2954  1683      NaN    0.000    0.000
47165  2956  1702      NaN    0.000    0.000
47167  3094  1700      NaN    0.000    0.000
47168  3107  1711      NaN    0.000    0.000
47169  2851  1716      NaN    0.373    1.510
47170  2991  1750      NaN    1.163    1.767
47171  3010  1619      NaN    0.000    0.000
47172  2991  1632      NaN    0.487    2.243
47173  3062  1636    2.565    0.470    1.953
47174  3051  1674      NaN    0.233    1.603
47175  2948  1741    1.261    0.220    1.767
47182  2969  1847      NaN    0.000    0.000
47184  2971  1849      NaN    0.000    0.000
47185  2930  1873      NaN    0.000    0.000
47188  3010  1862      NaN    1.847    2.370
47189  2975  1879      NaN    0.000    0.000
47192  3150  1659      NaN    0.000    0.000
47401  4670   514      NaN    0.000    0.000
47402  4770   568    1.219    0.150    0.253
47404  4671   632      NaN    0.000    0.000
47405  4813   608    1.379    0.193    0.280
47406  4664   679      NaN    0.000    0.000
47407  4746   701      NaN    0.000    0.000
47409  4961   671      NaN    0.360    0.507
47411  4595   764      NaN    0.000    0.000
47412  4630   778      NaN    0.000    0.000
47413  4681   761      NaN    0.313    0.447
47417  4841   794      NaN    0.000    0.000
47418  4972   787      NaN    0.000    0.000
47421  4505   807      NaN    0.040    0.273
47423  4591   862      NaN    0.000    0.000
47424  4655   828      NaN    0.000    0.000
47426  4793   878    1.418    0.000    0.000
47428  4494   912      NaN    0.000    0.000
47430  4565   918      NaN    0.000    0.000
47433  4565   796      NaN    0.000    0.000
47435  4856   634      NaN    0.000    0.000
47440  4852   863      NaN    0.000    0.000
47512  4673  1226    1.609    0.267    0.860
47520  4516  1261    0.669    0.490    0.697
47570  4472  1403      NaN    0.000    0.000
47574  4474  1048      NaN    0.087    0.337
47575  4567  1030      NaN    0.000    0.000
47576  4617   977    1.100    0.077    0.267
47581  4651  1061      NaN    0.000    0.000
47582  4492  1153      NaN    0.000    0.000
47584  4612  1155      NaN    0.000    0.000
47585  4701  1160    0.954    0.107    0.697
47587  4464  1242      NaN    0.000    0.000
47588  4520  1317      NaN    0.000    0.000
47590  4582  1315      NaN    0.000    0.000
47592  4627  1296      NaN    0.000    0.000
47595  4533  1371      NaN    0.000    0.000
47597  4505  1442      NaN    0.000    0.000
47598  4582  1463      NaN    0.000    0.000
47600  4134  1412      NaN    0.000    0.000
47602  4283  1341      NaN    0.000    0.000
47604  4375  1354      NaN    0.000    0.000
47605  4104  1504      NaN    0.000    0.000
47606  4151  1479      NaN    0.000    0.000
47607  4167  1489      NaN    0.000    0.000
47610  4279  1494      NaN    0.000    0.000
47612  4285  1446    1.239    0.540    1.000
47615  4466  1507      NaN    0.000    0.000
47616  4057  1563      NaN    0.000    0.000
47617  4173  1552      NaN    0.000    0.000
47618  4253  1541      NaN    0.000    0.000
47620  4270  1563      NaN    0.000    0.000
47622  4319  1530      NaN    0.000    0.000
47624  4376  1524      NaN    0.000    0.000
47626  4412  1552      NaN    0.000    0.000
47629  4533  1526      NaN    0.000    0.000
47631  4040  1608      NaN    0.000    0.000
47632  4119  1636      NaN    0.000    0.000
47636  4141  1662      NaN    0.000    0.000
47637  4236  1623      NaN    0.000    0.000
47638  4319  1606      NaN    0.000    0.000
47639  4339  1640    3.411    0.000    0.000
47640  4343  1625      NaN    0.000    0.000
47641  4376  1571      NaN    0.000    0.000
47648  4576  1599      NaN    0.000    0.000
47649  4050  1707      NaN    0.000    0.000
47651  4091  1711      NaN    0.000    0.000
47653  4156  1722      NaN    0.000    0.000
47654  4225  1713      NaN    0.000    0.000
47655  4281  1726      NaN    0.000    0.000
47656  4302  1683      NaN    0.000    0.000
47657  4362  1668      NaN    0.000    0.000
47662  4455  1604      NaN    0.000    0.000
47663  4055  1786      NaN    0.803    1.720
47666  4352  1726      NaN    0.000    0.000
47668  4380  1675      NaN    0.487    1.897
47670  4442  1632      NaN    0.000    0.000
47672  4466  1683      NaN    0.000    0.000
47674  4516  1664      NaN    0.503    2.100
47675  4410  1709    2.535    0.000    0.000
47677  4427  1780      NaN    0.250    2.160
47678  4457  1892    1.617    0.763    3.527
47682  4492  1614      NaN    0.000    0.000
47684  4098  1688      NaN    0.000    0.000
47690  4425  1487      NaN    0.257    0.977
47740  3734  1547      NaN    0.250    1.370
47741  3704  1631      NaN    0.000    0.000
47742  3723  1619      NaN    0.000    0.000
47744  3734  1632      NaN    0.000    0.000
47746  3835  1627      NaN    0.000    0.000
47747  3900  1621    1.759    0.693    1.670
47750  3956  1631      NaN    0.483    1.217
47754  3518  1746      NaN    0.000    0.000
47755  3592  1692      NaN    0.000    0.000
47756  3811  1674      NaN    0.000    0.000
47759  4003  1679      NaN    0.000    0.000
47761  4061  1649      NaN    0.000    0.000
47762  3466  1799      NaN    0.000    0.000
47765  3637  1748      NaN    0.000    0.000
47766  3647  1767      NaN    0.000    0.000
47767  3725  1743      NaN    0.000    0.000
47768  3800  1718      NaN    0.000    0.000
47769  3884  1700      NaN    0.000    0.000
47770  3945  1715      NaN    0.000    0.000
47772  3979  1716      NaN    0.000    0.000
47776  3910  1756      NaN    0.317    2.107
47777  3940  1767      NaN    0.000    0.000
47778  4007  1855      NaN    0.533    1.753
47780  4014  1715      NaN    0.000    0.000
47784  3523  1774      NaN    0.000    0.000
47800  3283  1771      NaN    0.000    0.000
47805  3311  1864      NaN    0.000    0.000
47807  3404  1840      NaN    0.000    0.000
47809  3439  1832      NaN    0.000    0.000
47812  3331  1886      NaN    0.000    0.000
47813  3395  1875      NaN    0.000    0.000
47814  3466  1870      NaN    0.000    0.000
47815  3542  1879      NaN    0.000    0.000
47817  3346  1935      NaN    0.000    0.000
47818  3391  1935    3.177    1.120    2.120
47819  3439  1926      NaN    0.000    0.000
47821  3480  1918    1.094    0.290    1.737
47822  3546  1952      NaN    0.000    0.000
47823  3383  2013      NaN    0.000    0.000
47824  3445  1993      NaN    0.000    0.000
47827  3423  2067      NaN    0.000    0.000
47829  3482  2047      NaN    0.000    0.000
47830  3520  2024      NaN    0.000    0.000
47831  3395  2099      NaN    0.433    2.513
47835  3518  2064    3.909    0.453    2.280
47836  3436  2198      NaN    0.390    2.727
47837  3471  2161      NaN    0.000    0.000
47838  3365  1995      NaN    0.000    0.000
47842  3176  2019      NaN    0.000    0.000
47843  3230  1939      NaN    0.000    0.000
47887  3673  1810      NaN    0.000    0.000
47890  3781  1761      NaN    0.000    0.000
47891  3815  1758      NaN    0.000    0.000
47892  3647  1879      NaN    0.000    0.000
47893  3759  1842      NaN    0.000    0.000
47895  3872  1786      NaN    0.000    0.000
47897  3663  1914      NaN    0.000    0.000
47898  3699  1937      NaN    0.000    0.000
47899  3830  1877      NaN    0.000    0.000
47909  3305  2422      NaN    0.447    2.357
47912  2579  2861      NaN    2.393    3.033
47917  2663  2864      NaN    0.000    0.000
47918  2708  2876      NaN    0.000    0.000
47927  2833  2823      NaN    0.000    0.000
47929  3003  2652      NaN    1.543    5.143
47936  3102  2667      NaN    0.000    0.000
47940  3133  2622      NaN    0.000    0.000
47942  3215  2528      NaN    1.140    4.670
47945  3499  2708      NaN    1.770    3.943
47971  4726  2566      NaN    0.000    0.000
48803   445  3081    3.136    1.560    3.437
48806   438  3212    1.343    2.307    3.363
48808   701  3062    1.631    1.207    2.860
48820   651  3245      NaN    0.000    0.000
48823   690  3312    1.912    0.000    0.000
48826   744  3271    1.899    2.113    4.000
48830   759  3156    2.166    1.350    3.070
48839   865  3346      NaN    0.000    0.000
48921   212  3178    2.562    2.483    2.707
48924   165  3243    2.795    2.590    2.973
48925   225  3284    2.127    2.103    2.880
48927   475  3314    1.664    2.403    3.427
50527  2213    89      NaN    0.000    0.000
50548  2657    91      NaN    0.427    0.700
50557  2827    94    0.691    0.470    0.683
50564  3064    64    0.784    0.280    0.443
50603  1884   150    0.677    0.420    0.630
50632  2456   139    0.054    0.357    0.647
50658  2900   219    0.740    0.000    0.000
50727  2234   318    1.114    0.387    0.610
50745  2680   294      NaN    0.000    0.000
50756  3021   288    0.688    0.530    0.827
50774  3238   257    1.697    0.107    0.390
50788  3583   311    0.758    0.337    0.463
50844  2624   404    1.230    0.467    0.860
50854  2836   406    0.895    0.463    0.867
50888  3606   414    0.931    0.390    0.563
50915  1901   503    1.107    0.560    0.817
50949  2786   552    0.878    0.353    0.743
50953  2999   477    0.844    0.433    0.833
50963  3219   453    0.839    0.457    0.800
50968  3133   537      NaN    0.000    0.000
50978  3466   527      NaN    0.000    0.000
50983  3693   475      NaN    0.000    0.000
52267   120   903      NaN    0.000    0.000
52378   266   968      NaN    0.000    0.000
52495   505  1037      NaN    0.000    0.000
52652    50  1240      NaN    0.000    0.000
52681   346  1274    1.269    0.173    3.500
52754    16  1420    1.796    0.867    2.500
52787   322  1435    1.484    0.580    2.533
52866   199  1500      NaN    0.000    0.000
52889   436  1563      NaN    0.000    0.000
52955    85  1616    1.771    0.690    2.963
52983   466  1584    2.033    0.583    2.627
52996   561  1638    1.943    0.787    2.173
53068  1345   712      NaN    0.547    1.413
53083  1586   604    0.820    0.533    0.787
53149  1136   837      NaN    0.487    1.813
53192  1675   671    1.294    0.520    0.763
53231   716   959      NaN    0.000    0.000
53276  1446   852      NaN    0.547    1.533
53336   955   946      NaN    0.477    2.027
53352  1170   931    1.473    0.610    1.503
53391  1569   908    1.591    0.557    1.163
53463  1310  1030      NaN    0.000    0.000
53480  1464  1005    1.732    0.673    1.580
53487  1494  1110      NaN    0.000    0.000
53502   645  1145      NaN    0.190    2.203
53513   830  1035      NaN    0.000    0.000
53529   895  1222      NaN    0.503    2.467
53543  1119  1140      NaN    0.000    0.000
53564  1250  1190      NaN    0.673    2.417
53588  1515  1239    0.532    0.657    2.310
53593  1632  1140      NaN    0.000    0.000
53614   695  1293    1.757    0.250    2.837
53646  1097  1315    1.644    0.590    2.543
53673  1423  1261      NaN    0.000    0.000
53698  1616  1341      NaN    0.000    0.000
53705   638  1403    1.905    0.283    2.900
53723   828  1367    1.633    0.490    2.517
53764  1244  1401      NaN    0.000    0.000
53772  1407  1369      NaN    0.000    0.000
53787  1455  1450    2.183    0.390    2.883
53798  1625  1450      NaN    0.000    0.000
53845  1065  1502    2.392    0.447    3.003
53863  1336  1453      NaN    0.000    0.000
53898  1614  1563    2.364    0.147    6.107
53915   748  1619      NaN    0.000    0.000
53923   856  1599      NaN    0.000    0.000
53959  1239  1675    2.052    0.297    4.067
53975  1390  1627      NaN    0.000    0.000
54012  1972   608    1.171    0.537    0.740
54026  2342   610      NaN    0.503    1.007
54027  2174   675    1.350    0.527    0.800
54049  2685   645    1.043    0.403    0.803
54094  3316   610      NaN    0.000    0.000
54096  3490   630      NaN    0.000    0.000
54102  1806   679    1.217    0.557    0.810
54115  2024   718    1.358    0.550    0.843
54135  2495   718      NaN    0.457    0.897
54157  2726   764    1.315    0.520    0.873
54161  2825   684      NaN    0.000    0.000
54186  3159   744      NaN    0.000    0.000
54208  1845   876    1.559    0.593    0.843
54218  2125   867      NaN    0.000    0.000
54226  2319   860    1.556    0.540    0.920
54236  2525   850    1.353    0.630    1.093
54259  2795   886    1.344    0.553    0.847
54273  2997   787    0.920    0.460    0.677
54292  3305   800    1.144    0.593    0.970
54308  1864   987    1.777    0.740    1.587
54311  1989   904      NaN    0.000    0.000
54324  2291   947    1.556    0.673    1.513
54337  2366   994      NaN    0.000    0.000
54342  2635   927    1.275    0.690    1.397
54346  2665   974      NaN    0.000    0.000
54374  3016   929    0.131    0.237    0.540
54377  2930   998    1.604    0.580    0.987
54386  3156   970    1.474    0.573    0.793
54401  1668  1033      NaN    0.000    0.000
54405  1737  1074      NaN    0.000    0.000
54423  2011  1011      NaN    0.000    0.000
54436  2123  1076    1.947    0.420    1.990
54471  2484  1046      NaN    0.000    0.000
54493  2777  1041    1.894    0.703    1.210
54497  2726  1115      NaN    0.000    0.000
54511  1825  1128      NaN    0.000    0.000
54527  1924  1222      NaN    0.000    0.000
54534  2028  1160      NaN    0.000    0.000
54539  2118  1184      NaN    0.000    0.000
54587  2601  1227      NaN    0.000    0.000
54602  1744  1250      NaN    0.000    0.000
54618  1855  1336      NaN    0.000    0.000
54662  2424  1244      NaN    0.000    0.000
54715  1856  1420      NaN    0.000    0.000
54725  1965  1401    2.282    0.243    3.433
54751  2321  1352      NaN    0.000    0.000
54753  2276  1388      NaN    0.000    0.000
54776  2542  1412      NaN    0.740    2.230
54808  1756  1543    2.636    0.257    4.967
54823  1911  1502    2.202    0.270    4.087
54826  1916  1541      NaN    0.000    0.000
54836  2034  1548      NaN    0.000    0.000
54843  2150  1483      NaN    0.000    0.000
54857  2278  1562      NaN    0.000    0.000
54863  2374  1483    2.114    0.490    2.630
54909  1744  1674    2.580    0.227    4.557
54916  1888  1618      NaN    0.000    0.000
54929  2011  1653    2.673    0.387    3.570
54945  2189  1632    2.347    0.000    0.000
56065   180  1711    1.737    1.103    2.717
56079   333  1840    2.218    1.193    2.957
56080   326  1681    2.387    1.003    2.610
56096   552  1860    2.171    0.000    0.000
56146     1  2060    2.338    1.203    2.933
56152    38  1985    2.079    1.157    2.867
56167   126  2131    2.723    1.193    3.420
56172   251  2028    1.363    1.097    3.317
56182   400  1944    2.635    1.263    3.137
56187   430  2163      NaN    0.000    0.000
56193   507  1970    1.398    0.633    2.010
56196   531  2079      NaN    0.000    0.000
56257    31  2241    2.619    1.480    3.473
56287   337  2243    2.966    0.947    2.713
56357    35  2347    2.686    1.643    3.917
56374   221  2235    0.746    0.430    2.983
56385   374  2295    1.979    0.503    1.617
56462   169  2353    1.914    0.420    3.473
56492   516  2375    2.074    0.750    4.387
56571   255  2476      NaN    0.000    0.000
56586   421  2540    2.933    1.040    4.237
56651    25  2596    4.116    0.357    4.003
56671   253  2616    3.765    0.863    8.227
56684   369  2642    3.871    1.427    4.937
56691   481  2592    3.243    1.430    5.063
56751    22  2723      NaN    1.197    5.293
56763   210  2719    0.013    1.500    5.420
56768   171  2799    0.386    1.073    3.133
56778   302  2799      NaN    0.000    0.000
56786   430  2736    2.957    1.247    4.823
56886   423  2853    3.151    1.713    3.920
56951    25  2919      NaN    2.180    2.677
56959    89  3137      NaN    0.000    0.000
56964   111  3051    3.313    1.733    2.940
56966   223  2958    0.143    1.267    2.913
56969   178  3193    2.382    2.670    3.360
56977   204  3068    2.694    3.780    4.377
56985   380  2982      NaN    0.000    0.000
57006   645  1728      NaN    0.000    0.000
57014   658  1730      NaN    0.000    0.000
57016   800  1754      NaN    0.000    0.000
57025   828  1735    2.837    0.567    3.350
57046  1130  1739    2.367    0.367    4.437
57067  1237  1787    2.197    0.370    4.153
57071  1394  1702    2.330    0.177    5.787
57083  1530  1713      NaN    0.000    0.000
57127   789  1898    2.068    0.000    0.000
57131  1005  1744      NaN    0.443    5.417
57178  1410  1901      NaN    0.000    0.000
57193  1627  1817    2.429    0.300    5.657
57237   901  2010    3.745    0.627    2.160
57245  1013  1937      NaN    0.000    0.000
57259  1207  2013    3.074    0.207    1.943
57265  1308  1974      NaN    0.000    0.000
57279  1420  2000    2.127    0.437    5.307
57290  1571  1905      NaN    0.000    0.000
57297  1575  2002      NaN    0.000    0.000
57306   669  2064      NaN    0.753    4.277
57328   841  2107      NaN    0.000    0.000
57348  1069  2127    2.473    0.683    2.117
57378  1408  2110      NaN    0.553    4.423
57399  1677  2108    3.060    0.530    4.113
57411   682  2151      NaN    0.000    0.000
57426   875  2164    2.992    0.803    2.723
57447  1061  2209    2.771    0.610    1.647
57461  1267  2163      NaN    0.000    0.000
57476  1362  2202      NaN    0.000    0.000
57494  1584  2172      NaN    0.000    0.000
57503   574  2284    1.801    0.800    5.160
57504   567  2288      NaN    0.000    0.000
57516   725  2288      NaN    0.000    0.000
57554  1140  2308    3.211    0.293    1.083
57584  1466  2310      NaN    0.000    0.000
57598  1634  2349    2.601    0.623    3.103
57602   610  2366      NaN    0.000    0.000
57604   604  2377    1.967    0.000    0.000
57633   983  2372    3.727    0.757    1.323
57655  1166  2413    3.821    0.627    2.363
57662  1310  2347      NaN    0.000    0.000
57687  1442  2439      NaN    0.000    0.000
57707   587  2543    2.902    1.217    2.707
57712   779  2495    2.965    0.963    1.810
57713   772  2499    3.469    1.013    1.960
57731   925  2471    2.580    1.020    1.703
57745  1086  2527    3.220    0.713    2.357
57766  1285  2551    2.445    0.687    2.967
57776  1423  2543    2.021    1.050    1.617
57793  1612  2487    3.203    0.000    0.000
57799  1677  2564      NaN    0.000    0.000
57816   755  2624      NaN    0.000    0.000
57832   972  2581    3.891    0.970    1.990
57845  1097  2670    3.434    0.813    1.603
57853  1192  2607    2.963    0.000    0.000
57866  1302  2663      NaN    0.000    0.000
57902   582  2752    2.351    1.570    3.857
57916   759  2752    3.173    1.457    2.860
57922   847  2708    4.166    0.733    1.363
57932   957  2693    2.873    0.940    2.313
57957  1155  2764    2.939    0.000    0.000
57972  1461  2711    4.017    0.987    3.193
57993  1681  2704    3.528    1.257    3.550
58027  1922  1761      NaN    0.000    0.000
58040  2144  1698      NaN    0.000    0.000
58102  1767  1806      NaN    0.000    0.000
58141  2133  1830    2.921    0.487    3.553
58144  2133  1838      NaN    0.000    0.000
58150  2269  1819    3.145    0.540    3.860
58203  1763  1920    2.909    0.393    4.563
58208  1750  1998    2.953    0.463    4.377
58221  1948  1914    2.914    0.520    4.297
58238  2118  2024    2.908    0.680    4.090
58251  2273  1922      NaN    0.000    0.000
58265  2420  2010    2.978    0.000    0.000
58314  1830  2084      NaN    0.000    0.000
58321  1939  2041    2.715    0.623    4.140
58338  2082  2112    3.050    0.817    4.067
58345  2183  2080      NaN    0.000    0.000
58362  2403  2082      NaN    0.000    0.000
58424  1911  2181      NaN    0.000    0.000
58437  2034  2226    3.491    0.310    2.320
58457  2260  2215      NaN    0.000    0.000
58472  2515  2159      NaN    0.000    0.000
58477  2478  2237    1.290    0.000    0.000
58506  1791  2288    2.789    0.447    2.160
58527  1927  2319      NaN    0.000    0.000
58543  2131  2284      NaN    0.000    0.000
58556  2332  2286      NaN    0.000    0.000
58569  2459  2331      NaN    0.000    0.000
58606  1784  2398    2.606    0.953    3.670
58633  2114  2357      NaN    0.000    0.000
58646  2232  2415    3.458    1.057    3.510
58660  2368  2370      NaN    0.000    0.000
58666  2452  2415      NaN    1.003    2.313
58715  1866  2512    2.786    0.817    3.547
58725  1957  2540    2.528    0.633    1.487
58730  2021  2491    2.912    0.283    1.717
58731  2077  2474    3.292    0.413    1.463
58752  2314  2489    2.754    0.000    0.000
58754  2263  2540      NaN    0.000    0.000
58813  1830  2594    3.733    0.900    3.080
58834  2034  2618      NaN    1.240    1.973
58847  2161  2680      NaN    0.000    0.000
58849  2234  2670      NaN    2.117    4.497
58853  2319  2577      NaN    0.000    0.000
58911  1834  2706    3.909    1.167    3.390
58921  1944  2693    4.196    0.000    0.000
58926  1950  2767      NaN    2.470    3.010
58931  2028  2721    4.072    1.643    2.457
58944  2217  2743      NaN    0.000    0.000
58968  2411  2797      NaN    0.000    0.000
58974  2472  2730      NaN    0.000    0.000
59007   568  2906    3.483    1.907    3.883
59023   901  2835    2.338    0.000    0.000
59046  1054  2874      NaN    0.000    0.000
59058  1179  2891    4.154    1.210    3.607
59072  1386  2823      NaN    0.000    0.000
59082  1524  2838    2.611    1.297    2.003
59087  1515  2926      NaN    0.000    0.000
59096  1623  2872    3.845    1.010    2.953
59102  1754  2807    3.375    1.017    2.693
59117  1806  2879      NaN    0.000    0.000
59134  2026  2859      NaN    0.000    0.000
59152  2349  2823      NaN    0.000    0.000
59158  2318  2896      NaN    0.000    0.000
59162  2437  2827      NaN    0.000    0.000
59209   667  2991    2.167    1.227    2.337
59211   740  2924    3.000    0.000    0.000
59254  1130  2980      NaN    0.000    0.000
59265  1267  2971    3.217    1.487    4.653
59278  1397  3019    2.576    0.000    0.000
59287  1494  3006      NaN    0.000    0.000
59293  1651  2935    2.291    1.323    4.353
59316  1870  2980      NaN    0.000    0.000
59348  2204  2995      NaN    0.553    3.713
59353  2331  2967    5.469    1.273    2.743
59358  2265  3025      NaN    0.000    0.000
59362  2422  2911      NaN    0.000    0.000
59368  2394  3014      NaN    0.000    0.000
59417   757  3096    3.053    1.803    2.787
59431   921  3066    3.977    1.363    3.623
59456  1226  3098    3.536    1.433    3.983
59493  1580  3075      NaN    0.000    0.000
59501  1722  3049      NaN    0.000    0.000
59554  2271  3068      NaN    0.000    0.000
59556  2342  3098      NaN    0.000    0.000
59559  2325  3137    1.713    1.330    3.940
59562  2370  3053      NaN    0.000    0.000
59567  2415  3133      NaN    0.000    0.000
59632   966  3143    2.619    0.000    0.000
59644  1020  3195      NaN    0.000    0.000
59658  1155  3232    1.052    1.667    3.147
59663  1341  3156    2.936    1.967    3.897
59673  1431  3167      NaN    0.000    0.000
59758  1149  3361      NaN    0.000    0.000
59792  1873  3286      NaN    0.000    0.000
