30949  1341    50    5.113    2.748    5.284
30967  1765    12    4.843    1.542    6.377
30978  2060    20    5.741    2.603    5.848
31583  3352    25    6.341    3.471    5.348
31587  3210    44    6.387    4.903    6.381
31594  3370    66    5.450    3.316    5.342
31618  3637   111    5.362    3.374    4.416
31624  3723    68    5.468    3.590    4.723
31632  3880     8    6.550    2.903    4.506
31636  3891    51    5.800    3.626    5.058
31655  4096    63      NaN    3.281    5.455
31702  3482   113    5.148    4.703    5.494
31703  3555   113    5.583    3.816    4.829
31707  3469   255    6.233    4.003    5.503
31710  3654   231    5.274    3.713    5.152
31713  3691   143    5.617    3.645    4.735
31725  3790   156    6.928    4.623    5.913
31733  4020   134      NaN    6.632    7.158
31735  3940   167    5.907    3.300    5.597
31754  4151   158    6.376    3.774    5.284
31770  4515   113      NaN    3.852    5.213
31786  3900   275    5.970    4.352    5.687
31788  3846   320    5.829    3.413    5.384
31792  3992   251    5.693    3.158    5.690
31801  4054   262    5.627    3.184    5.558
31823  4429   229      NaN    0.000    0.000
31825  4302   270    5.760    3.381    4.423
31829  4367   302      NaN    0.000    0.000
31832  3839   359    4.808    3.848    5.590
31845  3956   389    5.796    4.355    5.829
31866  4294   389    8.076    3.474    4.529
31873  3779   464    5.360    5.190    5.803
31878  3757   552    4.750    3.584    5.323
31884  3839   514    5.357    3.765    5.326
31909  4100   561      NaN    2.894    4.552
31913  3583   537      NaN    0.000    0.000
31915  3516   628    5.587    3.181    4.871
31917  3508   669    5.138    3.339    5.071
31921  3592   593      NaN    3.648    5.613
31924  3592   624    4.844    3.377    5.132
31931  3706   583    4.313    3.406    5.181
31935  3751   626    6.190    4.068    5.235
31939  3794   656    4.958    3.110    4.810
31958  3971   645    6.182    4.213    4.842
31959  4016   632      NaN    0.000    0.000
31960  3578   772      NaN    0.000    0.000
31961  3581   686    4.310    3.145    4.835
31969  3451   824      NaN    0.000    0.000
31977  3591   755      NaN    3.574    5.029
31981  3704   677    5.304    2.658    4.742
31987  3699   768    7.855    2.603    4.532
31989  3798   796      NaN    0.000    0.000
31994  3828   720    6.398    3.110    4.523
32088  4709   106      NaN    0.000    0.000
32098  4828    89      NaN    0.000    0.000
32099  5011   152      NaN    0.000    0.000
32121  4727   227      NaN    0.000    0.000
32128  4711   331      NaN    0.000    0.000
32133  4795   300    6.022    3.877    5.881
32150  4785   343    6.139    0.000    0.000
44230   225    50    4.084    0.874    6.194
44231    20    42    4.145    0.990    5.829
44232   303    70    5.528    1.939    5.697
44237   156   165    3.350    1.377    5.481
44239   399   135    3.438    1.871    5.739
44241   680   122    4.396    1.826    6.139
44256  1614    51    3.537    0.748    6.732
44259  1631   216    4.819    1.065    6.674
44282   165   287    4.648    0.903    6.032
44284    16   371    4.227    0.939    6.210
44285   311   348    3.606    1.106    5.829
44287    78   434    3.469    0.623    7.245
44288   313   419    4.063    0.606    6.748
44292   770   234      NaN    0.000    0.000
44294   839   303    4.066    0.587    6.652
44298   921   399    3.728    0.384    7.123
44302  1358   249    4.731    2.371    6.000
44304  1192   302    4.331    0.787    6.768
44305  1489   372    4.467    0.768    6.929
44313  2086   268    4.873    1.823    6.306
44314  1752   318    4.677    1.316    6.845
44317  1722   460    3.763    0.761    7.055
44336   438   511      NaN    0.200    8.135
44341   705   475    3.559    0.258    7.613
44347   596   626      NaN    0.126    8.174
44352  1386   479    3.553    0.368    7.790
44354  1134   572    2.491    0.123    8.329
44358  1334   703    2.155    0.106    8.255
44373   496   720      NaN    0.000    0.000
45004  1588  3102      NaN    0.000    0.000
45005  1588  3103      NaN    0.000    0.000
45007  1560  3102      NaN    0.000    0.000
45011  1520  3118      NaN    0.000    0.000
45013  1520  3118      NaN    0.000    0.000
45018  1520  3122      NaN    0.000    0.000
45020  1517  3116      NaN    0.000    0.000
45031  1618  3075      NaN    4.023    5.523
45032  1586  3077    0.212    3.300    4.787
45033  1603  3077      NaN    3.990    5.616
45034  1595  3083    1.779    4.806    5.735
45035  1567  3085      NaN    0.000    0.000
45036  1608  3085      NaN    0.000    0.000
45037  1590  3087      NaN    0.000    0.000
45038  1565  3092      NaN    0.000    0.000
45039  1591  3092      NaN    0.000    0.000
45040  1599  3094      NaN    0.000    0.000
45041  1597  3102      NaN    0.000    0.000
45042  1558  3103      NaN    0.000    0.000
45043  1588  3109      NaN    0.000    0.000
45044  1571  3115      NaN    0.000    0.000
45045  1603  3116      NaN    0.000    0.000
47003  3406   862      NaN    3.600    5.819
47005  3171   918    5.426    3.219    4.558
47008  3340   921      NaN    0.000    0.000
47014  3012   921    6.107    3.310    4.555
47016  3156   964      NaN    0.000    0.000
47020  2980  1013    6.404    3.016    4.394
47022  3154  1030    6.979    3.365    4.610
47025  3271  1046      NaN    2.490    5.732
47028  2794  1071      NaN    3.274    4.726
47031  3053  1080    6.725    3.077    4.335
47035  2732  1110      NaN    0.000    0.000
47037  2829  1123    5.719    3.165    4.552
47039  2941  1102    5.626    3.368    4.665
47041  3087  1128    5.354    2.806    4.852
47046  3158  1117      NaN    0.000    0.000
47050  2874  1164      NaN    3.132    4.955
47052  2986  1209    6.987    3.187    4.258
47055  3074  1212      NaN    3.058    5.458
47058  2889  1229      NaN    0.000    0.000
47060  2844  1265      NaN    0.000    0.000
47061  3158  1263    8.035    0.000    0.000
47065  2887  1287      NaN    0.000    0.000
47067  2973  1289    5.345    3.339    4.635
47068  2788  1328    5.857    3.348    4.465
47069  2879  1341    4.999    3.184    5.087
47070  2976  1349    6.012    2.935    4.810
47075  3057  1298    5.691    3.187    4.203
47090  3200  1317      NaN    0.000    0.000
47092  3212  1338    6.387    3.594    6.297
47095  3059  1328    5.491    3.658    4.745
47097  3079  1427    5.469    3.416    5.055
47098  3032  1356      NaN    0.000    0.000
47099  2997  1358      NaN    0.000    0.000
47100  3217  1380    5.369    3.345    5.206
47101  3107  1356      NaN    0.000    0.000
47102  2760  1349      NaN    4.229    5.132
47104  3232  1367    5.360    4.213    6.084
47105  3236  1373      NaN    0.000    0.000
47106  3262  1401      NaN    0.000    0.000
47108  3019  1394      NaN    0.000    0.000
47110  3001  1394      NaN    0.000    0.000
47112  2982  1403      NaN    0.000    0.000
47113  2962  1405      NaN    2.797    5.213
47114  3131  1420    5.392    0.000    0.000
47115  3464  1401      NaN    4.916    6.629
47119  3023  1427      NaN    0.000    0.000
47121  3187  1436    4.838    3.474    4.745
47127  3131  1461      NaN    0.000    0.000
47129  2969  1481    5.607    2.697    5.729
47130  3296  1459      NaN    0.000    0.000
47131  3074  1498      NaN    0.000    0.000
47133  3066  1528      NaN    0.000    0.000
47135  3135  1545    4.379    4.116    5.703
47136  3215  1506    5.975    4.045    5.781
47137  3154  1524    5.966    3.800    5.500
47138  3292  1565      NaN    0.000    0.000
47140  2997  1569      NaN    0.000    0.000
47143  3206  1582      NaN    0.000    0.000
47145  3038  1483    4.555    3.690    5.603
47146  3042  1590      NaN    0.000    0.000
47150  2975  1532    5.122    3.574    5.865
47151  3288  1614      NaN    0.000    0.000
47152  3284  1619      NaN    0.000    0.000
47154  3172  1556      NaN    0.000    0.000
47155  3200  1662      NaN    0.000    0.000
47156  3012  1662      NaN    0.000    0.000
47157  3126  1606    5.644    3.271    5.645
47159  3253  1670      NaN    0.000    0.000
47162  3186  1698      NaN    0.000    0.000
47163  2954  1683      NaN    0.000    0.000
47165  2956  1702      NaN    0.000    0.000
47167  3094  1700      NaN    0.000    0.000
47168  3107  1711      NaN    0.000    0.000
47169  2851  1716      NaN    4.681    5.461
47170  2991  1750      NaN    5.329    7.297
47171  3010  1619      NaN    0.000    0.000
47172  2991  1632      NaN    3.423    6.277
47173  3062  1636    4.825    4.190    6.000
47174  3051  1674      NaN    4.706    6.594
47175  2948  1741    4.608    5.332    7.035
47182  2969  1847      NaN    0.000    0.000
47184  2971  1849      NaN    0.000    0.000
47185  2930  1873      NaN    0.000    0.000
47188  3010  1862      NaN    3.890    6.503
47189  2975  1879      NaN    0.000    0.000
47192  3150  1659      NaN    0.000    0.000
47401  4670   514      NaN    0.000    0.000
47402  4770   568    6.744    4.052    6.471
47404  4671   632      NaN    0.000    0.000
47405  4813   608    7.009    2.645    7.029
47406  4664   679      NaN    0.000    0.000
47407  4746   701      NaN    0.000    0.000
47409  4961   671      NaN    2.671    6.852
47411  4595   764      NaN    0.000    0.000
47412  4630   778      NaN    0.000    0.000
47413  4681   761      NaN    3.887    5.910
47417  4841   794      NaN    0.000    0.000
47418  4972   787      NaN    0.000    0.000
47421  4505   807      NaN    4.058    5.416
47423  4591   862      NaN    0.000    0.000
47424  4655   828      NaN    0.000    0.000
47426  4793   878    6.025    0.000    0.000
47428  4494   912      NaN    0.000    0.000
47430  4565   918      NaN    0.000    0.000
47433  4565   796      NaN    0.000    0.000
47435  4856   634      NaN    0.000    0.000
47440  4852   863      NaN    0.000    0.000
47512  4673  1226    7.723    3.281    4.555
47520  4516  1261    5.746    3.274    4.394
47570  4472  1403      NaN    0.000    0.000
47574  4474  1048      NaN    3.665    4.903
47575  4567  1030      NaN    0.000    0.000
47576  4617   977    6.257    2.845    4.629
47581  4651  1061      NaN    0.000    0.000
47582  4492  1153      NaN    0.000    0.000
47584  4612  1155      NaN    0.000    0.000
47585  4701  1160    6.411    2.897    4.419
47587  4464  1242      NaN    0.000    0.000
47588  4520  1317      NaN    0.000    0.000
47590  4582  1315      NaN    0.000    0.000
47592  4627  1296      NaN    0.000    0.000
47595  4533  1371      NaN    0.000    0.000
47597  4505  1442      NaN    0.000    0.000
47598  4582  1463      NaN    0.000    0.000
47600  4134  1412      NaN    0.000    0.000
47602  4283  1341      NaN    0.000    0.000
47604  4375  1354      NaN    0.000    0.000
47605  4104  1504      NaN    0.000    0.000
47606  4151  1479      NaN    0.000    0.000
47607  4167  1489      NaN    0.000    0.000
47610  4279  1494      NaN    0.000    0.000
47612  4285  1446    5.420    3.345    5.845
47615  4466  1507      NaN    0.000    0.000
47616  4057  1563      NaN    0.000    0.000
47617  4173  1552      NaN    0.000    0.000
47618  4253  1541      NaN    0.000    0.000
47620  4270  1563      NaN    0.000    0.000
47622  4319  1530      NaN    0.000    0.000
47624  4376  1524      NaN    0.000    0.000
47626  4412  1552      NaN    0.000    0.000
47629  4533  1526      NaN    0.000    0.000
47631  4040  1608      NaN    0.000    0.000
47632  4119  1636      NaN    0.000    0.000
47636  4141  1662      NaN    0.000    0.000
47637  4236  1623      NaN    0.000    0.000
47638  4319  1606      NaN    0.000    0.000
47639  4339  1640    7.496    0.000    0.000
47640  4343  1625      NaN    0.000    0.000
47641  4376  1571      NaN    0.000    0.000
47648  4576  1599      NaN    0.000    0.000
47649  4050  1707      NaN    0.000    0.000
47651  4091  1711      NaN    0.000    0.000
47653  4156  1722      NaN    0.000    0.000
47654  4225  1713      NaN    0.000    0.000
47655  4281  1726      NaN    0.000    0.000
47656  4302  1683      NaN    0.000    0.000
47657  4362  1668      NaN    0.000    0.000
47662  4455  1604      NaN    0.000    0.000
47663  4055  1786      NaN    3.487    6.281
47666  4352  1726      NaN    0.000    0.000
47668  4380  1675      NaN    3.545    7.158
47670  4442  1632      NaN    0.000    0.000
47672  4466  1683      NaN    0.000    0.000
47674  4516  1664      NaN    3.126    6.665
47675  4410  1709    4.588    0.000    0.000
47677  4427  1780      NaN    5.352    6.835
47678  4457  1892    4.190    4.848    6.426
47682  4492  1614      NaN    0.000    0.000
47684  4098  1688      NaN    0.000    0.000
47690  4425  1487      NaN    4.013    5.600
47740  3734  1547      NaN    4.710    6.797
47741  3704  1631      NaN    0.000    0.000
47742  3723  1619      NaN    0.000    0.000
47744  3734  1632      NaN    0.000    0.000
47746  3835  1627      NaN    0.000    0.000
47747  3900  1621    6.197    3.674    6.513
47750  3956  1631      NaN    5.235    7.126
47754  3518  1746      NaN    0.000    0.000
47755  3592  1692      NaN    0.000    0.000
47756  3811  1674      NaN    0.000    0.000
47759  4003  1679      NaN    0.000    0.000
47761  4061  1649      NaN    0.000    0.000
47762  3466  1799      NaN    0.000    0.000
47765  3637  1748      NaN    0.000    0.000
47766  3647  1767      NaN    0.000    0.000
47767  3725  1743      NaN    0.000    0.000
47768  3800  1718      NaN    0.000    0.000
47769  3884  1700      NaN    0.000    0.000
47770  3945  1715      NaN    0.000    0.000
47772  3979  1716      NaN    0.000    0.000
47776  3910  1756      NaN    2.800    7.094
47777  3940  1767      NaN    0.000    0.000
47778  4007  1855      NaN    3.797    6.977
47780  4014  1715      NaN    0.000    0.000
47784  3523  1774      NaN    0.000    0.000
47800  3283  1771      NaN    0.000    0.000
47805  3311  1864      NaN    0.000    0.000
47807  3404  1840      NaN    0.000    0.000
47809  3439  1832      NaN    0.000    0.000
47812  3331  1886      NaN    0.000    0.000
47813  3395  1875      NaN    0.000    0.000
47814  3466  1870      NaN    0.000    0.000
47815  3542  1879      NaN    0.000    0.000
47817  3346  1935      NaN    0.000    0.000
47818  3391  1935    4.182    3.155    6.806
47819  3439  1926      NaN    0.000    0.000
47821  3480  1918    4.126    4.165    6.410
47822  3546  1952      NaN    0.000    0.000
47823  3383  2013      NaN    0.000    0.000
47824  3445  1993      NaN    0.000    0.000
47827  3423  2067      NaN    0.000    0.000
47829  3482  2047      NaN    0.000    0.000
47830  3520  2024      NaN    0.000    0.000
47831  3395  2099      NaN    3.306    6.839
47835  3518  2064    6.763    2.829    7.190
47836  3436  2198      NaN    3.723    7.268
47837  3471  2161      NaN    0.000    0.000
47838  3365  1995      NaN    0.000    0.000
47842  3176  2019      NaN    0.000    0.000
47843  3230  1939      NaN    0.000    0.000
47887  3673  1810      NaN    0.000    0.000
47890  3781  1761      NaN    0.000    0.000
47891  3815  1758      NaN    0.000    0.000
47892  3647  1879      NaN    0.000    0.000
47893  3759  1842      NaN    0.000    0.000
47895  3872  1786      NaN    0.000    0.000
47897  3663  1914    4.416    0.000    0.000
47898  3699  1937      NaN    0.000    0.000
47899  3830  1877      NaN    0.000    0.000
47909  3305  2422      NaN    3.045    6.932
47912  2579  2861      NaN    5.313    6.445
47917  2663  2864      NaN    0.000    0.000
47918  2708  2876      NaN    0.000    0.000
47927  2833  2823      NaN    0.000    0.000
47929  3003  2652      NaN    4.203    6.700
47936  3102  2667      NaN    0.000    0.000
47940  3133  2622      NaN    0.000    0.000
47942  3215  2528      NaN    4.403    7.029
47945  3499  2708      NaN    4.181    7.139
47971  4726  2566      NaN    0.000    0.000
48803   445  3081    4.890    3.142    4.565
48806   438  3212    3.496    3.784    4.900
48808   701  3062    5.104    3.294    4.352
48820   651  3245      NaN    0.000    0.000
48823   690  3312    5.287    1.032    1.229
48826   744  3271    5.100    2.994    4.529
48830   759  3156    5.217    3.219    4.268
48839   865  3346      NaN    0.000    0.000
48921   212  3178    2.417    4.026    4.884
48924   165  3243      NaN    3.877    4.823
48925   225  3284    1.916    3.545    4.155
48927   475  3314    4.531    3.971    5.074
50527  2213    89      NaN    0.000    0.000
50548  2657    91      NaN    2.000    5.584
50557  2827    94    6.205    2.139    5.945
50564  3064    64    5.496    2.900    5.239
50603  1884   150    4.777    0.745    6.881
50632  2456   139    6.164    2.968    5.242
50658  2900   219    4.934    0.000    0.000
50727  2234   318    6.235    2.523    5.571
50745  2680   294      NaN    0.000    0.000
50756  3021   288    5.816    3.361    5.435
50774  3238   257    7.427    3.006    5.019
50788  3583   311    6.631    3.706    5.694
50844  2624   404    5.671    1.265    6.497
50854  2836   406    5.730    2.181    5.923
50888  3606   414    6.166    3.016    5.642
50915  1901   503    4.324    0.542    7.513
50949  2786   552    5.334    2.742    5.690
50953  2999   477    4.975    2.635    5.735
50963  3219   453    7.463    1.958    6.752
50968  3133   537      NaN    0.000    0.000
50978  3466   527      NaN    0.000    0.000
50983  3693   475      NaN    0.000    0.000
52267   120   903      NaN    0.000    0.000
52378   266   968      NaN    0.000    0.000
52495   505  1037      NaN    0.000    0.000
52652    50  1240      NaN    0.000    0.000
52681   346  1274    2.911    0.155    8.458
52754    16  1420    5.225    2.000    5.206
52787   322  1435    3.489    2.587    5.239
52866   199  1500      NaN    0.000    0.000
52889   436  1563      NaN    0.000    0.000
52955    85  1616    4.918    1.655    5.552
52983   466  1584    4.831    2.039    5.613
52996   561  1638    5.503    2.571    5.439
53068  1345   712      NaN    0.094    8.645
53083  1586   604    3.426    0.694    7.516
53149  1136   837      NaN    0.129    8.232
53192  1675   671    3.605    0.326    7.487
53231   716   959      NaN    0.000    0.000
53276  1446   852      NaN    0.187    7.952
53336   955   946      NaN    0.381    8.019
53352  1170   931    3.488    0.242    7.829
53391  1569   908    5.428    0.510    7.132
53463  1310  1030      NaN    0.000    0.000
53480  1464  1005    4.684    1.477    6.506
53487  1494  1110      NaN    0.000    0.000
53502   645  1145      NaN    0.103    8.365
53513   830  1035      NaN    0.000    0.000
53529   895  1222      NaN    0.448    7.219
53543  1119  1140      NaN    0.000    0.000
53564  1250  1190      NaN    0.874    7.106
53588  1515  1239    5.912    3.168    6.103
53593  1632  1140      NaN    0.000    0.000
53614   695  1293    4.481    0.555    7.461
53646  1097  1315    4.770    0.984    6.739
53673  1423  1261      NaN    0.000    0.000
53698  1616  1341      NaN    0.000    0.000
53705   638  1403    4.763    0.971    6.842
53723   828  1367    4.406    0.958    6.642
53764  1244  1401      NaN    0.000    0.000
53772  1407  1369      NaN    0.000    0.000
53787  1455  1450    5.667    3.171    5.694
53798  1625  1450      NaN    0.000    0.000
53845  1065  1502    5.515    2.306    5.910
53863  1336  1453      NaN    0.000    0.000
53898  1614  1563    4.339    2.158    6.332
53915   748  1619      NaN    0.000    0.000
53923   856  1599      NaN    0.000    0.000
53959  1239  1675    4.875    1.823    6.355
53975  1390  1627      NaN    0.000    0.000
54012  1972   608    4.273    0.581    7.126
54026  2342   610      NaN    0.645    7.468
54027  2174   675    3.720    1.494    6.635
54049  2685   645    5.270    3.255    5.787
54094  3316   610      NaN    0.000    0.000
54096  3490   630      NaN    0.000    0.000
54102  1806   679    3.975    0.723    7.126
54115  2024   718    4.774    0.752    6.781
54135  2495   718      NaN    1.081    7.039
54157  2726   764    5.286    2.494    5.813
54161  2825   684      NaN    0.000    0.000
54186  3159   744      NaN    0.000    0.000
54208  1845   876    5.271    1.552    6.235
54218  2125   867      NaN    0.000    0.000
54226  2319   860    4.954    1.990    6.939
54236  2525   850    4.790    2.655    6.435
54259  2795   886    6.205    3.471    5.300
54273  2997   787    5.654    3.339    5.158
54292  3305   800    5.654    3.368    5.203
54308  1864   987    5.672    1.574    6.074
54311  1989   904      NaN    0.000    0.000
54324  2291   947    5.573    1.142    6.994
54337  2366   994      NaN    0.000    0.000
54342  2635   927    4.811    3.906    6.129
54346  2665   974      NaN    0.000    0.000
54374  3016   929    5.645    3.535    4.652
54377  2930   998    6.249    3.239    4.513
54386  3156   970    6.210    3.077    4.306
54401  1668  1033      NaN    0.000    0.000
54405  1737  1074      NaN    0.000    0.000
54423  2011  1011      NaN    0.000    0.000
54436  2123  1076    6.247    2.581    6.455
54471  2484  1046      NaN    0.000    0.000
54493  2777  1041    6.318    3.129    4.703
54497  2726  1115      NaN    0.000    0.000
54511  1825  1128      NaN    0.000    0.000
54527  1924  1222      NaN    0.000    0.000
54534  2028  1160      NaN    0.000    0.000
54539  2118  1184      NaN    0.000    0.000
54587  2601  1227      NaN    0.000    0.000
54602  1744  1250      NaN    0.000    0.000
54618  1855  1336      NaN    0.000    0.000
54662  2424  1244      NaN    0.000    0.000
54715  1856  1420      NaN    0.000    0.000
54725  1965  1401    4.970    2.216    6.010
54751  2321  1352      NaN    0.000    0.000
54753  2276  1388      NaN    0.000    0.000
54776  2542  1412      NaN    3.006    5.532
54808  1756  1543    5.444    1.671    6.497
54823  1911  1502    4.779    2.665    6.042
54826  1916  1541      NaN    0.000    0.000
54836  2034  1548      NaN    0.000    0.000
54843  2150  1483      NaN    0.000    0.000
54857  2278  1562      NaN    0.000    0.000
54863  2374  1483    5.080    2.900    5.377
54909  1744  1674    5.249    2.484    6.381
54916  1888  1618      NaN    0.000    0.000
54929  2011  1653    4.444    3.668    5.542
54945  2189  1632    5.207    0.000    0.000
56065   180  1711    6.050    2.329    4.868
56079   333  1840    6.402    2.390    4.939
56080   326  1681    6.073    2.377    4.735
56096   552  1860    5.901    0.000    0.000
56146     1  2060    5.730    2.061    5.239
56152    38  1985    5.346    2.035    5.016
56167   126  2131    5.299    2.639    4.877
56172   251  2028    7.426    2.752    5.210
56182   400  1944    6.199    3.523    5.252
56187   430  2163      NaN    1.077    2.103
56193   507  1970    5.464    3.687    5.074
56196   531  2079      NaN    0.000    0.000
56257    31  2241    4.897    2.261    5.071
56287   337  2243    6.046    3.368    5.274
56357    35  2347    4.609    2.990    4.974
56374   221  2235    4.001    2.897    4.403
56385   374  2295    6.083    3.268    5.003
56462   169  2353    2.520    2.816    4.855
56492   516  2375    5.631    1.777    6.523
56571   255  2476      NaN    0.000    0.000
56586   421  2540    4.967    3.110    5.639
56651    25  2596      NaN    1.790    5.700
56671   253  2616    5.938    2.455    6.203
56684   369  2642    5.382    2.371    6.006
56691   481  2592    5.926    3.058    5.852
56751    22  2723      NaN    3.516    5.677
56763   210  2719    0.005    1.929    6.087
56768   171  2799    3.927    2.419    5.474
56778   302  2799      NaN    0.000    0.000
56786   430  2736    4.400    2.832    5.158
56886   423  2853    5.308    3.348    5.139
56951    25  2919      NaN    3.929    5.735
56959    89  3137      NaN    0.000    0.000
56964   111  3051    4.668    3.497    4.419
56966   223  2958    0.304    3.400    4.755
56969   178  3193    2.626    3.903    4.810
56977   204  3068      NaN    3.994    4.894
56985   380  2982      NaN    0.000    0.000
57006   645  1728      NaN    0.000    0.000
57014   658  1730      NaN    0.000    0.000
57016   800  1754      NaN    0.000    0.000
57025   828  1735    4.554    1.771    6.658
57046  1130  1739    5.923    1.774    6.752
57067  1237  1787    5.411    2.058    5.977
57071  1394  1702    4.694    2.177    6.206
57083  1530  1713      NaN    0.000    0.000
57127   789  1898    5.963    0.000    0.000
57131  1005  1744      NaN    1.687    7.094
57178  1410  1901      NaN    0.000    0.000
57193  1627  1817    5.331    1.681    6.306
57237   901  2010    5.634    5.742    7.223
57245  1013  1937      NaN    0.000    0.000
57259  1207  2013    4.555    4.303    6.248
57265  1308  1974      NaN    0.000    0.000
57279  1420  2000    4.790    4.019    6.568
57290  1571  1905      NaN    0.000    0.000
57297  1575  2002      NaN    0.000    0.000
57306   669  2064      NaN    2.997    6.281
57328   841  2107      NaN    0.000    0.000
57348  1069  2127    6.025    3.861    6.532
57378  1408  2110      NaN    0.971    1.777
57399  1677  2108    4.952    3.748    6.094
57411   682  2151      NaN    0.000    0.000
57426   875  2164    4.123    2.581    6.526
57447  1061  2209    5.715    3.926    5.771
57461  1267  2163      NaN    0.000    0.000
57476  1362  2202      NaN    0.000    0.000
57494  1584  2172      NaN    0.000    0.000
57503   574  2284    5.928    2.229    6.371
57504   567  2288      NaN    0.000    0.000
57516   725  2288      NaN    0.000    0.000
57554  1140  2308    5.369    3.858    5.771
57584  1466  2310      NaN    0.000    0.000
57598  1634  2349    2.027    3.923    6.632
57602   610  2366      NaN    0.000    0.000
57604   604  2377    6.108    1.897    6.732
57633   983  2372    5.803    3.665    6.077
57655  1166  2413    5.429    3.074    7.352
57662  1310  2347      NaN    0.000    0.000
57687  1442  2439      NaN    0.000    0.000
57707   587  2543    4.294    3.274    5.665
57712   779  2495    4.074    2.990    6.187
57713   772  2499    5.008    3.268    6.300
57731   925  2471    5.794    3.577    6.345
57745  1086  2527    5.263    3.468    6.852
57766  1285  2551    5.311    3.313    7.074
57776  1423  2543    4.600    3.555    6.926
57793  1612  2487    5.647    0.000    0.000
57799  1677  2564      NaN    0.000    0.000
57816   755  2624      NaN    0.000    0.000
57832   972  2581    5.944    3.626    6.326
57845  1097  2670    5.323    3.790    5.890
57853  1192  2607    5.770    3.684    6.610
57866  1302  2663      NaN    0.000    0.000
57902   582  2752    5.131    3.719    5.345
57916   759  2752    4.387    3.632    5.261
57922   847  2708    5.198    4.045    5.855
57932   957  2693    4.852    4.048    5.865
57957  1155  2764    5.196    3.829    5.571
57972  1461  2711    5.887    3.797    6.171
57993  1681  2704    5.093    3.368    5.713
58027  1922  1761      NaN    0.000    0.000
58040  2144  1698      NaN    0.000    0.000
58102  1767  1806      NaN    0.000    0.000
58141  2133  1830    4.925    2.455    5.765
58144  2133  1838      NaN    0.000    0.000
58150  2269  1819    5.178    2.010    6.387
58203  1763  1920    4.263    3.113    5.913
58208  1750  1998    5.086    3.532    6.065
58221  1948  1914    5.060    2.397    6.016
58238  2118  2024    4.664    2.868    6.323
58251  2273  1922      NaN    0.000    0.000
58265  2420  2010    5.376    0.000    0.000
58314  1830  2084      NaN    0.000    0.000
58321  1939  2041    5.262    2.761    6.148
58338  2082  2112    4.927    2.442    6.839
58345  2183  2080      NaN    0.000    0.000
58362  2403  2082      NaN    0.000    0.000
58424  1911  2181      NaN    0.000    0.000
58437  2034  2226    6.163    3.500    6.694
58457  2260  2215      NaN    0.000    0.000
58472  2515  2159      NaN    0.000    0.000
58477  2478  2237    1.080    0.000    0.000
58506  1791  2288    3.730    3.665    6.765
58527  1927  2319      NaN    0.000    0.000
58543  2131  2284      NaN    0.000    0.000
58556  2332  2286      NaN    0.000    0.000
58569  2459  2331      NaN    0.000    0.000
58606  1784  2398    4.920    3.087    6.797
58633  2114  2357      NaN    0.000    0.000
58646  2232  2415    5.881    2.487    6.558
58660  2368  2370      NaN    0.000    0.000
58666  2452  2415      NaN    5.158    6.835
58715  1866  2512    5.360    3.710    6.668
58725  1957  2540    1.560    2.997    6.181
58730  2021  2491    1.661    2.326    6.352
58731  2077  2474    5.197    2.548    6.287
58752  2314  2489    5.499    0.000    0.000
58754  2263  2540      NaN    0.000    0.000
58813  1830  2594    5.445    2.510    6.271
58834  2034  2618      NaN    4.197    6.745
58847  2161  2680      NaN    0.000    0.000
58849  2234  2670      NaN    3.987    8.035
58853  2319  2577      NaN    0.000    0.000
58911  1834  2706    5.315    2.913    6.126
58921  1944  2693    5.805    0.000    0.000
58926  1950  2767      NaN    4.397    6.142
58931  2028  2721    2.924    3.277    6.139
58944  2217  2743      NaN    0.000    0.000
58968  2411  2797      NaN    0.000    0.000
58974  2472  2730      NaN    0.000    0.000
59007   568  2906    4.112    3.342    4.942
59023   901  2835    4.974    3.910    5.426
59046  1054  2874      NaN    0.000    0.000
59058  1179  2891    5.340    3.661    4.997
59072  1386  2823      NaN    0.000    0.000
59082  1524  2838    5.728    3.906    5.223
59087  1515  2926      NaN    0.000    0.000
59096  1623  2872    5.523    3.532    4.916
59102  1754  2807    5.311    3.326    5.271
59117  1806  2879      NaN    0.000    0.000
59134  2026  2859      NaN    0.000    0.000
59152  2349  2823      NaN    0.000    0.000
59158  2318  2896      NaN    0.000    0.000
59162  2437  2827      NaN    0.000    0.000
59209   667  2991    4.418    3.552    4.871
59211   740  2924    4.317    0.803    0.900
59254  1130  2980      NaN    0.000    0.000
59265  1267  2971    5.513    3.487    4.939
59278  1397  3019    5.661    0.000    0.000
59287  1494  3006      NaN    0.000    0.000
59293  1651  2935    5.108    3.265    4.500
59316  1870  2980      NaN    0.000    0.000
59348  2204  2995      NaN    3.287    6.913
59353  2331  2967      NaN    3.623    5.432
59358  2265  3025      NaN    0.000    0.000
59362  2422  2911      NaN    0.000    0.000
59368  2394  3014      NaN    0.000    0.000
59417   757  3096    5.067    5.139    6.042
59431   921  3066    5.036    3.303    4.532
59456  1226  3098    5.448    3.058    4.255
59493  1580  3075      NaN    0.000    0.000
59501  1722  3049      NaN    0.000    0.000
59554  2271  3068      NaN    0.000    0.000
59556  2342  3098      NaN    0.000    0.000
59559  2325  3137    1.716    3.074    5.206
59562  2370  3053      NaN    0.000    0.000
59567  2415  3133      NaN    0.000    0.000
59632   966  3143    5.005    3.516    4.903
59644  1020  3195      NaN    0.000    0.000
59658  1155  3232    2.285    3.187    4.581
59663  1341  3156    5.792    3.135    4.297
59673  1431  3167      NaN    0.000    0.000
59758  1149  3361      NaN    0.000    0.000
59792  1873  3286      NaN    0.000    0.000
