30949  1341    50    5.003    2.063    5.420
30967  1765    12    4.779    1.120    6.107
30978  2060    20    4.989    1.440    5.647
31583  3352    25    6.651    1.907    5.617
31587  3210    44    6.129    3.947    6.240
31594  3370    66    5.304    2.593    5.603
31618  3637   111    6.503    3.503    5.263
31624  3723    68    5.486    3.843    5.507
31632  3880     8    7.793    2.673    5.273
31636  3891    51    6.538    3.980    5.503
31655  4096    63      NaN    2.367    5.950
31702  3482   113    6.208    4.133    5.670
31703  3555   113    5.988    3.340    5.417
31707  3469   255    5.435    3.017    5.900
31710  3654   231    4.762    3.260    5.917
31713  3691   143    4.648    3.600    5.747
31725  3790   156    6.504    3.910    6.280
31733  4020   134      NaN    6.133    6.943
31735  3940   167    5.806    2.910    5.847
31754  4151   158    6.814    3.307    5.427
31770  4515   113      NaN    3.010    4.910
31786  3900   275    5.605    4.517    5.787
31788  3846   320    5.429    2.807    5.827
31792  3992   251    6.426    2.613    5.493
31801  4054   262    6.513    2.550    5.320
31823  4429   229      NaN    0.000    0.000
31825  4302   270    5.847    3.160    5.260
31829  4367   302      NaN    0.000    0.000
31832  3839   359    5.702    3.267    6.047
31845  3956   389    6.048    4.483    5.923
31866  4294   389    8.630    3.350    5.517
31873  3779   464    5.560    4.737    6.237
31878  3757   552    4.395    3.450    6.160
31884  3839   514    6.152    3.560    5.833
31909  4100   561      NaN    3.583    5.990
31913  3583   537      NaN    0.000    0.000
31915  3516   628    6.669    2.493    5.977
31917  3508   669    5.399    2.667    6.133
31921  3592   593      NaN    2.697    6.427
31924  3592   624    4.861    2.953    5.943
31931  3706   583    5.216    3.343    6.003
31935  3751   626    6.158    4.273    5.940
31939  3794   656    5.100    2.740    5.517
31958  3971   645    6.107    4.217    5.723
31959  4016   632      NaN    0.000    0.000
31960  3578   772      NaN    0.000    0.000
31961  3581   686    5.866    3.150    5.833
31969  3451   824      NaN    0.000    0.000
31977  3591   755      NaN    3.430    5.573
31981  3704   677    6.124    2.087    5.880
31987  3699   768    6.652    2.477    5.587
31989  3798   796      NaN    0.000    0.000
31994  3828   720    6.457    3.300    5.637
32088  4709   106      NaN    0.000    0.000
32098  4828    89      NaN    0.000    0.000
32099  5011   152      NaN    0.000    0.000
32121  4727   227      NaN    0.000    0.000
32128  4711   331      NaN    0.000    0.000
32133  4795   300    4.785    2.830    5.017
32150  4785   343    6.824    0.000    0.000
44230   225    50    4.249    0.610    6.240
44231    20    42    4.154    0.820    5.957
44232   303    70    6.743    1.240    6.063
44237   156   165    3.864    0.983    5.860
44239   399   135    4.845    1.463    6.020
44241   680   122    5.133    1.473    6.473
44256  1614    51    3.914    0.660    6.330
44259  1631   216    4.536    0.647    6.963
44282   165   287    5.090    0.573    6.677
44284    16   371    4.636    0.460    6.697
44285   311   348    3.686    0.643    6.620
44287    78   434    4.566    0.340    7.757
44288   313   419    4.172    0.297    7.620
44292   770   234      NaN    0.000    0.000
44294   839   303    3.651    0.347    7.060
44298   921   399    3.157    0.217    7.660
44302  1358   249    4.801    1.520    6.120
44304  1192   302    3.925    0.603    7.027
44305  1489   372    3.814    0.387    7.057
44313  2086   268    4.712    1.110    6.123
44314  1752   318    4.386    0.880    6.967
44317  1722   460    3.956    0.627    7.047
44336   438   511      NaN    0.107    8.447
44341   705   475    3.689    0.173    7.757
44347   596   626      NaN    0.063    8.630
44352  1386   479    3.492    0.300    7.767
44354  1134   572    3.205    0.113    8.277
44358  1334   703    3.005    0.133    8.280
44373   496   720      NaN    0.000    0.000
45004  1588  3102      NaN    0.000    0.000
45005  1588  3103      NaN    0.000    0.000
45007  1560  3102      NaN    0.000    0.000
45011  1520  3118      NaN    0.000    0.000
45013  1520  3118      NaN    0.000    0.000
45018  1520  3122      NaN    0.000    0.000
45020  1517  3116      NaN    0.000    0.000
45031  1618  3075      NaN    4.023    5.590
45032  1586  3077    0.218    3.383    4.900
45033  1603  3077      NaN    4.053    5.617
45034  1595  3083    3.086    4.903    5.933
45035  1567  3085      NaN    0.000    0.000
45036  1608  3085      NaN    0.000    0.000
45037  1590  3087      NaN    0.000    0.000
45038  1565  3092      NaN    0.000    0.000
45039  1591  3092      NaN    0.000    0.000
45040  1599  3094      NaN    0.000    0.000
45041  1597  3102      NaN    0.000    0.000
45042  1558  3103      NaN    0.000    0.000
45043  1588  3109      NaN    0.000    0.000
45044  1571  3115      NaN    0.000    0.000
45045  1603  3116      NaN    0.000    0.000
47003  3406   862      NaN    2.737    6.053
47005  3171   918    5.159    3.303    5.657
47008  3340   921      NaN    0.000    0.000
47014  3012   921    6.965    2.440    5.760
47016  3156   964      NaN    0.000    0.000
47020  2980  1013    6.259    2.290    5.610
47022  3154  1030    7.013    2.457    5.583
47025  3271  1046      NaN    2.473    6.377
47028  2794  1071      NaN    1.917    5.920
47031  3053  1080    5.924    2.433    5.257
47035  2732  1110      NaN    0.000    0.000
47037  2829  1123    5.944    1.820    5.870
47039  2941  1102    5.470    2.483    5.733
47041  3087  1128    4.962    1.857    5.833
47046  3158  1117      NaN    0.000    0.000
47050  2874  1164      NaN    1.740    6.343
47052  2986  1209    7.009    2.523    5.353
47055  3074  1212      NaN    1.737    6.300
47058  2889  1229      NaN    0.000    0.000
47060  2844  1265      NaN    0.000    0.000
47061  3158  1263    7.444    0.000    0.000
47065  2887  1287      NaN    0.000    0.000
47067  2973  1289    4.929    2.223    6.123
47068  2788  1328    6.140    2.810    6.027
47069  2879  1341    6.415    1.863    6.627
47070  2976  1349    6.007    1.443    6.707
47075  3057  1298    5.621    2.177    5.647
47090  3200  1317      NaN    0.000    0.000
47092  3212  1338    6.874    2.833    6.243
47095  3059  1328    6.186    2.733    5.873
47097  3079  1427    5.030    2.530    5.960
47098  3032  1356      NaN    0.000    0.000
47099  2997  1358      NaN    0.000    0.000
47100  3217  1380    5.205    2.237    5.553
47101  3107  1356      NaN    0.000    0.000
47102  2760  1349      NaN    4.830    6.417
47104  3232  1367    6.462    3.223    6.017
47105  3236  1373      NaN    0.000    0.000
47106  3262  1401      NaN    0.000    0.000
47108  3019  1394      NaN    0.000    0.000
47110  3001  1394      NaN    0.000    0.000
47112  2982  1403      NaN    0.000    0.000
47113  2962  1405      NaN    1.210    6.450
47114  3131  1420    6.020    0.000    0.000
47115  3464  1401      NaN    4.843    5.640
47119  3023  1427      NaN    0.000    0.000
47121  3187  1436    5.436    2.623    5.120
47127  3131  1461      NaN    0.000    0.000
47129  2969  1481    5.702    1.557    6.443
47130  3296  1459      NaN    0.000    0.000
47131  3074  1498      NaN    0.000    0.000
47133  3066  1528      NaN    0.000    0.000
47135  3135  1545    5.781    3.073    5.793
47136  3215  1506    6.257    3.153    5.687
47137  3154  1524    7.222    2.673    5.780
47138  3292  1565      NaN    0.000    0.000
47140  2997  1569      NaN    0.000    0.000
47143  3206  1582      NaN    0.000    0.000
47145  3038  1483    5.820    2.790    6.187
47146  3042  1590      NaN    0.000    0.000
47150  2975  1532    6.536    1.870    6.353
47151  3288  1614      NaN    0.000    0.000
47152  3284  1619      NaN    0.000    0.000
47154  3172  1556      NaN    0.000    0.000
47155  3200  1662      NaN    0.000    0.000
47156  3012  1662      NaN    0.000    0.000
47157  3126  1606    6.584    2.453    5.817
47159  3253  1670      NaN    0.000    0.000
47162  3186  1698      NaN    0.000    0.000
47163  2954  1683      NaN    0.000    0.000
47165  2956  1702      NaN    0.000    0.000
47167  3094  1700      NaN    0.000    0.000
47168  3107  1711      NaN    0.000    0.000
47169  2851  1716      NaN    4.077    5.830
47170  2991  1750      NaN    4.820    6.627
47171  3010  1619      NaN    0.000    0.000
47172  2991  1632      NaN    1.693    6.400
47173  3062  1636    5.903    2.773    5.983
47174  3051  1674      NaN    4.100    6.533
47175  2948  1741    5.337    4.790    6.590
47182  2969  1847      NaN    0.000    0.000
47184  2971  1849      NaN    0.000    0.000
47185  2930  1873      NaN    0.000    0.000
47188  3010  1862      NaN    3.400    5.573
47189  2975  1879      NaN    0.000    0.000
47192  3150  1659      NaN    0.000    0.000
47401  4670   514      NaN    0.000    0.000
47402  4770   568    9.267    2.870    5.147
47404  4671   632      NaN    0.000    0.000
47405  4813   608    6.035    2.397    5.617
47406  4664   679      NaN    0.000    0.000
47407  4746   701      NaN    0.000    0.000
47409  4961   671      NaN    2.950    5.463
47411  4595   764      NaN    0.000    0.000
47412  4630   778      NaN    0.000    0.000
47413  4681   761      NaN    3.060    5.217
47417  4841   794      NaN    0.000    0.000
47418  4972   787      NaN    0.000    0.000
47421  4505   807      NaN    3.987    5.657
47423  4591   862      NaN    0.000    0.000
47424  4655   828      NaN    0.000    0.000
47426  4793   878    7.346    0.000    0.000
47428  4494   912      NaN    0.000    0.000
47430  4565   918      NaN    0.000    0.000
47433  4565   796      NaN    0.000    0.000
47435  4856   634      NaN    0.000    0.000
47440  4852   863      NaN    0.000    0.000
47512  4673  1226    8.123    3.320    5.570
47520  4516  1261    6.237    2.563    6.023
47570  4472  1403      NaN    0.000    0.000
47574  4474  1048      NaN    3.727    6.387
47575  4567  1030      NaN    0.000    0.000
47576  4617   977    6.980    2.910    5.133
47581  4651  1061      NaN    0.000    0.000
47582  4492  1153      NaN    0.000    0.000
47584  4612  1155      NaN    0.000    0.000
47585  4701  1160    6.783    3.123    5.743
47587  4464  1242      NaN    0.000    0.000
47588  4520  1317      NaN    0.000    0.000
47590  4582  1315      NaN    0.000    0.000
47592  4627  1296      NaN    0.000    0.000
47595  4533  1371      NaN    0.000    0.000
47597  4505  1442      NaN    0.000    0.000
47598  4582  1463      NaN    0.000    0.000
47600  4134  1412      NaN    0.000    0.000
47602  4283  1341      NaN    0.000    0.000
47604  4375  1354      NaN    0.000    0.000
47605  4104  1504      NaN    0.000    0.000
47606  4151  1479      NaN    0.000    0.000
47607  4167  1489      NaN    0.000    0.000
47610  4279  1494      NaN    0.000    0.000
47612  4285  1446    6.102    2.417    6.037
47615  4466  1507      NaN    0.000    0.000
47616  4057  1563      NaN    0.000    0.000
47617  4173  1552      NaN    0.000    0.000
47618  4253  1541      NaN    0.000    0.000
47620  4270  1563      NaN    0.000    0.000
47622  4319  1530      NaN    0.000    0.000
47624  4376  1524      NaN    0.000    0.000
47626  4412  1552      NaN    0.000    0.000
47629  4533  1526      NaN    0.000    0.000
47631  4040  1608      NaN    0.000    0.000
47632  4119  1636      NaN    0.000    0.000
47636  4141  1662      NaN    0.000    0.000
47637  4236  1623      NaN    0.000    0.000
47638  4319  1606      NaN    0.000    0.000
47639  4339  1640      NaN    0.000    0.000
47640  4343  1625      NaN    0.000    0.000
47641  4376  1571      NaN    0.000    0.000
47648  4576  1599      NaN    0.000    0.000
47649  4050  1707      NaN    0.000    0.000
47651  4091  1711      NaN    0.000    0.000
47653  4156  1722      NaN    0.000    0.000
47654  4225  1713      NaN    0.000    0.000
47655  4281  1726      NaN    0.000    0.000
47656  4302  1683      NaN    0.000    0.000
47657  4362  1668      NaN    0.000    0.000
47662  4455  1604      NaN    0.000    0.000
47663  4055  1786      NaN    2.780    5.087
47666  4352  1726      NaN    0.000    0.000
47668  4380  1675      NaN    2.663    5.253
47670  4442  1632      NaN    0.000    0.000
47672  4466  1683      NaN    0.000    0.000
47674  4516  1664      NaN    2.990    4.953
47675  4410  1709    3.393    0.000    0.000
47677  4427  1780      NaN    3.817    4.610
47678  4457  1892    3.851    3.133    3.973
47682  4492  1614      NaN    0.000    0.000
47684  4098  1688      NaN    0.000    0.000
47690  4425  1487      NaN    3.677    5.353
47740  3734  1547      NaN    4.500    6.217
47741  3704  1631      NaN    0.000    0.000
47742  3723  1619      NaN    0.000    0.000
47744  3734  1632      NaN    0.000    0.000
47746  3835  1627      NaN    0.000    0.000
47747  3900  1621    6.379    2.817    5.983
47750  3956  1631      NaN    3.913    6.323
47754  3518  1746      NaN    0.000    0.000
47755  3592  1692      NaN    0.000    0.000
47756  3811  1674      NaN    0.000    0.000
47759  4003  1679      NaN    0.000    0.000
47761  4061  1649      NaN    0.000    0.000
47762  3466  1799      NaN    0.000    0.000
47765  3637  1748      NaN    0.000    0.000
47766  3647  1767      NaN    0.000    0.000
47767  3725  1743      NaN    0.000    0.000
47768  3800  1718      NaN    0.000    0.000
47769  3884  1700      NaN    0.000    0.000
47770  3945  1715      NaN    0.000    0.000
47772  3979  1716      NaN    0.000    0.000
47776  3910  1756      NaN    2.433    6.393
47777  3940  1767      NaN    0.000    0.000
47778  4007  1855      NaN    3.413    5.360
47780  4014  1715      NaN    0.000    0.000
47784  3523  1774      NaN    0.000    0.000
47800  3283  1771      NaN    0.000    0.000
47805  3311  1864      NaN    0.000    0.000
47807  3404  1840      NaN    0.000    0.000
47809  3439  1832      NaN    0.000    0.000
47812  3331  1886      NaN    0.000    0.000
47813  3395  1875      NaN    0.000    0.000
47814  3466  1870      NaN    0.000    0.000
47815  3542  1879      NaN    0.000    0.000
47817  3346  1935      NaN    0.000    0.000
47818  3391  1935    4.328    3.067    5.233
47819  3439  1926      NaN    0.000    0.000
47821  3480  1918      NaN    2.923    4.800
47822  3546  1952      NaN    0.000    0.000
47823  3383  2013      NaN    0.000    0.000
47824  3445  1993      NaN    0.000    0.000
47827  3423  2067      NaN    0.000    0.000
47829  3482  2047      NaN    0.000    0.000
47830  3520  2024      NaN    0.000    0.000
47831  3395  2099      NaN    3.270    5.333
47835  3518  2064    7.313    2.817    5.107
47836  3436  2198      NaN    3.460    5.267
47837  3471  2161      NaN    0.000    0.000
47838  3365  1995      NaN    0.000    0.000
47842  3176  2019      NaN    0.000    0.000
47843  3230  1939      NaN    0.000    0.000
47887  3673  1810      NaN    0.000    0.000
47890  3781  1761      NaN    0.000    0.000
47891  3815  1758      NaN    0.000    0.000
47892  3647  1879      NaN    0.000    0.000
47893  3759  1842      NaN    0.000    0.000
47895  3872  1786      NaN    0.000    0.000
47897  3663  1914    5.371    0.000    0.000
47898  3699  1937      NaN    0.000    0.000
47899  3830  1877      NaN    0.000    0.000
47909  3305  2422      NaN    3.580    5.623
47912  2579  2861      NaN    5.440    6.603
47917  2663  2864      NaN    0.000    0.000
47918  2708  2876      NaN    0.000    0.000
47927  2833  2823      NaN    0.000    0.000
47929  3003  2652      NaN    4.590    5.983
47936  3102  2667      NaN    0.000    0.000
47940  3133  2622      NaN    0.000    0.000
47942  3215  2528      NaN    4.703    6.030
47945  3499  2708      NaN    5.100    6.633
47971  4726  2566      NaN    0.000    0.000
48803   445  3081    5.211    2.497    5.097
48806   438  3212    1.647    3.733    5.680
48808   701  3062    5.316    3.110    4.923
48820   651  3245      NaN    0.000    0.000
48823   690  3312    5.437    1.047    1.747
48826   744  3271    5.439    2.730    5.933
48830   759  3156    6.013    3.073    5.037
48839   865  3346      NaN    0.000    0.000
48921   212  3178    0.207    4.237    5.497
48924   165  3243    2.866    4.233    5.560
48925   225  3284    1.090    3.247    5.027
48927   475  3314    3.057    4.057    5.893
50527  2213    89      NaN    0.000    0.000
50548  2657    91      NaN    1.207    6.093
50557  2827    94    5.605    1.003    6.733
50564  3064    64    5.678    1.773    5.893
50603  1884   150    4.322    0.610    6.827
50632  2456   139    5.582    2.057    5.093
50658  2900   219    4.946    0.000    0.000
50727  2234   318    7.203    1.637    5.357
50745  2680   294      NaN    0.000    0.000
50756  3021   288    5.185    1.137    6.733
50774  3238   257    6.904    1.827    5.713
50788  3583   311    5.298    1.263    6.760
50844  2624   404    4.648    0.950    6.883
50854  2836   406    5.002    1.020    6.647
50888  3606   414    4.949    1.197    6.923
50915  1901   503    3.917    0.383    7.147
50949  2786   552    5.024    1.273    6.433
50953  2999   477    5.097    1.553    6.313
50963  3219   453    5.934    0.777    7.450
50968  3133   537      NaN    0.000    0.000
50978  3466   527      NaN    0.000    0.000
50983  3693   475      NaN    0.000    0.000
52267   120   903      NaN    0.000    0.000
52378   266   968      NaN    0.000    0.000
52495   505  1037      NaN    0.000    0.000
52652    50  1240      NaN    0.000    0.000
52681   346  1274    4.520    0.177    8.840
52754    16  1420    5.524    1.450    6.110
52787   322  1435    4.072    1.733    6.143
52866   199  1500      NaN    0.000    0.000
52889   436  1563      NaN    0.000    0.000
52955    85  1616    4.824    0.963    6.510
52983   466  1584    4.459    1.877    6.243
52996   561  1638    5.721    2.200    6.177
53068  1345   712      NaN    0.123    8.643
53083  1586   604    4.020    0.333    7.517
53149  1136   837      NaN    0.150    8.247
53192  1675   671    3.720    0.283    7.520
53231   716   959      NaN    0.000    0.000
53276  1446   852      NaN    0.183    8.073
53336   955   946      NaN    0.267    8.287
53352  1170   931    3.874    0.270    7.810
53391  1569   908    4.859    0.483    7.280
53463  1310  1030      NaN    0.000    0.000
53480  1464  1005    4.645    1.113    6.897
53487  1494  1110      NaN    0.000    0.000
53502   645  1145      NaN    0.197    8.133
53513   830  1035      NaN    0.000    0.000
53529   895  1222      NaN    0.313    7.943
53543  1119  1140      NaN    0.000    0.000
53564  1250  1190      NaN    0.270    8.203
53588  1515  1239    5.372    2.157    6.470
53593  1632  1140      NaN    0.000    0.000
53614   695  1293    4.724    0.443    7.793
53646  1097  1315    4.292    0.287    8.233
53673  1423  1261      NaN    0.000    0.000
53698  1616  1341      NaN    0.000    0.000
53705   638  1403      NaN    0.707    7.303
53723   828  1367    4.071    0.453    7.430
53764  1244  1401      NaN    0.000    0.000
53772  1407  1369      NaN    0.000    0.000
53787  1455  1450    5.343    1.287    6.943
53798  1625  1450      NaN    0.000    0.000
53845  1065  1502    5.345    1.397    7.423
53863  1336  1453      NaN    0.000    0.000
53898  1614  1563    4.990    0.613    7.207
53915   748  1619      NaN    0.000    0.000
53923   856  1599      NaN    0.000    0.000
53959  1239  1675    4.781    0.387    8.017
53975  1390  1627      NaN    0.000    0.000
54012  1972   608    4.086    0.450    7.110
54026  2342   610      NaN    0.607    7.000
54027  2174   675    3.970    0.780    6.707
54049  2685   645    4.567    1.020    6.283
54094  3316   610      NaN    0.000    0.000
54096  3490   630      NaN    0.000    0.000
54102  1806   679    4.247    0.337    7.360
54115  2024   718    4.218    0.450    6.733
54135  2495   718      NaN    0.630    7.077
54157  2726   764    5.028    1.170    6.600
54161  2825   684      NaN    0.000    0.000
54186  3159   744      NaN    0.000    0.000
54208  1845   876    4.906    1.277    6.137
54218  2125   867      NaN    0.000    0.000
54226  2319   860    4.302    0.653    6.980
54236  2525   850    4.507    0.833    6.847
54259  2795   886    6.944    2.300    5.987
54273  2997   787    5.614    2.063    5.847
54292  3305   800    5.885    2.280    5.950
54308  1864   987    5.279    1.383    6.087
54311  1989   904      NaN    0.000    0.000
54324  2291   947    5.387    0.780    6.663
54337  2366   994      NaN    0.000    0.000
54342  2635   927    5.513    1.210    6.793
54346  2665   974      NaN    0.000    0.000
54374  3016   929    4.327    3.583    5.577
54377  2930   998    6.004    2.560    5.650
54386  3156   970    5.858    2.107    5.577
54401  1668  1033      NaN    0.000    0.000
54405  1737  1074      NaN    0.000    0.000
54423  2011  1011      NaN    0.000    0.000
54436  2123  1076    6.034    1.643    6.453
54471  2484  1046      NaN    0.000    0.000
54493  2777  1041    6.755    1.607    5.880
54497  2726  1115      NaN    0.000    0.000
54511  1825  1128      NaN    0.000    0.000
54527  1924  1222      NaN    0.000    0.000
54534  2028  1160      NaN    0.000    0.000
54539  2118  1184      NaN    0.000    0.000
54587  2601  1227      NaN    0.000    0.000
54602  1744  1250      NaN    0.000    0.000
54618  1855  1336      NaN    0.000    0.000
54662  2424  1244      NaN    0.000    0.000
54715  1856  1420      NaN    0.000    0.000
54725  1965  1401    5.284    1.187    7.003
54751  2321  1352      NaN    0.000    0.000
54753  2276  1388      NaN    0.000    0.000
54776  2542  1412      NaN    2.767    5.790
54808  1756  1543    5.449    0.630    7.113
54823  1911  1502    5.059    2.070    6.540
54826  1916  1541      NaN    0.000    0.000
54836  2034  1548      NaN    0.000    0.000
54843  2150  1483      NaN    0.000    0.000
54857  2278  1562      NaN    0.000    0.000
54863  2374  1483    5.071    2.243    5.843
54909  1744  1674    5.424    0.860    7.017
54916  1888  1618      NaN    0.000    0.000
54929  2011  1653    5.294    1.927    6.320
54945  2189  1632    5.564    0.000    0.000
56065   180  1711    5.674    1.530    5.983
56079   333  1840    6.955    1.843    5.460
56080   326  1681    5.696    1.907    5.793
56096   552  1860    5.945    0.000    0.000
56146     1  2060    4.876    1.707    5.850
56152    38  1985    5.542    1.703    5.757
56167   126  2131    5.271    1.977    5.387
56172   251  2028    5.942    2.333    5.523
56182   400  1944    6.716    2.893    5.333
56187   430  2163      NaN    0.557    3.643
56193   507  1970    5.183    3.400    5.467
56196   531  2079      NaN    0.000    0.000
56257    31  2241    4.353    1.787    5.617
56287   337  2243    6.245    2.497    6.477
56357    35  2347    4.349    2.353    5.633
56374   221  2235    2.562    2.827    4.760
56385   374  2295      NaN    2.540    6.610
56462   169  2353    1.987    2.557    5.410
56492   516  2375    5.583    1.220    7.507
56571   255  2476      NaN    0.000    0.000
56586   421  2540    5.263    2.580    5.910
56651    25  2596    4.860    1.070    6.737
56671   253  2616    6.172    1.550    7.177
56684   369  2642    6.512    1.527    6.450
56691   481  2592    6.333    2.107    5.963
56751    22  2723      NaN    2.473    6.747
56763   210  2719    0.005    1.640    6.523
56768   171  2799    0.036    1.647    6.383
56778   302  2799      NaN    0.000    0.000
56786   430  2736    5.381    1.980    5.480
56886   423  2853    6.165    2.450    5.540
56951    25  2919    6.636    4.217    6.447
56959    89  3137      NaN    0.000    0.000
56964   111  3051    5.436    2.547    5.157
56966   223  2958    0.030    2.737    5.080
56969   178  3193    0.932    3.650    5.543
56977   204  3068    1.383    4.020    5.383
56985   380  2982      NaN    0.000    0.000
57006   645  1728      NaN    0.000    0.000
57014   658  1730      NaN    0.000    0.000
57016   800  1754      NaN    0.000    0.000
57025   828  1735    5.253    1.017    7.340
57046  1130  1739    6.172    1.637    7.567
57067  1237  1787    5.807    1.050    6.833
57071  1394  1702    5.183    0.627    7.737
57083  1530  1713      NaN    0.000    0.000
57127   789  1898    5.548    0.000    0.000
57131  1005  1744      NaN    0.883    7.897
57178  1410  1901      NaN    0.000    0.000
57193  1627  1817    5.466    0.630    7.493
57237   901  2010    6.672    5.277    7.160
57245  1013  1937      NaN    0.000    0.000
57259  1207  2013    6.276    3.780    6.103
57265  1308  1974      NaN    0.000    0.000
57279  1420  2000    4.722    1.283    6.910
57290  1571  1905      NaN    0.000    0.000
57297  1575  2002      NaN    0.000    0.000
57306   669  2064      NaN    1.360    7.577
57328   841  2107      NaN    0.000    0.000
57348  1069  2127    6.617    3.343    6.777
57378  1408  2110      NaN    0.927    2.013
57399  1677  2108    5.511    2.700    5.923
57411   682  2151      NaN    0.000    0.000
57426   875  2164    5.485    2.373    7.013
57447  1061  2209    6.177    3.430    6.170
57461  1267  2163      NaN    0.000    0.000
57476  1362  2202      NaN    0.000    0.000
57494  1584  2172      NaN    0.000    0.000
57503   574  2284    5.450    1.777    7.000
57504   567  2288      NaN    0.000    0.000
57516   725  2288      NaN    0.000    0.000
57554  1140  2308    6.100    3.477    5.627
57584  1466  2310      NaN    0.000    0.000
57598  1634  2349    3.890    3.550    5.580
57602   610  2366      NaN    0.000    0.000
57604   604  2377    6.301    1.763    7.067
57633   983  2372    6.460    3.323    5.770
57655  1166  2413    5.701    2.683    5.910
57662  1310  2347      NaN    0.000    0.000
57687  1442  2439      NaN    0.000    0.000
57707   587  2543    6.336    3.023    5.800
57712   779  2495    5.304    2.693    5.873
57713   772  2499    6.515    3.033    6.017
57731   925  2471    6.173    3.000    5.787
57745  1086  2527    5.255    2.993    5.887
57766  1285  2551    6.009    3.150    5.907
57776  1423  2543    5.939    3.063    5.967
57793  1612  2487    5.484    0.000    0.000
57799  1677  2564      NaN    0.000    0.000
57816   755  2624      NaN    0.000    0.000
57832   972  2581    6.161    2.940    5.667
57845  1097  2670    5.639    3.230    5.337
57853  1192  2607    6.615    3.230    5.603
57866  1302  2663      NaN    0.000    0.000
57902   582  2752    4.632    2.733    5.390
57916   759  2752    5.397    2.793    5.040
57922   847  2708    5.513    3.297    5.473
57932   957  2693    5.748    3.513    5.570
57957  1155  2764    5.116    3.210    5.227
57972  1461  2711    5.712    3.617    5.527
57993  1681  2704    4.915    3.480    5.077
58027  1922  1761      NaN    0.000    0.000
58040  2144  1698      NaN    0.000    0.000
58102  1767  1806      NaN    0.000    0.000
58141  2133  1830    4.433    1.667    6.193
58144  2133  1838      NaN    0.000    0.000
58150  2269  1819    5.357    1.310    5.973
58203  1763  1920    5.109    1.473    6.503
58208  1750  1998    5.954    2.867    5.970
58221  1948  1914    5.803    1.287    6.480
58238  2118  2024    5.674    2.290    5.587
58251  2273  1922      NaN    0.000    0.000
58265  2420  2010    5.676    0.000    0.000
58314  1830  2084      NaN    0.000    0.000
58321  1939  2041    5.558    2.197    5.693
58338  2082  2112    5.627    2.760    5.150
58345  2183  2080      NaN    0.000    0.000
58362  2403  2082      NaN    0.000    0.000
58424  1911  2181      NaN    0.000    0.000
58437  2034  2226      NaN    3.413    5.060
58457  2260  2215      NaN    0.000    0.000
58472  2515  2159      NaN    0.000    0.000
58477  2478  2237    3.513    0.000    0.000
58506  1791  2288    5.057    3.360    5.620
58527  1927  2319      NaN    0.000    0.000
58543  2131  2284      NaN    0.000    0.000
58556  2332  2286      NaN    0.000    0.000
58569  2459  2331      NaN    0.000    0.000
58606  1784  2398    5.485    2.950    5.540
58633  2114  2357      NaN    0.000    0.000
58646  2232  2415    4.998    3.190    4.767
58660  2368  2370      NaN    0.000    0.000
58666  2452  2415      NaN    3.970    4.900
58715  1866  2512    5.617    3.377    5.140
58725  1957  2540    0.519    2.933    4.447
58730  2021  2491    1.122    3.027    4.550
58731  2077  2474    4.942    2.970    4.557
58752  2314  2489    5.300    0.000    0.000
58754  2263  2540      NaN    0.000    0.000
58813  1830  2594    4.326    3.123    4.833
58834  2034  2618      NaN    3.567    5.210
58847  2161  2680      NaN    0.000    0.000
58849  2234  2670      NaN    4.730    6.537
58853  2319  2577      NaN    0.000    0.000
58911  1834  2706    4.771    3.230    4.853
58921  1944  2693    5.405    0.000    0.000
58926  1950  2767      NaN    4.260    5.487
58931  2028  2721    4.624    3.420    5.337
58944  2217  2743      NaN    0.000    0.000
58968  2411  2797      NaN    0.000    0.000
58974  2472  2730      NaN    0.000    0.000
59007   568  2906    5.349    2.680    5.220
59023   901  2835    5.648    3.087    5.483
59046  1054  2874      NaN    0.000    0.000
59058  1179  2891    5.915    3.313    5.003
59072  1386  2823      NaN    0.000    0.000
59082  1524  2838    5.042    3.660    4.957
59087  1515  2926      NaN    0.000    0.000
59096  1623  2872    5.313    3.297    4.593
59102  1754  2807    4.820    3.130    4.653
59117  1806  2879      NaN    0.000    0.000
59134  2026  2859      NaN    0.000    0.000
59152  2349  2823      NaN    0.000    0.000
59158  2318  2896      NaN    0.000    0.000
59162  2437  2827      NaN    0.000    0.000
59209   667  2991    6.529    3.623    5.233
59211   740  2924    4.960    0.843    1.173
59254  1130  2980      NaN    0.000    0.000
59265  1267  2971    5.655    3.333    5.097
59278  1397  3019    5.999    0.000    0.000
59287  1494  3006      NaN    0.000    0.000
59293  1651  2935    4.553    3.153    4.270
59316  1870  2980      NaN    0.000    0.000
59348  2204  2995      NaN    3.597    7.413
59353  2331  2967    4.362    3.920    6.147
59358  2265  3025      NaN    0.000    0.000
59362  2422  2911      NaN    0.000    0.000
59368  2394  3014      NaN    0.000    0.000
59417   757  3096    5.562    4.523    6.013
59431   921  3066    5.751    3.203    5.037
59456  1226  3098    5.878    3.203    4.770
59493  1580  3075      NaN    0.000    0.000
59501  1722  3049      NaN    0.000    0.000
59554  2271  3068      NaN    0.000    0.000
59556  2342  3098      NaN    0.000    0.000
59559  2325  3137    2.197    2.990    6.100
59562  2370  3053      NaN    0.000    0.000
59567  2415  3133      NaN    0.000    0.000
59632   966  3143    5.578    3.213    5.567
59644  1020  3195      NaN    0.000    0.000
59658  1155  3232    2.012    3.670    6.080
59663  1341  3156    5.527    3.440    4.947
59673  1431  3167      NaN    0.000    0.000
59758  1149  3361      NaN    0.000    0.000
59792  1873  3286      NaN    0.000    0.000
