30949  1341    50    0.624    0.753    0.960
30967  1765    12    0.298    0.720    1.027
30978  2060    20    0.526    0.650    0.883
31583  3352    25    0.097    0.433    0.563
31587  3210    44    0.717    0.567    0.773
31594  3370    66    0.078    0.443    0.590
31618  3637   111    0.284    0.460    0.613
31624  3723    68    0.557    0.413    0.570
31632  3880     8    0.293    0.357    0.473
31636  3891    51    0.265    0.390    0.593
31655  4096    63      NaN    0.510    0.603
31702  3482   113    0.412    0.420    0.560
31703  3555   113    0.109    0.433    0.560
31707  3469   255    0.864    0.510    0.757
31710  3654   231    0.046    0.520    0.690
31713  3691   143    0.096    0.457    0.620
31725  3790   156    0.055    0.413    0.587
31733  4020   134      NaN    0.567    0.673
31735  3940   167    0.871    0.507    0.623
31754  4151   158    0.113    0.367    0.420
31770  4515   113      NaN    0.577    0.747
31786  3900   275    0.190    0.490    0.640
31788  3846   320    0.237    0.537    0.710
31792  3992   251    0.083    0.543    0.717
31801  4054   262    0.710    0.480    0.623
31823  4429   229      NaN    0.000    0.000
31825  4302   270    0.189    0.360    0.640
31829  4367   302      NaN    0.000    0.000
31832  3839   359    0.086    0.557    0.743
31845  3956   389    0.803    0.467    0.640
31866  4294   389    1.347    0.540    0.887
31873  3779   464    0.037    0.560    0.770
31878  3757   552    0.020    0.617    0.840
31884  3839   514    0.257    0.660    0.857
31909  4100   561      NaN    0.487    0.923
31913  3583   537      NaN    0.000    0.000
31915  3516   628    0.104    0.633    1.187
31917  3508   669    0.067    0.707    1.383
31921  3592   593      NaN    0.783    1.357
31924  3592   624    0.053    0.667    1.183
31931  3706   583    0.005    0.740    1.010
31935  3751   626    0.064    0.550    0.890
31939  3794   656    0.252    0.687    0.930
31958  3971   645    0.371    0.580    1.017
31959  4016   632      NaN    0.000    0.000
31960  3578   772      NaN    0.000    0.000
31961  3581   686    0.005    0.693    1.273
31969  3451   824      NaN    0.000    0.000
31977  3591   755      NaN    0.630    1.217
31981  3704   677    0.184    0.727    1.090
31987  3699   768    0.989    0.447    1.073
31989  3798   796      NaN    0.000    0.000
31994  3828   720    1.583    0.557    0.940
32088  4709   106      NaN    0.000    0.000
32098  4828    89      NaN    0.000    0.000
32099  5011   152      NaN    0.000    0.000
32121  4727   227      NaN    0.000    0.000
32128  4711   331      NaN    0.000    0.000
32133  4795   300    0.390    0.413    0.600
32150  4785   343    1.139    0.000    0.000
44230   225    50    0.489    0.730    0.987
44231    20    42    0.417    0.697    0.907
44232   303    70    0.440    0.710    0.983
44237   156   165    0.410    0.723    1.183
44239   399   135    0.419    0.683    0.933
44241   680   122    0.463    0.723    1.127
44256  1614    51    0.343    0.743    1.153
44259  1631   216    0.308    0.853    1.443
44282   165   287    0.607    0.793    1.620
44284    16   371    0.524    0.777    1.340
44285   311   348    0.451    0.757    1.617
44287    78   434    0.357    0.787    1.933
44288   313   419    0.582    0.757    1.950
44292   770   234      NaN    0.000    0.000
44294   839   303    0.462    0.777    1.300
44298   921   399    0.487    0.823    1.667
44302  1358   249    0.400    0.817    1.317
44304  1192   302    0.331    0.833    1.473
44305  1489   372    0.744    0.837    1.530
44313  2086   268    0.444    0.690    1.133
44314  1752   318    0.417    0.823    1.663
44317  1722   460    0.520    0.783    1.570
44336   438   511      NaN    0.633    2.410
44341   705   475    0.388    0.777    1.943
44347   596   626      NaN    0.620    2.463
44352  1386   479    0.669    0.833    1.763
44354  1134   572    0.722    0.770    2.100
44358  1334   703    0.577    0.747    2.103
44373   496   720      NaN    0.000    0.000
45004  1588  3102      NaN    0.000    0.000
45005  1588  3103      NaN    0.000    0.000
45007  1560  3102      NaN    0.000    0.000
45011  1520  3118      NaN    0.000    0.000
45013  1520  3118      NaN    0.000    0.000
45018  1520  3122      NaN    0.000    0.000
45020  1517  3116      NaN    0.000    0.000
45031  1618  3075      NaN    1.327    4.020
45032  1586  3077    0.265    1.347    3.907
45033  1603  3077      NaN    1.237    4.880
45034  1595  3083    3.017    2.993    3.607
45035  1567  3085      NaN    0.000    0.000
45036  1608  3085      NaN    0.000    0.000
45037  1590  3087      NaN    0.000    0.000
45038  1565  3092      NaN    0.000    0.000
45039  1591  3092      NaN    0.000    0.000
45040  1599  3094      NaN    0.000    0.000
45041  1597  3102      NaN    0.000    0.000
45042  1558  3103      NaN    0.000    0.000
45043  1588  3109      NaN    0.000    0.000
45044  1571  3115      NaN    0.000    0.000
45045  1603  3116      NaN    0.000    0.000
47003  3406   862      NaN    0.743    1.570
47005  3171   918    1.312    0.523    0.863
47008  3340   921      NaN    0.000    0.000
47014  3012   921    1.478    0.680    1.007
47016  3156   964      NaN    0.000    0.000
47020  2980  1013    1.922    0.673    1.033
47022  3154  1030    2.014    0.697    1.173
47025  3271  1046      NaN    0.793    2.190
47028  2794  1071      NaN    0.847    1.493
47031  3053  1080    2.057    0.787    1.117
47035  2732  1110      NaN    0.000    0.000
47037  2829  1123    2.182    0.920    1.703
47039  2941  1102    2.241    0.927    1.523
47041  3087  1128    1.893    0.877    1.807
47046  3158  1117      NaN    0.000    0.000
47050  2874  1164      NaN    0.943    1.997
47052  2986  1209    2.450    0.857    1.597
47055  3074  1212      NaN    0.777    2.063
47058  2889  1229      NaN    0.000    0.000
47060  2844  1265      NaN    0.000    0.000
47061  3158  1263    2.726    0.000    0.000
47065  2887  1287      NaN    0.000    0.000
47067  2973  1289    2.200    0.763    1.817
47068  2788  1328    2.074    1.007    2.297
47069  2879  1341    2.098    0.700    2.063
47070  2976  1349    2.282    0.717    2.117
47075  3057  1298    2.466    0.823    1.710
47090  3200  1317      NaN    0.000    0.000
47092  3212  1338    2.994    0.683    1.790
47095  3059  1328    2.366    0.867    1.760
47097  3079  1427    2.201    0.800    1.957
47098  3032  1356      NaN    0.000    0.000
47099  2997  1358      NaN    0.000    0.000
47100  3217  1380    1.494    0.770    1.697
47101  3107  1356      NaN    0.000    0.000
47102  2760  1349      NaN    0.770    1.607
47104  3232  1367    2.940    0.600    1.453
47105  3236  1373      NaN    0.000    0.000
47106  3262  1401      NaN    0.000    0.000
47108  3019  1394      NaN    0.000    0.000
47110  3001  1394      NaN    0.000    0.000
47112  2982  1403      NaN    0.000    0.000
47113  2962  1405      NaN    0.893    2.323
47114  3131  1420    2.424    0.000    0.000
47115  3464  1401      NaN    1.140    2.743
47119  3023  1427      NaN    0.000    0.000
47121  3187  1436    1.061    0.853    1.720
47127  3131  1461      NaN    0.000    0.000
47129  2969  1481    2.308    0.840    2.370
47130  3296  1459      NaN    0.000    0.000
47131  3074  1498      NaN    0.000    0.000
47133  3066  1528      NaN    0.000    0.000
47135  3135  1545    1.384    0.623    2.137
47136  3215  1506    2.808    0.657    2.167
47137  3154  1524    2.670    0.643    2.033
47138  3292  1565      NaN    0.000    0.000
47140  2997  1569      NaN    0.000    0.000
47143  3206  1582      NaN    0.000    0.000
47145  3038  1483    2.623    0.677    2.017
47146  3042  1590      NaN    0.000    0.000
47150  2975  1532    2.801    0.750    2.220
47151  3288  1614      NaN    0.000    0.000
47152  3284  1619      NaN    0.000    0.000
47154  3172  1556      NaN    0.000    0.000
47155  3200  1662      NaN    0.000    0.000
47156  3012  1662      NaN    0.000    0.000
47157  3126  1606    3.262    0.587    2.230
47159  3253  1670      NaN    0.000    0.000
47162  3186  1698      NaN    0.000    0.000
47163  2954  1683      NaN    0.000    0.000
47165  2956  1702      NaN    0.000    0.000
47167  3094  1700      NaN    0.000    0.000
47168  3107  1711      NaN    0.000    0.000
47169  2851  1716      NaN    0.970    1.893
47170  2991  1750      NaN    1.203    1.950
47171  3010  1619      NaN    0.000    0.000
47172  2991  1632      NaN    0.713    2.363
47173  3062  1636    2.659    0.630    2.150
47174  3051  1674      NaN    0.590    2.180
47175  2948  1741    1.489    0.837    2.183
47182  2969  1847      NaN    0.000    0.000
47184  2971  1849      NaN    0.000    0.000
47185  2930  1873      NaN    0.000    0.000
47188  3010  1862      NaN    1.017    2.090
47189  2975  1879      NaN    0.000    0.000
47192  3150  1659      NaN    0.000    0.000
47401  4670   514      NaN    0.000    0.000
47402  4770   568    1.604    0.633    0.883
47404  4671   632      NaN    0.000    0.000
47405  4813   608    1.717    0.683    1.000
47406  4664   679      NaN    0.000    0.000
47407  4746   701      NaN    0.000    0.000
47409  4961   671      NaN    0.983    1.460
47411  4595   764      NaN    0.000    0.000
47412  4630   778      NaN    0.000    0.000
47413  4681   761      NaN    0.793    1.037
47417  4841   794      NaN    0.000    0.000
47418  4972   787      NaN    0.000    0.000
47421  4505   807      NaN    0.773    1.170
47423  4591   862      NaN    0.000    0.000
47424  4655   828      NaN    0.000    0.000
47426  4793   878    2.018    0.000    0.000
47428  4494   912      NaN    0.000    0.000
47430  4565   918      NaN    0.000    0.000
47433  4565   796      NaN    0.000    0.000
47435  4856   634      NaN    0.000    0.000
47440  4852   863      NaN    0.000    0.000
47512  4673  1226    2.811    0.817    1.530
47520  4516  1261    2.030    0.677    1.143
47570  4472  1403      NaN    0.000    0.000
47574  4474  1048      NaN    0.710    1.110
47575  4567  1030      NaN    0.000    0.000
47576  4617   977    2.048    0.647    1.060
47581  4651  1061      NaN    0.000    0.000
47582  4492  1153      NaN    0.000    0.000
47584  4612  1155      NaN    0.000    0.000
47585  4701  1160    1.612    0.707    1.413
47587  4464  1242      NaN    0.000    0.000
47588  4520  1317      NaN    0.000    0.000
47590  4582  1315      NaN    0.000    0.000
47592  4627  1296      NaN    0.000    0.000
47595  4533  1371      NaN    0.000    0.000
47597  4505  1442      NaN    0.000    0.000
47598  4582  1463      NaN    0.000    0.000
47600  4134  1412      NaN    0.000    0.000
47602  4283  1341      NaN    0.000    0.000
47604  4375  1354      NaN    0.000    0.000
47605  4104  1504      NaN    0.000    0.000
47606  4151  1479      NaN    0.000    0.000
47607  4167  1489      NaN    0.000    0.000
47610  4279  1494      NaN    0.000    0.000
47612  4285  1446    2.295    0.717    1.217
47615  4466  1507      NaN    0.000    0.000
47616  4057  1563      NaN    0.000    0.000
47617  4173  1552      NaN    0.000    0.000
47618  4253  1541      NaN    0.000    0.000
47620  4270  1563      NaN    0.000    0.000
47622  4319  1530      NaN    0.000    0.000
47624  4376  1524      NaN    0.000    0.000
47626  4412  1552      NaN    0.000    0.000
47629  4533  1526      NaN    0.000    0.000
47631  4040  1608      NaN    0.000    0.000
47632  4119  1636      NaN    0.000    0.000
47636  4141  1662      NaN    0.000    0.000
47637  4236  1623      NaN    0.000    0.000
47638  4319  1606      NaN    0.000    0.000
47639  4339  1640    3.181    0.000    0.000
47640  4343  1625      NaN    0.000    0.000
47641  4376  1571      NaN    0.000    0.000
47648  4576  1599      NaN    0.000    0.000
47649  4050  1707      NaN    0.000    0.000
47651  4091  1711      NaN    0.000    0.000
47653  4156  1722      NaN    0.000    0.000
47654  4225  1713      NaN    0.000    0.000
47655  4281  1726      NaN    0.000    0.000
47656  4302  1683      NaN    0.000    0.000
47657  4362  1668      NaN    0.000    0.000
47662  4455  1604      NaN    0.000    0.000
47663  4055  1786      NaN    1.020    1.650
47666  4352  1726      NaN    0.000    0.000
47668  4380  1675      NaN    0.787    2.397
47670  4442  1632      NaN    0.000    0.000
47672  4466  1683      NaN    0.000    0.000
47674  4516  1664      NaN    0.940    2.920
47675  4410  1709    3.080    0.000    0.000
47677  4427  1780      NaN    1.030    2.577
47678  4457  1892    2.759    1.060    2.933
47682  4492  1614      NaN    0.000    0.000
47684  4098  1688      NaN    0.000    0.000
47690  4425  1487      NaN    0.763    1.570
47740  3734  1547      NaN    0.943    1.860
47741  3704  1631      NaN    0.000    0.000
47742  3723  1619      NaN    0.000    0.000
47744  3734  1632      NaN    0.000    0.000
47746  3835  1627      NaN    0.000    0.000
47747  3900  1621    2.523    0.997    2.060
47750  3956  1631      NaN    0.893    1.713
47754  3518  1746      NaN    0.000    0.000
47755  3592  1692      NaN    0.000    0.000
47756  3811  1674      NaN    0.000    0.000
47759  4003  1679      NaN    0.000    0.000
47761  4061  1649      NaN    0.000    0.000
47762  3466  1799      NaN    0.000    0.000
47765  3637  1748      NaN    0.000    0.000
47766  3647  1767      NaN    0.000    0.000
47767  3725  1743      NaN    0.000    0.000
47768  3800  1718      NaN    0.000    0.000
47769  3884  1700      NaN    0.000    0.000
47770  3945  1715      NaN    0.000    0.000
47772  3979  1716      NaN    0.000    0.000
47776  3910  1756      NaN    0.827    2.123
47777  3940  1767      NaN    0.000    0.000
47778  4007  1855      NaN    0.967    2.097
47780  4014  1715      NaN    0.000    0.000
47784  3523  1774      NaN    0.000    0.000
47800  3283  1771      NaN    0.000    0.000
47805  3311  1864      NaN    0.000    0.000
47807  3404  1840      NaN    0.000    0.000
47809  3439  1832      NaN    0.000    0.000
47812  3331  1886      NaN    0.000    0.000
47813  3395  1875      NaN    0.000    0.000
47814  3466  1870      NaN    0.000    0.000
47815  3542  1879      NaN    0.000    0.000
47817  3346  1935      NaN    0.000    0.000
47818  3391  1935    4.340    1.387    2.053
47819  3439  1926      NaN    0.000    0.000
47821  3480  1918    2.685    0.900    2.160
47822  3546  1952      NaN    0.000    0.000
47823  3383  2013      NaN    0.000    0.000
47824  3445  1993      NaN    0.000    0.000
47827  3423  2067      NaN    0.000    0.000
47829  3482  2047      NaN    0.000    0.000
47830  3520  2024      NaN    0.000    0.000
47831  3395  2099      NaN    1.077    2.577
47835  3518  2064    4.089    0.877    2.343
47836  3436  2198      NaN    1.090    2.727
47837  3471  2161      NaN    0.000    0.000
47838  3365  1995      NaN    0.000    0.000
47842  3176  2019      NaN    0.000    0.000
47843  3230  1939      NaN    0.000    0.000
47887  3673  1810      NaN    0.000    0.000
47890  3781  1761      NaN    0.000    0.000
47891  3815  1758      NaN    0.000    0.000
47892  3647  1879      NaN    0.000    0.000
47893  3759  1842      NaN    0.000    0.000
47895  3872  1786      NaN    0.000    0.000
47897  3663  1914      NaN    0.000    0.000
47898  3699  1937      NaN    0.000    0.000
47899  3830  1877      NaN    0.000    0.000
47909  3305  2422      NaN    1.170    3.047
47912  2579  2861      NaN    2.493    2.980
47917  2663  2864      NaN    0.000    0.000
47918  2708  2876      NaN    0.000    0.000
47927  2833  2823      NaN    0.000    0.000
47929  3003  2652      NaN    1.687    3.707
47936  3102  2667      NaN    0.000    0.000
47940  3133  2622      NaN    0.000    0.000
47942  3215  2528      NaN    1.513    3.373
47945  3499  2708      NaN    1.960    3.393
47971  4726  2566      NaN    0.000    0.000
48803   445  3081    3.624    1.737    3.223
48806   438  3212    1.564    2.480    3.730
48808   701  3062    3.803    1.677    3.567
48820   651  3245      NaN    0.000    0.000
48823   690  3312    3.505    0.917    1.577
48826   744  3271    2.628    1.650    4.220
48830   759  3156    4.073    1.617    3.867
48839   865  3346      NaN    0.000    0.000
48921   212  3178    2.869    2.910    3.777
48924   165  3243    4.132    3.147    4.070
48925   225  3284    2.659    2.527    3.877
48927   475  3314    2.347    2.310    3.437
50527  2213    89      NaN    0.000    0.000
50548  2657    91      NaN    0.707    1.083
50557  2827    94    0.569    0.680    0.910
50564  3064    64    0.675    0.537    0.723
50603  1884   150    0.627    0.810    1.333
50632  2456   139    0.005    0.567    0.840
50658  2900   219    0.611    0.000    0.000
50727  2234   318    1.036    0.617    0.847
50745  2680   294      NaN    0.000    0.000
50756  3021   288    0.779    0.640    0.983
50774  3238   257    1.609    0.413    0.697
50788  3583   311    0.816    0.587    0.823
50844  2624   404    0.963    0.777    1.683
50854  2836   406    0.928    0.697    1.230
50888  3606   414    1.061    0.577    0.920
50915  1901   503    0.883    0.810    1.650
50949  2786   552    0.946    0.767    1.467
50953  2999   477    0.789    0.677    1.157
50963  3219   453    0.926    0.610    0.997
50968  3133   537      NaN    0.000    0.000
50978  3466   527      NaN    0.000    0.000
50983  3693   475      NaN    0.000    0.000
52267   120   903      NaN    0.000    0.000
52378   266   968      NaN    0.000    0.000
52495   505  1037      NaN    0.000    0.000
52652    50  1240      NaN    0.000    0.000
52681   346  1274    1.567    0.300    3.777
52754    16  1420    1.932    0.973    2.167
52787   322  1435    1.853    0.830    2.337
52866   199  1500      NaN    0.000    0.000
52889   436  1563      NaN    0.000    0.000
52955    85  1616    1.937    0.897    2.673
52983   466  1584    2.252    0.717    2.600
52996   561  1638    2.227    0.987    2.360
53068  1345   712      NaN    0.740    2.217
53083  1586   604    0.703    0.803    1.667
53149  1136   837      NaN    0.617    2.490
53192  1675   671    0.981    0.807    1.790
53231   716   959      NaN    0.000    0.000
53276  1446   852      NaN    0.737    2.307
53336   955   946      NaN    0.633    2.703
53352  1170   931    1.332    0.710    2.290
53391  1569   908    1.210    0.810    2.080
53463  1310  1030      NaN    0.000    0.000
53480  1464  1005    1.769    0.777    2.250
53487  1494  1110      NaN    0.000    0.000
53502   645  1145      NaN    0.320    3.277
53513   830  1035      NaN    0.000    0.000
53529   895  1222      NaN    0.517    3.187
53543  1119  1140      NaN    0.000    0.000
53564  1250  1190      NaN    0.597    2.840
53588  1515  1239    0.178    0.650    2.867
53593  1632  1140      NaN    0.000    0.000
53614   695  1293    1.785    0.347    3.393
53646  1097  1315    1.754    0.573    3.093
53673  1423  1261      NaN    0.000    0.000
53698  1616  1341      NaN    0.000    0.000
53705   638  1403    2.079    0.427    3.447
53723   828  1367    1.793    0.560    3.147
53764  1244  1401      NaN    0.000    0.000
53772  1407  1369      NaN    0.000    0.000
53787  1455  1450    2.298    0.513    3.227
53798  1625  1450      NaN    0.000    0.000
53845  1065  1502    2.431    0.503    3.247
53863  1336  1453      NaN    0.000    0.000
53898  1614  1563    2.517    0.303    3.827
53915   748  1619      NaN    0.000    0.000
53923   856  1599      NaN    0.000    0.000
53959  1239  1675    2.410    0.487    3.303
53975  1390  1627      NaN    0.000    0.000
54012  1972   608    1.040    0.827    1.613
54026  2342   610      NaN    0.647    2.283
54027  2174   675    1.187    0.720    2.080
54049  2685   645    0.965    0.803    1.670
54094  3316   610      NaN    0.000    0.000
54096  3490   630      NaN    0.000    0.000
54102  1806   679    0.990    0.813    1.763
54115  2024   718    1.391    0.743    2.023
54135  2495   718      NaN    0.640    2.327
54157  2726   764    1.335    0.837    1.663
54161  2825   684      NaN    0.000    0.000
54186  3159   744      NaN    0.000    0.000
54208  1845   876    1.356    0.790    1.873
54218  2125   867      NaN    0.000    0.000
54226  2319   860    1.433    0.523    2.407
54236  2525   850    1.383    0.657    2.350
54259  2795   886    1.757    0.827    1.317
54273  2997   787    1.293    0.737    1.067
54292  3305   800    1.402    0.663    1.347
54308  1864   987    1.692    0.600    2.627
54311  1989   904      NaN    0.000    0.000
54324  2291   947    1.623    0.477    2.930
54337  2366   994      NaN    0.000    0.000
54342  2635   927    1.343    0.790    2.067
54346  2665   974      NaN    0.000    0.000
54374  3016   929    0.210    0.570    0.937
54377  2930   998    1.797    0.740    1.160
54386  3156   970    1.718    0.633    0.943
54401  1668  1033      NaN    0.000    0.000
54405  1737  1074      NaN    0.000    0.000
54423  2011  1011      NaN    0.000    0.000
54436  2123  1076    2.112    0.483    2.800
54471  2484  1046      NaN    0.000    0.000
54493  2777  1041    2.079    0.883    1.507
54497  2726  1115      NaN    0.000    0.000
54511  1825  1128      NaN    0.000    0.000
54527  1924  1222      NaN    0.000    0.000
54534  2028  1160      NaN    0.000    0.000
54539  2118  1184      NaN    0.000    0.000
54587  2601  1227      NaN    0.000    0.000
54602  1744  1250      NaN    0.000    0.000
54618  1855  1336      NaN    0.000    0.000
54662  2424  1244      NaN    0.000    0.000
54715  1856  1420      NaN    0.000    0.000
54725  1965  1401    2.483    0.380    2.910
54751  2321  1352      NaN    0.000    0.000
54753  2276  1388      NaN    0.000    0.000
54776  2542  1412      NaN    0.987    2.640
54808  1756  1543    2.883    0.357    3.590
54823  1911  1502    2.450    0.387    3.270
54826  1916  1541      NaN    0.000    0.000
54836  2034  1548      NaN    0.000    0.000
54843  2150  1483      NaN    0.000    0.000
54857  2278  1562      NaN    0.000    0.000
54863  2374  1483    2.082    0.747    2.750
54909  1744  1674    3.023    0.377    3.187
54916  1888  1618      NaN    0.000    0.000
54929  2011  1653    2.753    0.537    2.833
54945  2189  1632    2.471    0.000    0.000
56065   180  1711    1.968    1.233    2.223
56079   333  1840    2.516    1.193    2.383
56080   326  1681    2.545    1.263    2.193
56096   552  1860    2.612    0.000    0.000
56146     1  2060    2.657    1.257    2.710
56152    38  1985    2.349    1.190    2.517
56167   126  2131    3.077    1.103    2.760
56172   251  2028    1.535    0.967    2.727
56182   400  1944    2.964    1.357    2.467
56187   430  2163      NaN    0.827    2.253
56193   507  1970    2.075    1.047    1.823
56196   531  2079      NaN    0.000    0.000
56257    31  2241    2.884    1.100    2.997
56287   337  2243    3.223    1.533    2.510
56357    35  2347    2.779    1.010    3.263
56374   221  2235    1.250    0.840    2.527
56385   374  2295    3.813    1.380    2.387
56462   169  2353    2.202    0.527    3.010
56492   516  2375    2.889    0.913    3.517
56571   255  2476      NaN    0.000    0.000
56586   421  2540    3.130    1.400    2.613
56651    25  2596    4.270    0.413    3.807
56671   253  2616    3.863    0.713    4.390
56684   369  2642    4.112    1.290    3.480
56691   481  2592    3.500    1.553    2.843
56751    22  2723      NaN    0.760    3.660
56763   210  2719    0.025    1.060    3.543
56768   171  2799    0.416    1.473    3.497
56778   302  2799      NaN    0.000    0.000
56786   430  2736    3.315    1.310    3.060
56886   423  2853    3.631    1.653    3.090
56951    25  2919      NaN    2.667    3.907
56959    89  3137      NaN    0.000    0.000
56964   111  3051    3.837    1.853    3.537
56966   223  2958    0.206    1.630    3.287
56969   178  3193    1.874    2.520    3.870
56977   204  3068    4.129    2.397    3.493
56985   380  2982      NaN    0.000    0.000
57006   645  1728      NaN    0.000    0.000
57014   658  1730      NaN    0.000    0.000
57016   800  1754      NaN    0.000    0.000
57025   828  1735    3.350    0.643    2.740
57046  1130  1739    2.775    0.623    3.480
57067  1237  1787    2.773    0.553    2.860
57071  1394  1702    2.853    0.403    3.453
57083  1530  1713      NaN    0.000    0.000
57127   789  1898    2.740    0.000    0.000
57131  1005  1744      NaN    0.520    3.313
57178  1410  1901      NaN    0.000    0.000
57193  1627  1817    3.207    0.383    3.663
57237   901  2010    3.307    0.993    2.443
57245  1013  1937      NaN    0.000    0.000
57259  1207  2013    3.282    0.650    2.423
57265  1308  1974      NaN    0.000    0.000
57279  1420  2000    2.864    0.573    3.367
57290  1571  1905      NaN    0.000    0.000
57297  1575  2002      NaN    0.000    0.000
57306   669  2064      NaN    1.053    3.220
57328   841  2107      NaN    0.000    0.000
57348  1069  2127    3.363    1.047    2.503
57378  1408  2110      NaN    0.590    1.990
57399  1677  2108    2.938    0.677    3.197
57411   682  2151      NaN    0.000    0.000
57426   875  2164    2.784    1.160    2.910
57447  1061  2209    2.364    1.070    2.227
57461  1267  2163      NaN    0.000    0.000
57476  1362  2202      NaN    0.000    0.000
57494  1584  2172      NaN    0.000    0.000
57503   574  2284    2.459    0.890    3.017
57504   567  2288      NaN    0.000    0.000
57516   725  2288      NaN    0.000    0.000
57554  1140  2308    3.111    1.033    2.517
57584  1466  2310      NaN    0.000    0.000
57598  1634  2349    2.276    0.973    3.210
57602   610  2366      NaN    0.000    0.000
57604   604  2377    2.556    1.057    3.190
57633   983  2372    3.007    1.340    2.523
57655  1166  2413    3.527    1.027    3.233
57662  1310  2347      NaN    0.000    0.000
57687  1442  2439      NaN    0.000    0.000
57707   587  2543    3.468    1.580    2.507
57712   779  2495    2.479    1.323    2.360
57713   772  2499    2.759    1.340    2.450
57731   925  2471    3.357    1.453    2.633
57745  1086  2527    3.097    1.210    3.217
57766  1285  2551    3.079    1.147    3.580
57776  1423  2543    3.789    1.427    3.213
57793  1612  2487    3.464    0.000    0.000
57799  1677  2564      NaN    0.000    0.000
57816   755  2624      NaN    0.000    0.000
57832   972  2581    3.583    1.433    2.903
57845  1097  2670    3.733    1.273    2.927
57853  1192  2607    3.591    1.403    3.293
57866  1302  2663      NaN    0.000    0.000
57902   582  2752    2.758    1.750    2.800
57916   759  2752    2.879    1.480    3.103
57922   847  2708    3.116    1.417    2.737
57932   957  2693    3.532    1.453    3.093
57957  1155  2764    3.394    1.267    3.523
57972  1461  2711    3.597    1.293    3.587
57993  1681  2704    3.576    1.193    3.307
58027  1922  1761      NaN    0.000    0.000
58040  2144  1698      NaN    0.000    0.000
58102  1767  1806      NaN    0.000    0.000
58141  2133  1830    2.889    0.597    2.900
58144  2133  1838      NaN    0.000    0.000
58150  2269  1819    2.996    0.710    3.180
58203  1763  1920    3.004    0.580    3.083
58208  1750  1998    2.974    0.637    3.140
58221  1948  1914    3.154    0.683    3.187
58238  2118  2024    2.670    0.737    3.253
58251  2273  1922      NaN    0.000    0.000
58265  2420  2010    2.973    0.000    0.000
58314  1830  2084      NaN    0.000    0.000
58321  1939  2041    2.712    0.757    3.333
58338  2082  2112    3.004    0.850    3.463
58345  2183  2080      NaN    0.000    0.000
58362  2403  2082      NaN    0.000    0.000
58424  1911  2181      NaN    0.000    0.000
58437  2034  2226    3.768    0.963    3.097
58457  2260  2215      NaN    0.000    0.000
58472  2515  2159      NaN    0.000    0.000
58477  2478  2237    1.816    0.000    0.000
58506  1791  2288    3.361    0.867    3.510
58527  1927  2319      NaN    0.000    0.000
58543  2131  2284      NaN    0.000    0.000
58556  2332  2286      NaN    0.000    0.000
58569  2459  2331      NaN    0.000    0.000
58606  1784  2398    2.940    0.787    3.880
58633  2114  2357      NaN    0.000    0.000
58646  2232  2415    3.577    1.027    2.567
58660  2368  2370      NaN    0.000    0.000
58666  2452  2415      NaN    1.387    2.423
58715  1866  2512    3.541    1.030    3.363
58725  1957  2540    2.478    1.140    2.480
58730  2021  2491    2.841    0.967    2.550
58731  2077  2474    3.637    0.947    2.433
58752  2314  2489    3.199    0.000    0.000
58754  2263  2540      NaN    0.000    0.000
58813  1830  2594    3.430    1.037    3.043
58834  2034  2618      NaN    1.530    2.513
58847  2161  2680      NaN    0.000    0.000
58849  2234  2670      NaN    1.750    3.687
58853  2319  2577      NaN    0.000    0.000
58911  1834  2706    3.937    1.087    2.923
58921  1944  2693    4.147    0.000    0.000
58926  1950  2767      NaN    1.803    2.857
58931  2028  2721    2.688    1.643    2.833
58944  2217  2743      NaN    0.000    0.000
58968  2411  2797      NaN    0.000    0.000
58974  2472  2730      NaN    0.000    0.000
59007   568  2906    3.515    1.740    3.150
59023   901  2835    3.798    1.353    3.667
59046  1054  2874      NaN    0.000    0.000
59058  1179  2891    3.801    1.273    3.637
59072  1386  2823      NaN    0.000    0.000
59082  1524  2838    3.621    1.590    3.013
59087  1515  2926      NaN    0.000    0.000
59096  1623  2872    3.947    1.350    3.220
59102  1754  2807    3.585    1.257    2.957
59117  1806  2879      NaN    0.000    0.000
59134  2026  2859      NaN    0.000    0.000
59152  2349  2823      NaN    0.000    0.000
59158  2318  2896      NaN    0.000    0.000
59162  2437  2827      NaN    0.000    0.000
59209   667  2991    4.331    1.677    3.377
59211   740  2924    3.135    0.730    1.233
59254  1130  2980      NaN    0.000    0.000
59265  1267  2971    3.971    1.073    4.053
59278  1397  3019    4.008    0.000    0.000
59287  1494  3006      NaN    0.000    0.000
59293  1651  2935    3.360    1.130    3.840
59316  1870  2980      NaN    0.000    0.000
59348  2204  2995      NaN    1.150    4.487
59353  2331  2967    3.850    1.953    3.373
59358  2265  3025      NaN    0.000    0.000
59362  2422  2911      NaN    0.000    0.000
59368  2394  3014      NaN    0.000    0.000
59417   757  3096    3.306    2.283    3.810
59431   921  3066    3.898    1.287    3.973
59456  1226  3098    3.888    1.443    3.933
59493  1580  3075      NaN    0.000    0.000
59501  1722  3049      NaN    0.000    0.000
59554  2271  3068      NaN    0.000    0.000
59556  2342  3098      NaN    0.000    0.000
59559  2325  3137    2.884    2.253    3.573
59562  2370  3053      NaN    0.000    0.000
59567  2415  3133      NaN    0.000    0.000
59632   966  3143    3.428    1.310    4.350
59644  1020  3195      NaN    0.000    0.000
59658  1155  3232    1.275    2.077    3.670
59663  1341  3156    2.964    1.310    3.937
59673  1431  3167      NaN    0.000    0.000
59758  1149  3361      NaN    0.000    0.000
59792  1873  3286      NaN    0.000    0.000
