30949  1341    50    4.558    0.917    6.993
30967  1765    12    4.123    0.287    7.947
30978  2060    20    4.278    0.663    7.473
31583  3352    25    6.205    3.197    5.423
31587  3210    44    7.072    4.813    6.183
31594  3370    66    6.237    2.640    5.517
31618  3637   111    6.714    2.887    4.593
31624  3723    68    4.994    3.310    4.810
31632  3880     8    7.242    2.460    4.613
31636  3891    51    6.655    3.313    4.810
31655  4096    63      NaN    2.437    4.843
31702  3482   113    6.178    3.847    5.140
31703  3555   113    6.004    3.750    5.003
31707  3469   255    5.659    2.467    5.657
31710  3654   231    4.804    3.587    5.093
31713  3691   143    4.686    3.950    5.057
31725  3790   156    6.115    4.320    5.447
31733  4020   134      NaN    5.977    6.390
31735  3940   167    6.328    2.727    4.840
31754  4151   158    6.899    2.227    4.003
31770  4515   113      NaN    2.460    3.767
31786  3900   275    5.862    3.560    5.003
31788  3846   320    5.328    2.573    4.837
31792  3992   251    5.883    2.473    4.740
31801  4054   262    5.752    3.120    4.630
31823  4429   229      NaN    0.000    0.000
31825  4302   270    5.211    2.527    3.967
31829  4367   302      NaN    0.000    0.000
31832  3839   359    4.965    2.897    4.880
31845  3956   389    4.464    3.337    4.760
31866  4294   389    7.785    2.910    4.263
31873  3779   464    5.555    3.550    5.153
31878  3757   552    4.647    3.343    5.327
31884  3839   514    6.340    2.627    4.813
31909  4100   561    4.961    2.890    5.023
31913  3583   537      NaN    0.000    0.000
31915  3516   628    5.821    2.057    5.470
31917  3508   669    3.474    2.337    5.760
31921  3592   593      NaN    2.477    5.963
31924  3592   624    4.828    2.763    5.643
31931  3706   583    5.083    3.467    5.390
31935  3751   626    4.371    3.677    5.487
31939  3794   656    4.853    2.557    5.153
31958  3971   645    6.228    3.873    5.103
31959  4016   632      NaN    0.000    0.000
31960  3578   772      NaN    0.000    0.000
31961  3581   686    5.207    2.770    5.630
31969  3451   824      NaN    0.000    0.000
31977  3591   755      NaN    2.847    5.507
31981  3704   677    5.150    2.030    5.533
31987  3699   768    5.976    2.193    5.630
31989  3798   796      NaN    0.000    0.000
31994  3828   720    6.262    3.350    5.357
32088  4709   106      NaN    0.000    0.000
32098  4828    89      NaN    0.000    0.000
32099  5011   152      NaN    0.000    0.000
32121  4727   227      NaN    0.000    0.000
32128  4711   331      NaN    0.000    0.000
32133  4795   300    4.219    2.363    3.740
32150  4785   343    6.251    0.000    0.000
44230   225    50    4.571    0.880    6.647
44231    20    42    4.863    0.980    6.183
44232   303    70    4.697    1.510    6.490
44237   156   165    3.911    1.073    5.983
44239   399   135    4.727    1.347    6.367
44241   680   122    4.923    1.150    7.000
44256  1614    51    3.982    0.300    7.477
44259  1631   216    4.521    0.257    7.947
44282   165   287    5.422    0.973    5.960
44284    16   371    4.480    0.800    6.180
44285   311   348    3.670    0.647    6.257
44287    78   434    4.653    0.520    7.427
44288   313   419    3.557    0.530    7.040
44292   770   234      NaN    0.000    0.000
44294   839   303    4.200    0.357    7.410
44298   921   399    4.110    0.237    7.770
44302  1358   249    4.295    1.067    7.090
44304  1192   302    4.345    0.453    7.747
44305  1489   372    4.596    0.297    7.617
44313  2086   268    4.338    0.190    8.310
44314  1752   318    5.052    0.543    7.603
44317  1722   460    4.651    0.290    7.693
44336   438   511      NaN    0.133    8.297
44341   705   475    3.837    0.203    8.017
44347   596   626      NaN    0.090    8.587
44352  1386   479    4.514    0.193    8.217
44354  1134   572    3.735    0.080    8.523
44358  1334   703    3.708    0.133    8.357
44373   496   720      NaN    0.000    0.000
45004  1588  3102      NaN    0.000    0.000
45005  1588  3103      NaN    0.000    0.000
45007  1560  3102      NaN    0.000    0.000
45011  1520  3118      NaN    0.000    0.000
45013  1520  3118      NaN    0.000    0.000
45018  1520  3122      NaN    0.000    0.000
45020  1517  3116      NaN    0.000    0.000
45031  1618  3075      NaN    3.097    6.240
45032  1586  3077    0.005    2.867    5.430
45033  1603  3077      NaN    3.340    6.367
45034  1595  3083    0.727    4.037    5.837
45035  1567  3085      NaN    0.000    0.000
45036  1608  3085      NaN    0.000    0.000
45037  1590  3087      NaN    0.000    0.000
45038  1565  3092      NaN    0.000    0.000
45039  1591  3092      NaN    0.000    0.000
45040  1599  3094      NaN    0.000    0.000
45041  1597  3102      NaN    0.000    0.000
45042  1558  3103      NaN    0.000    0.000
45043  1588  3109      NaN    0.000    0.000
45044  1571  3115      NaN    0.000    0.000
45045  1603  3116      NaN    0.000    0.000
47003  3406   862      NaN    1.910    6.213
47005  3171   918    7.537    2.147    5.023
47008  3340   921      NaN    0.000    0.000
47014  3012   921    6.953    2.360    5.257
47016  3156   964      NaN    0.000    0.000
47020  2980  1013    6.766    2.583    5.057
47022  3154  1030    8.299    2.070    4.847
47025  3271  1046      NaN    1.593    6.490
47028  2794  1071      NaN    1.920    5.243
47031  3053  1080    7.426    2.407    4.740
47035  2732  1110      NaN    0.000    0.000
47037  2829  1123    6.761    1.830    4.980
47039  2941  1102    6.675    2.203    5.200
47041  3087  1128    6.270    1.657    5.830
47046  3158  1117    8.370    0.000    0.000
47050  2874  1164      NaN    1.700    5.473
47052  2986  1209    6.769    2.103    4.950
47055  3074  1212      NaN    1.167    6.133
47058  2889  1229      NaN    0.000    0.000
47060  2844  1265      NaN    0.000    0.000
47061  3158  1263    7.946    0.000    0.000
47065  2887  1287      NaN    0.000    0.000
47067  2973  1289    5.534    1.567    5.413
47068  2788  1328    5.553    2.573    5.010
47069  2879  1341      NaN    1.503    5.443
47070  2976  1349    6.454    1.297    5.643
47075  3057  1298    5.888    1.427    5.143
47090  3200  1317      NaN    0.000    0.000
47092  3212  1338    8.083    2.690    6.500
47095  3059  1328    6.214    2.417    5.627
47097  3079  1427    5.294    2.007    5.697
47098  3032  1356      NaN    0.000    0.000
47099  2997  1358      NaN    0.000    0.000
47100  3217  1380    4.777    1.850    5.877
47101  3107  1356      NaN    0.000    0.000
47102  2760  1349      NaN    4.020    5.357
47104  3232  1367    7.192    2.580    6.207
47105  3236  1373      NaN    0.000    0.000
47106  3262  1401      NaN    0.000    0.000
47108  3019  1394      NaN    0.000    0.000
47110  3001  1394      NaN    0.000    0.000
47112  2982  1403      NaN    0.000    0.000
47113  2962  1405      NaN    1.353    5.153
47114  3131  1420    6.357    0.000    0.000
47115  3464  1401      NaN    4.300    5.997
47119  3023  1427      NaN    0.000    0.000
47121  3187  1436    4.546    2.353    5.660
47127  3131  1461      NaN    0.000    0.000
47129  2969  1481    6.324    1.570    5.743
47130  3296  1459      NaN    0.000    0.000
47131  3074  1498      NaN    0.000    0.000
47133  3066  1528      NaN    0.000    0.000
47135  3135  1545    4.523    3.117    5.853
47136  3215  1506    6.678    2.683    5.883
47137  3154  1524    7.367    2.703    6.057
47138  3292  1565      NaN    0.000    0.000
47140  2997  1569      NaN    0.000    0.000
47143  3206  1582      NaN    0.000    0.000
47145  3038  1483    6.166    2.630    5.753
47146  3042  1590      NaN    0.000    0.000
47150  2975  1532      NaN    1.793    5.813
47151  3288  1614      NaN    0.000    0.000
47152  3284  1619      NaN    0.000    0.000
47154  3172  1556      NaN    0.000    0.000
47155  3200  1662      NaN    0.000    0.000
47156  3012  1662      NaN    0.000    0.000
47157  3126  1606    7.288    2.450    5.483
47159  3253  1670      NaN    0.000    0.000
47162  3186  1698      NaN    0.000    0.000
47163  2954  1683      NaN    0.000    0.000
47165  2956  1702      NaN    0.000    0.000
47167  3094  1700      NaN    0.000    0.000
47168  3107  1711      NaN    0.000    0.000
47169  2851  1716      NaN    3.447    4.293
47170  2991  1750      NaN    4.530    5.947
47171  3010  1619      NaN    0.000    0.000
47172  2991  1632      NaN    1.870    5.707
47173  3062  1636    6.635    2.737    5.593
47174  3051  1674      NaN    2.767    5.480
47175  2948  1741    3.780    4.130    5.613
47182  2969  1847      NaN    0.000    0.000
47184  2971  1849      NaN    0.000    0.000
47185  2930  1873      NaN    0.000    0.000
47188  3010  1862      NaN    3.353    4.970
47189  2975  1879      NaN    0.000    0.000
47192  3150  1659      NaN    0.000    0.000
47401  4670   514      NaN    0.000    0.000
47402  4770   568    9.837    2.960    4.920
47404  4671   632      NaN    0.000    0.000
47405  4813   608      NaN    2.483    5.287
47406  4664   679      NaN    0.000    0.000
47407  4746   701      NaN    0.000    0.000
47409  4961   671      NaN    2.360    5.947
47411  4595   764      NaN    0.000    0.000
47412  4630   778      NaN    0.000    0.000
47413  4681   761      NaN    3.213    4.937
47417  4841   794      NaN    0.000    0.000
47418  4972   787      NaN    0.000    0.000
47421  4505   807      NaN    3.287    4.577
47423  4591   862      NaN    0.000    0.000
47424  4655   828      NaN    0.000    0.000
47426  4793   878    6.690    0.000    0.000
47428  4494   912      NaN    0.000    0.000
47430  4565   918      NaN    0.000    0.000
47433  4565   796      NaN    0.000    0.000
47435  4856   634      NaN    0.000    0.000
47440  4852   863      NaN    0.000    0.000
47512  4673  1226    7.653    3.563    5.910
47520  4516  1261    6.504    2.733    5.360
47570  4472  1403      NaN    0.000    0.000
47574  4474  1048      NaN    3.380    5.293
47575  4567  1030      NaN    0.000    0.000
47576  4617   977    6.303    2.533    5.483
47581  4651  1061      NaN    0.000    0.000
47582  4492  1153      NaN    0.000    0.000
47584  4612  1155      NaN    0.000    0.000
47585  4701  1160    6.280    2.860    5.860
47587  4464  1242      NaN    0.000    0.000
47588  4520  1317      NaN    0.000    0.000
47590  4582  1315      NaN    0.000    0.000
47592  4627  1296      NaN    0.000    0.000
47595  4533  1371      NaN    0.000    0.000
47597  4505  1442      NaN    0.000    0.000
47598  4582  1463      NaN    0.000    0.000
47600  4134  1412      NaN    0.000    0.000
47602  4283  1341      NaN    0.000    0.000
47604  4375  1354      NaN    0.000    0.000
47605  4104  1504      NaN    0.000    0.000
47606  4151  1479      NaN    0.000    0.000
47607  4167  1489      NaN    0.000    0.000
47610  4279  1494      NaN    0.000    0.000
47612  4285  1446    5.232    2.793    5.713
47615  4466  1507      NaN    0.000    0.000
47616  4057  1563      NaN    0.000    0.000
47617  4173  1552      NaN    0.000    0.000
47618  4253  1541      NaN    0.000    0.000
47620  4270  1563      NaN    0.000    0.000
47622  4319  1530      NaN    0.000    0.000
47624  4376  1524      NaN    0.000    0.000
47626  4412  1552      NaN    0.000    0.000
47629  4533  1526      NaN    0.000    0.000
47631  4040  1608      NaN    0.000    0.000
47632  4119  1636      NaN    0.000    0.000
47636  4141  1662      NaN    0.000    0.000
47637  4236  1623      NaN    0.000    0.000
47638  4319  1606      NaN    0.000    0.000
47639  4339  1640    8.925    0.000    0.000
47640  4343  1625      NaN    0.000    0.000
47641  4376  1571      NaN    0.000    0.000
47648  4576  1599      NaN    0.000    0.000
47649  4050  1707      NaN    0.000    0.000
47651  4091  1711      NaN    0.000    0.000
47653  4156  1722      NaN    0.000    0.000
47654  4225  1713      NaN    0.000    0.000
47655  4281  1726      NaN    0.000    0.000
47656  4302  1683      NaN    0.000    0.000
47657  4362  1668      NaN    0.000    0.000
47662  4455  1604      NaN    0.000    0.000
47663  4055  1786      NaN    2.727    4.843
47666  4352  1726      NaN    0.000    0.000
47668  4380  1675      NaN    4.110    6.187
47670  4442  1632      NaN    0.000    0.000
47672  4466  1683      NaN    0.000    0.000
47674  4516  1664      NaN    3.377    5.620
47675  4410  1709      NaN    0.000    0.000
47677  4427  1780      NaN    4.450    5.403
47678  4457  1892    2.811    3.707    4.583
47682  4492  1614      NaN    0.000    0.000
47684  4098  1688      NaN    0.000    0.000
47690  4425  1487      NaN    2.777    5.387
47740  3734  1547      NaN    4.840    6.397
47741  3704  1631      NaN    0.000    0.000
47742  3723  1619      NaN    0.000    0.000
47744  3734  1632      NaN    0.000    0.000
47746  3835  1627      NaN    0.000    0.000
47747  3900  1621    6.097    3.430    5.300
47750  3956  1631      NaN    3.280    5.260
47754  3518  1746      NaN    0.000    0.000
47755  3592  1692      NaN    0.000    0.000
47756  3811  1674      NaN    0.000    0.000
47759  4003  1679      NaN    0.000    0.000
47761  4061  1649      NaN    0.000    0.000
47762  3466  1799      NaN    0.000    0.000
47765  3637  1748      NaN    0.000    0.000
47766  3647  1767      NaN    0.000    0.000
47767  3725  1743      NaN    0.000    0.000
47768  3800  1718      NaN    0.000    0.000
47769  3884  1700      NaN    0.000    0.000
47770  3945  1715      NaN    0.000    0.000
47772  3979  1716      NaN    0.000    0.000
47776  3910  1756      NaN    2.937    5.570
47777  3940  1767      NaN    0.000    0.000
47778  4007  1855      NaN    3.280    5.323
47780  4014  1715      NaN    0.000    0.000
47784  3523  1774      NaN    0.000    0.000
47800  3283  1771      NaN    0.000    0.000
47805  3311  1864      NaN    0.000    0.000
47807  3404  1840      NaN    0.000    0.000
47809  3439  1832      NaN    0.000    0.000
47812  3331  1886      NaN    0.000    0.000
47813  3395  1875      NaN    0.000    0.000
47814  3466  1870      NaN    0.000    0.000
47815  3542  1879      NaN    0.000    0.000
47817  3346  1935      NaN    0.000    0.000
47818  3391  1935    5.629    2.973    4.907
47819  3439  1926      NaN    0.000    0.000
47821  3480  1918    3.676    3.047    4.527
47822  3546  1952      NaN    0.000    0.000
47823  3383  2013      NaN    0.000    0.000
47824  3445  1993      NaN    0.000    0.000
47827  3423  2067      NaN    0.000    0.000
47829  3482  2047      NaN    0.000    0.000
47830  3520  2024      NaN    0.000    0.000
47831  3395  2099    0.949    3.113    4.377
47835  3518  2064    6.941    2.737    4.780
47836  3436  2198      NaN    3.483    4.727
47837  3471  2161      NaN    0.000    0.000
47838  3365  1995      NaN    0.000    0.000
47842  3176  2019      NaN    0.000    0.000
47843  3230  1939      NaN    0.000    0.000
47887  3673  1810      NaN    0.000    0.000
47890  3781  1761      NaN    0.000    0.000
47891  3815  1758      NaN    0.000    0.000
47892  3647  1879      NaN    0.000    0.000
47893  3759  1842      NaN    0.000    0.000
47895  3872  1786      NaN    0.000    0.000
47897  3663  1914    2.624    0.000    0.000
47898  3699  1937      NaN    0.000    0.000
47899  3830  1877      NaN    0.000    0.000
47909  3305  2422      NaN    3.263    4.697
47912  2579  2861      NaN    5.520    6.780
47917  2663  2864      NaN    0.000    0.000
47918  2708  2876      NaN    0.000    0.000
47927  2833  2823      NaN    0.000    0.000
47929  3003  2652      NaN    4.530    5.420
47936  3102  2667      NaN    0.000    0.000
47940  3133  2622      NaN    0.000    0.000
47942  3215  2528      NaN    4.220    5.187
47945  3499  2708      NaN    4.597    5.597
47971  4726  2566      NaN    0.000    0.000
48803   445  3081    4.687    3.103    4.450
48806   438  3212    1.349    3.890    5.060
48808   701  3062    4.322    3.203    4.303
48820   651  3245      NaN    0.000    0.000
48823   690  3312    3.793    1.043    1.510
48826   744  3271    5.122    2.700    5.587
48830   759  3156    4.915    3.123    4.530
48839   865  3346      NaN    0.000    0.000
48921   212  3178    1.574    3.347    4.250
48924   165  3243    1.605    3.700    4.633
48925   225  3284    0.005    3.923    4.857
48927   475  3314    1.315    3.737    4.947
50527  2213    89      NaN    0.000    0.000
50548  2657    91      NaN    0.797    7.227
50557  2827    94    6.012    0.617    7.453
50564  3064    64    5.720    1.570    6.230
50603  1884   150    4.499    0.133    8.133
50632  2456   139    3.121    1.617    6.860
50658  2900   219    4.457    0.000    0.000
50727  2234   318    6.758    1.490    6.730
50745  2680   294      NaN    0.000    0.000
50756  3021   288    5.307    0.810    7.193
50774  3238   257    7.256    2.720    5.823
50788  3583   311    5.440    1.687    6.153
50844  2624   404    4.916    0.387    8.113
50854  2836   406    5.535    0.450    7.897
50888  3606   414    4.905    1.400    6.317
50915  1901   503    4.132    0.203    8.270
50949  2786   552    5.899    1.297    7.483
50953  2999   477    5.873    0.870    7.227
50963  3219   453    6.422    0.873    7.247
50968  3133   537      NaN    0.000    0.000
50978  3466   527      NaN    0.000    0.000
50983  3693   475      NaN    0.000    0.000
52267   120   903      NaN    0.000    0.000
52378   266   968      NaN    0.000    0.000
52495   505  1037      NaN    0.000    0.000
52652    50  1240      NaN    0.000    0.000
52681   346  1274    5.028    0.307    8.673
52754    16  1420    5.914    1.643    5.520
52787   322  1435    6.572    1.447    6.340
52866   199  1500      NaN    0.000    0.000
52889   436  1563      NaN    0.000    0.000
52955    85  1616    6.417    1.160    6.217
52983   466  1584    4.897    1.503    6.430
52996   561  1638    5.404    1.443    6.110
53068  1345   712      NaN    0.127    8.750
53083  1586   604    4.390    0.250    8.110
53149  1136   837      NaN    0.177    8.500
53192  1675   671    4.243    0.200    7.897
53231   716   959      NaN    0.000    0.000
53276  1446   852      NaN    0.137    8.220
53336   955   946      NaN    0.163    8.453
53352  1170   931    4.849    0.220    7.863
53391  1569   908    4.882    0.243    8.017
53463  1310  1030      NaN    0.000    0.000
53480  1464  1005    5.122    0.353    7.727
53487  1494  1110      NaN    0.000    0.000
53502   645  1145      NaN    0.070    8.703
53513   830  1035      NaN    0.000    0.000
53529   895  1222      NaN    0.153    8.487
53543  1119  1140      NaN    0.000    0.000
53564  1250  1190      NaN    0.217    8.230
53588  1515  1239    5.834    2.243    6.827
53593  1632  1140      NaN    0.000    0.000
53614   695  1293    5.856    0.317    8.370
53646  1097  1315    4.562    0.177    8.297
53673  1423  1261      NaN    0.000    0.000
53698  1616  1341      NaN    0.000    0.000
53705   638  1403      NaN    0.447    7.773
53723   828  1367    4.272    0.287    7.863
53764  1244  1401      NaN    0.000    0.000
53772  1407  1369      NaN    0.000    0.000
53787  1455  1450    5.257    0.750    7.647
53798  1625  1450      NaN    0.000    0.000
53845  1065  1502    6.117    1.113    7.477
53863  1336  1453      NaN    0.000    0.000
53898  1614  1563    5.433    0.387    8.293
53915   748  1619      NaN    0.000    0.000
53923   856  1599      NaN    0.000    0.000
53959  1239  1675    4.973    0.317    8.313
53975  1390  1627      NaN    0.000    0.000
54012  1972   608    4.441    0.393    7.627
54026  2342   610      NaN    0.197    7.877
54027  2174   675    4.157    0.453    7.547
54049  2685   645    4.734    0.550    7.067
54094  3316   610      NaN    0.000    0.000
54096  3490   630      NaN    0.000    0.000
54102  1806   679    4.317    0.307    7.863
54115  2024   718    5.150    0.493    7.370
54135  2495   718      NaN    0.387    7.663
54157  2726   764    5.813    0.923    6.567
54161  2825   684      NaN    0.000    0.000
54186  3159   744      NaN    0.000    0.000
54208  1845   876    6.066    0.903    7.093
54218  2125   867      NaN    0.000    0.000
54226  2319   860    5.256    0.620    7.450
54236  2525   850    5.654    0.713    6.993
54259  2795   886    7.175    2.657    5.550
54273  2997   787    6.144    1.707    5.970
54292  3305   800    6.042    2.617    5.700
54308  1864   987    6.140    1.027    7.047
54311  1989   904      NaN    0.000    0.000
54324  2291   947    6.081    0.823    7.113
54337  2366   994      NaN    0.000    0.000
54342  2635   927    5.939    1.353    6.373
54346  2665   974      NaN    0.000    0.000
54374  3016   929    4.592    3.143    5.090
54377  2930   998    6.373    2.673    5.157
54386  3156   970    6.878    2.043    4.727
54401  1668  1033      NaN    0.000    0.000
54405  1737  1074      NaN    0.000    0.000
54423  2011  1011      NaN    0.000    0.000
54436  2123  1076    6.889    2.100    6.467
54471  2484  1046      NaN    0.000    0.000
54493  2777  1041    7.257    1.940    5.383
54497  2726  1115      NaN    0.000    0.000
54511  1825  1128      NaN    0.000    0.000
54527  1924  1222      NaN    0.000    0.000
54534  2028  1160      NaN    0.000    0.000
54539  2118  1184      NaN    0.000    0.000
54587  2601  1227      NaN    0.000    0.000
54602  1744  1250      NaN    0.000    0.000
54618  1855  1336      NaN    0.000    0.000
54662  2424  1244      NaN    0.000    0.000
54715  1856  1420      NaN    0.000    0.000
54725  1965  1401    5.255    0.847    7.833
54751  2321  1352      NaN    0.000    0.000
54753  2276  1388      NaN    0.000    0.000
54776  2542  1412      NaN    2.220    5.907
54808  1756  1543    6.004    0.460    8.267
54823  1911  1502    5.350    1.253    7.663
54826  1916  1541      NaN    0.000    0.000
54836  2034  1548      NaN    0.000    0.000
54843  2150  1483      NaN    0.000    0.000
54857  2278  1562      NaN    0.000    0.000
54863  2374  1483    5.905    1.820    5.777
54909  1744  1674    6.501    0.703    7.770
54916  1888  1618      NaN    0.000    0.000
54929  2011  1653    5.322    1.047    6.793
54945  2189  1632    5.710    0.000    0.000
56065   180  1711    6.851    1.780    5.297
56079   333  1840    7.203    2.027    5.000
56080   326  1681    6.474    1.810    5.233
56096   552  1860    6.352    0.000    0.000
56146     1  2060    6.084    1.543    5.697
56152    38  1985    5.998    1.847    5.560
56167   126  2131    5.045    2.143    5.430
56172   251  2028    5.924    2.417    5.390
56182   400  1944    7.441    2.837    5.300
56187   430  2163      NaN    0.427    3.677
56193   507  1970    5.520    3.250    5.660
56196   531  2079      NaN    0.000    0.000
56257    31  2241    4.566    1.540    5.573
56287   337  2243    6.601    2.350    6.650
56357    35  2347    4.328    2.097    5.440
56374   221  2235    2.905    2.750    4.627
56385   374  2295    8.609    2.793    7.197
56462   169  2353    2.943    2.397    5.207
56492   516  2375    5.505    0.443    8.217
56571   255  2476      NaN    0.000    0.000
56586   421  2540    5.674    2.253    5.713
56651    25  2596    4.657    1.327    6.313
56671   253  2616    6.550    1.790    6.913
56684   369  2642    6.309    1.770    6.140
56691   481  2592    5.615    2.153    5.853
56751    22  2723      NaN    2.377    6.297
56763   210  2719    0.187    1.910    6.237
56768   171  2799    0.480    2.020    6.040
56778   302  2799      NaN    0.000    0.000
56786   430  2736    5.146    2.380    5.480
56886   423  2853    4.736    3.027    4.990
56951    25  2919    6.999    3.873    5.937
56959    89  3137      NaN    0.000    0.000
56964   111  3051    4.285    3.210    4.863
56966   223  2958    0.005    3.073    4.833
56969   178  3193    0.005    3.843    4.800
56977   204  3068    1.136    3.740    4.797
56985   380  2982      NaN    0.000    0.000
57006   645  1728      NaN    0.000    0.000
57014   658  1730      NaN    0.000    0.000
57016   800  1754      NaN    0.000    0.000
57025   828  1735    5.697    0.920    6.940
57046  1130  1739    7.361    1.917    7.283
57067  1237  1787    6.242    1.037    6.793
57071  1394  1702    4.917    0.357    8.067
57083  1530  1713      NaN    0.000    0.000
57127   789  1898    6.472    0.000    0.000
57131  1005  1744      NaN    0.653    7.763
57178  1410  1901      NaN    0.000    0.000
57193  1627  1817    5.929    0.757    7.420
57237   901  2010    7.153    3.547    6.127
57245  1013  1937      NaN    0.000    0.000
57259  1207  2013    6.866    3.280    5.930
57265  1308  1974      NaN    0.000    0.000
57279  1420  2000    4.671    1.067    6.850
57290  1571  1905      NaN    0.000    0.000
57297  1575  2002      NaN    0.000    0.000
57306   669  2064      NaN    1.107    7.677
57328   841  2107      NaN    0.000    0.000
57348  1069  2127    7.122    3.367    6.140
57378  1408  2110      NaN    1.617    6.507
57399  1677  2108    5.306    2.247    5.587
57411   682  2151      NaN    0.000    0.000
57426   875  2164    5.620    2.353    6.500
57447  1061  2209    6.548    3.420    5.493
57461  1267  2163      NaN    0.000    0.000
57476  1362  2202      NaN    0.000    0.000
57494  1584  2172      NaN    0.000    0.000
57503   574  2284    5.699    1.390    7.537
57504   567  2288      NaN    0.000    0.000
57516   725  2288      NaN    0.000    0.000
57554  1140  2308    6.493    2.833    4.820
57584  1466  2310      NaN    0.000    0.000
57598  1634  2349    2.451    3.320    4.780
57602   610  2366      NaN    0.000    0.000
57604   604  2377    6.141    0.797    7.693
57633   983  2372    6.753    3.123    5.290
57655  1166  2413    6.008    2.863    5.173
57662  1310  2347      NaN    0.000    0.000
57687  1442  2439      NaN    0.000    0.000
57707   587  2543    5.002    3.017    5.657
57712   779  2495    4.452    2.743    5.330
57713   772  2499    6.832    2.800    5.517
57731   925  2471    6.147    2.933    5.083
57745  1086  2527    5.778    3.273    5.303
57766  1285  2551    5.381    3.353    5.227
57776  1423  2543    1.589    3.083    5.293
57793  1612  2487    6.619    0.000    0.000
57799  1677  2564      NaN    0.000    0.000
57816   755  2624      NaN    0.000    0.000
57832   972  2581    6.178    3.240    4.953
57845  1097  2670    4.931    3.210    4.477
57853  1192  2607    5.904    3.490    5.013
57866  1302  2663      NaN    0.000    0.000
57902   582  2752    4.688    3.290    4.923
57916   759  2752    4.432    3.183    4.350
57922   847  2708    5.348    3.220    4.573
57932   957  2693    4.902    4.207    5.340
57957  1155  2764    4.753    3.410    4.673
57972  1461  2711    6.735    3.337    4.870
57993  1681  2704    4.362    3.240    5.170
58027  1922  1761      NaN    0.000    0.000
58040  2144  1698      NaN    0.000    0.000
58102  1767  1806      NaN    0.000    0.000
58141  2133  1830    5.751    1.473    6.077
58144  2133  1838      NaN    0.000    0.000
58150  2269  1819    5.963    1.373    5.650
58203  1763  1920    5.401    1.420    6.843
58208  1750  1998    5.492    2.100    6.270
58221  1948  1914    5.601    1.137    6.473
58238  2118  2024    5.487    1.830    5.610
58251  2273  1922      NaN    0.000    0.000
58265  2420  2010    4.632    0.000    0.000
58314  1830  2084      NaN    0.000    0.000
58321  1939  2041    5.750    1.687    5.787
58338  2082  2112    5.764    2.130    5.030
58345  2183  2080      NaN    0.000    0.000
58362  2403  2082      NaN    0.000    0.000
58424  1911  2181      NaN    0.000    0.000
58437  2034  2226    8.760    3.087    4.923
58457  2260  2215      NaN    0.000    0.000
58472  2515  2159      NaN    0.000    0.000
58477  2478  2237    2.007    0.000    0.000
58506  1791  2288    2.314    3.137    4.890
58527  1927  2319      NaN    0.000    0.000
58543  2131  2284      NaN    0.000    0.000
58556  2332  2286      NaN    0.000    0.000
58569  2459  2331      NaN    0.000    0.000
58606  1784  2398    6.081    2.777    4.817
58633  2114  2357      NaN    0.000    0.000
58646  2232  2415    6.476    3.210    4.637
58660  2368  2370      NaN    0.000    0.000
58666  2452  2415      NaN    3.510    4.310
58715  1866  2512    5.900    3.443    5.057
58725  1957  2540    0.528    3.073    4.557
58730  2021  2491    0.005    2.807    4.407
58731  2077  2474    5.507    2.790    4.377
58752  2314  2489    4.715    0.000    0.000
58754  2263  2540      NaN    0.000    0.000
58813  1830  2594    4.864    2.950    4.753
58834  2034  2618      NaN    3.443    5.143
58847  2161  2680      NaN    0.000    0.000
58849  2234  2670      NaN    4.090    6.430
58853  2319  2577      NaN    0.000    0.000
58911  1834  2706    5.252    2.943    5.053
58921  1944  2693    6.406    0.000    0.000
58926  1950  2767      NaN    4.173    5.510
58931  2028  2721    1.142    3.090    5.080
58944  2217  2743    4.490    0.000    0.000
58968  2411  2797      NaN    0.000    0.000
58974  2472  2730      NaN    0.000    0.000
59007   568  2906    3.509    3.107    4.433
59023   901  2835    5.522    3.370    4.467
59046  1054  2874      NaN    0.000    0.000
59058  1179  2891    5.096    3.283    4.700
59072  1386  2823      NaN    0.000    0.000
59082  1524  2838    5.218    3.633    4.947
59087  1515  2926      NaN    0.000    0.000
59096  1623  2872    5.208    3.433    5.033
59102  1754  2807    4.820    3.223    4.997
59117  1806  2879      NaN    0.000    0.000
59134  2026  2859      NaN    0.000    0.000
59152  2349  2823      NaN    0.000    0.000
59158  2318  2896      NaN    0.000    0.000
59162  2437  2827      NaN    0.000    0.000
59209   667  2991    3.866    3.427    4.567
59211   740  2924    3.375    3.087    4.523
59254  1130  2980      NaN    0.000    0.000
59265  1267  2971    5.125    3.227    5.017
59278  1397  3019    5.680    0.000    0.000
59287  1494  3006      NaN    0.000    0.000
59293  1651  2935    5.845    3.037    4.753
59316  1870  2980      NaN    0.000    0.000
59348  2204  2995      NaN    2.663    7.840
59353  2331  2967    5.054    3.273    6.710
59358  2265  3025      NaN    0.000    0.000
59362  2422  2911      NaN    0.000    0.000
59368  2394  3014      NaN    0.000    0.000
59417   757  3096    4.247    4.023    5.217
59431   921  3066    4.907    2.840    4.480
59456  1226  3098    5.307    3.167    4.780
59493  1580  3075      NaN    0.000    0.000
59501  1722  3049      NaN    0.000    0.000
59554  2271  3068      NaN    0.000    0.000
59556  2342  3098      NaN    0.000    0.000
59559  2325  3137    0.424    3.547    6.913
59562  2370  3053      NaN    0.000    0.000
59567  2415  3133    0.628    0.000    0.000
59632   966  3143    5.821    2.687    5.133
59644  1020  3195      NaN    0.000    0.000
59658  1155  3232    0.342    3.597    5.823
59663  1341  3156    4.802    3.173    5.100
59673  1431  3167      NaN    0.000    0.000
59758  1149  3361      NaN    0.000    0.000
59792  1873  3286      NaN    0.000    0.000
