30949  1341    50    0.238    0.284    0.326
30967  1765    12    0.146    0.248    0.268
30978  2060    20    0.117    0.194    0.200
31583  3352    25    0.048    0.071    0.077
31587  3210    44    0.234    0.190    0.219
31594  3370    66    0.108    0.148    0.155
31618  3637   111    0.032    0.103    0.126
31624  3723    68    0.299    0.081    0.229
31632  3880     8    0.281    0.065    0.258
31636  3891    51    0.268    0.084    0.145
31655  4096    63      NaN    0.165    0.168
31702  3482   113    0.149    0.158    0.187
31703  3555   113    0.191    0.187    0.232
31707  3469   255    0.221    0.281    0.368
31710  3654   231    0.014    0.248    0.271
31713  3691   143    0.027    0.190    0.210
31725  3790   156    0.034    0.194    0.200
31733  4020   134      NaN    0.216    0.219
31735  3940   167    0.338    0.216    0.219
31754  4151   158    0.238    0.074    0.094
31770  4515   113      NaN    0.203    0.229
31786  3900   275    0.060    0.177    0.184
31788  3846   320    0.044    0.177    0.184
31792  3992   251    0.099    0.177    0.187
31801  4054   262    0.329    0.074    0.094
31823  4429   229      NaN    0.000    0.000
31825  4302   270    0.191    0.100    0.287
31829  4367   302      NaN    0.000    0.000
31832  3839   359    0.012    0.187    0.203
31845  3956   389    0.799    0.074    0.184
31866  4294   389    0.675    0.135    0.139
31873  3779   464    0.008    0.200    0.229
31878  3757   552    0.008    0.219    0.239
31884  3839   514    0.261    0.200    0.206
31909  4100   561    0.005    0.168    0.458
31913  3583   537      NaN    0.000    0.000
31915  3516   628    0.023    0.410    0.639
31917  3508   669    0.037    0.416    0.735
31921  3592   593      NaN    0.326    0.468
31924  3592   624    0.029    0.284    0.513
31931  3706   583    0.005    0.245    0.271
31935  3751   626    0.450    0.119    0.152
31939  3794   656    0.132    0.232    0.261
31958  3971   645    0.005    0.287    0.581
31959  4016   632      NaN    0.000    0.000
31960  3578   772      NaN    0.000    0.000
31961  3581   686    0.005    0.329    0.597
31969  3451   824      NaN    0.000    0.000
31977  3591   755      NaN    0.245    0.787
31981  3704   677    0.078    0.213    0.284
31987  3699   768    0.607    0.168    1.290
31989  3798   796      NaN    0.000    0.000
31994  3828   720    1.808    0.126    0.716
32088  4709   106      NaN    0.000    0.000
32098  4828    89      NaN    0.000    0.000
32099  5011   152      NaN    0.000    0.000
32121  4727   227      NaN    0.000    0.000
32128  4711   331      NaN    0.000    0.000
32133  4795   300    0.005   -0.026   -0.045
32150  4785   343    0.041    0.000    0.000
44230   225    50    0.036    0.339    0.368
44231    20    42    0.171    0.290    0.339
44232   303    70    0.028    0.323    0.348
44237   156   165    0.046    0.323    0.358
44239   399   135    0.086    0.274    0.290
44241   680   122    0.194    0.258    0.271
44256  1614    51    0.062    0.261    0.281
44259  1631   216    0.050    0.290    0.313
44282   165   287    0.266    0.358    0.526
44284    16   371    0.124    0.326    0.374
44285   311   348    0.071    0.335    0.397
44287    78   434    0.169    0.432    0.574
44288   313   419    0.339    0.413    0.552
44292   770   234      NaN    0.000    0.000
44294   839   303    0.079    0.219    0.232
44298   921   399    0.094    0.332    0.374
44302  1358   249    0.086    0.313    0.339
44304  1192   302    0.054    0.313    0.339
44305  1489   372    0.066    0.332    0.384
44313  2086   268    0.170    0.216    0.226
44314  1752   318    0.150    0.294    0.326
44317  1722   460    0.186    0.268    0.316
44336   438   511      NaN    0.519    0.742
44341   705   475    0.199    0.510    0.690
44347   596   626      NaN    0.532    0.848
44352  1386   479    0.113    0.455    0.610
44354  1134   572    0.098    0.519    0.658
44358  1334   703    0.260    0.497    0.813
44373   496   720      NaN    0.000    0.000
45004  1588  3102      NaN    0.000    0.000
45005  1588  3103      NaN    0.000    0.000
45007  1560  3102      NaN    0.000    0.000
45011  1520  3118      NaN    0.000    0.000
45013  1520  3118      NaN    0.000    0.000
45018  1520  3122      NaN    0.000    0.000
45020  1517  3116      NaN    0.000    0.000
45031  1618  3075      NaN    0.723    2.294
45032  1586  3077    0.333    1.206    3.523
45033  1603  3077      NaN    1.839    4.242
45034  1595  3083    2.058    1.187    1.706
45035  1567  3085      NaN    0.000    0.000
45036  1608  3085      NaN    0.000    0.000
45037  1590  3087      NaN    0.000    0.000
45038  1565  3092      NaN    0.000    0.000
45039  1591  3092      NaN    0.000    0.000
45040  1599  3094      NaN    0.000    0.000
45041  1597  3102      NaN    0.000    0.000
45042  1558  3103      NaN    0.000    0.000
45043  1588  3109      NaN    0.000    0.000
45044  1571  3115      NaN    0.000    0.000
45045  1603  3116      NaN    0.000    0.000
47003  3406   862      NaN    0.626    1.100
47005  3171   918    0.993    0.197    0.271
47008  3340   921      NaN    0.000    0.000
47014  3012   921    0.806    0.339    0.377
47016  3156   964      NaN    0.000    0.000
47020  2980  1013    0.999    0.216    0.435
47022  3154  1030    1.540    0.565    0.887
47025  3271  1046      NaN    0.323    0.510
47028  2794  1071      NaN    0.661    1.113
47031  3053  1080    1.209    0.477    0.703
47035  2732  1110      NaN    0.000    0.000
47037  2829  1123    1.849    0.719    1.190
47039  2941  1102    1.854    0.584    1.042
47041  3087  1128    1.663    0.648    0.952
47046  3158  1117    1.596    0.000    0.000
47050  2874  1164      NaN    0.613    0.965
47052  2986  1209    1.658    0.561    0.919
47055  3074  1212      NaN    0.384    0.777
47058  2889  1229      NaN    0.000    0.000
47060  2844  1265      NaN    0.000    0.000
47061  3158  1263    2.129    0.000    0.000
47065  2887  1287      NaN    0.000    0.000
47067  2973  1289    1.711    0.703    1.223
47068  2788  1328    2.157    0.771    1.242
47069  2879  1341      NaN    0.797    1.316
47070  2976  1349    1.816    0.497    0.848
47075  3057  1298    1.368    0.635    0.994
47090  3200  1317      NaN    0.000    0.000
47092  3212  1338    2.942    0.587    1.255
47095  3059  1328    1.852    0.677    1.239
47097  3079  1427    2.322    0.648    1.429
47098  3032  1356      NaN    0.000    0.000
47099  2997  1358      NaN    0.000    0.000
47100  3217  1380    0.005    0.758    1.087
47101  3107  1356      NaN    0.000    0.000
47102  2760  1349      NaN    0.187    0.629
47104  3232  1367    2.859    0.184    0.994
47105  3236  1373      NaN    0.000    0.000
47106  3262  1401      NaN    0.000    0.000
47108  3019  1394      NaN    0.000    0.000
47110  3001  1394      NaN    0.000    0.000
47112  2982  1403      NaN    0.000    0.000
47113  2962  1405      NaN    0.813    1.358
47114  3131  1420    2.676    0.000    0.000
47115  3464  1401      NaN    0.652    1.039
47119  3023  1427      NaN    0.000    0.000
47121  3187  1436    1.208    0.710    1.206
47127  3131  1461      NaN    0.000    0.000
47129  2969  1481    2.382    0.719    1.432
47130  3296  1459      NaN    0.000    0.000
47131  3074  1498      NaN    0.000    0.000
47133  3066  1528      NaN    0.000    0.000
47135  3135  1545    1.373    0.700    1.329
47136  3215  1506    3.001    0.626    1.561
47137  3154  1524    2.663    0.648    1.368
47138  3292  1565      NaN    0.000    0.000
47140  2997  1569      NaN    0.000    0.000
47143  3206  1582      NaN    0.000    0.000
47145  3038  1483    2.461    0.729    1.439
47146  3042  1590      NaN    0.000    0.000
47150  2975  1532      NaN    0.674    1.429
47151  3288  1614      NaN    0.000    0.000
47152  3284  1619      NaN    0.000    0.000
47154  3172  1556      NaN    0.000    0.000
47155  3200  1662      NaN    0.000    0.000
47156  3012  1662      NaN    0.000    0.000
47157  3126  1606    3.165    0.571    1.465
47159  3253  1670      NaN    0.000    0.000
47162  3186  1698      NaN    0.000    0.000
47163  2954  1683      NaN    0.000    0.000
47165  2956  1702      NaN    0.000    0.000
47167  3094  1700      NaN    0.000    0.000
47168  3107  1711      NaN    0.000    0.000
47169  2851  1716      NaN    0.277    1.316
47170  2991  1750      NaN    0.423    1.045
47171  3010  1619      NaN    0.000    0.000
47172  2991  1632      NaN    0.668    1.429
47173  3062  1636    2.819    0.590    1.400
47174  3051  1674      NaN    0.206    1.439
47175  2948  1741    1.468    0.265    1.339
47182  2969  1847      NaN    0.000    0.000
47184  2971  1849      NaN    0.000    0.000
47185  2930  1873      NaN    0.000    0.000
47188  3010  1862      NaN    0.268    0.990
47189  2975  1879      NaN    0.000    0.000
47192  3150  1659      NaN    0.000    0.000
47401  4670   514      NaN    0.000    0.000
47402  4770   568    0.474    0.074    0.087
47404  4671   632      NaN    0.000    0.000
47405  4813   608      NaN    0.084    0.097
47406  4664   679      NaN    0.000    0.000
47407  4746   701      NaN    0.000    0.000
47409  4961   671      NaN    0.197    0.219
47411  4595   764      NaN    0.000    0.000
47412  4630   778      NaN    0.000    0.000
47413  4681   761      NaN    0.123    0.145
47417  4841   794      NaN    0.000    0.000
47418  4972   787      NaN    0.000    0.000
47421  4505   807      NaN   -0.032   -0.016
47423  4591   862      NaN    0.000    0.000
47424  4655   828      NaN    0.000    0.000
47426  4793   878    0.149    0.000    0.000
47428  4494   912      NaN    0.000    0.000
47430  4565   918      NaN    0.000    0.000
47433  4565   796      NaN    0.000    0.000
47435  4856   634      NaN    0.000    0.000
47440  4852   863      NaN    0.000    0.000
47512  4673  1226    2.443    0.177    0.674
47520  4516  1261    0.566    0.087    0.087
47570  4472  1403      NaN    0.000    0.000
47574  4474  1048      NaN    0.119    0.177
47575  4567  1030      NaN    0.000    0.000
47576  4617   977      NaN   -0.116   -0.090
47581  4651  1061      NaN    0.000    0.000
47582  4492  1153      NaN    0.000    0.000
47584  4612  1155      NaN    0.000    0.000
47585  4701  1160    0.692    0.123    0.690
47587  4464  1242      NaN    0.000    0.000
47588  4520  1317      NaN    0.000    0.000
47590  4582  1315      NaN    0.000    0.000
47592  4627  1296      NaN    0.000    0.000
47595  4533  1371      NaN    0.000    0.000
47597  4505  1442      NaN    0.000    0.000
47598  4582  1463      NaN    0.000    0.000
47600  4134  1412      NaN    0.000    0.000
47602  4283  1341      NaN    0.000    0.000
47604  4375  1354      NaN    0.000    0.000
47605  4104  1504      NaN    0.000    0.000
47606  4151  1479      NaN    0.000    0.000
47607  4167  1489      NaN    0.000    0.000
47610  4279  1494      NaN    0.000    0.000
47612  4285  1446    0.347    0.094    0.045
47615  4466  1507      NaN    0.000    0.000
47616  4057  1563      NaN    0.000    0.000
47617  4173  1552      NaN    0.000    0.000
47618  4253  1541      NaN    0.000    0.000
47620  4270  1563      NaN    0.000    0.000
47622  4319  1530      NaN    0.000    0.000
47624  4376  1524      NaN    0.000    0.000
47626  4412  1552      NaN    0.000    0.000
47629  4533  1526      NaN    0.000    0.000
47631  4040  1608      NaN    0.000    0.000
47632  4119  1636      NaN    0.000    0.000
47636  4141  1662      NaN    0.000    0.000
47637  4236  1623      NaN    0.000    0.000
47638  4319  1606      NaN    0.000    0.000
47639  4339  1640      NaN    0.000    0.000
47640  4343  1625      NaN    0.000    0.000
47641  4376  1571      NaN    0.000    0.000
47648  4576  1599      NaN    0.000    0.000
47649  4050  1707      NaN    0.000    0.000
47651  4091  1711      NaN    0.000    0.000
47653  4156  1722      NaN    0.000    0.000
47654  4225  1713      NaN    0.000    0.000
47655  4281  1726      NaN    0.000    0.000
47656  4302  1683      NaN    0.000    0.000
47657  4362  1668      NaN    0.000    0.000
47662  4455  1604      NaN    0.000    0.000
47663  4055  1786      NaN    0.223    0.894
47666  4352  1726      NaN    0.000    0.000
47668  4380  1675      NaN    0.377    1.665
47670  4442  1632      NaN    0.000    0.000
47672  4466  1683      NaN    0.000    0.000
47674  4516  1664      NaN    0.542    1.310
47675  4410  1709      NaN    0.000    0.000
47677  4427  1780      NaN    0.348    1.106
47678  4457  1892    1.112    0.432    1.916
47682  4492  1614      NaN    0.000    0.000
47684  4098  1688      NaN    0.000    0.000
47690  4425  1487      NaN    0.158    0.416
47740  3734  1547      NaN    0.090    0.568
47741  3704  1631      NaN    0.000    0.000
47742  3723  1619      NaN    0.000    0.000
47744  3734  1632      NaN    0.000    0.000
47746  3835  1627      NaN    0.000    0.000
47747  3900  1621    2.036    0.484    0.839
47750  3956  1631      NaN    0.155    0.716
47754  3518  1746      NaN    0.000    0.000
47755  3592  1692      NaN    0.000    0.000
47756  3811  1674      NaN    0.000    0.000
47759  4003  1679      NaN    0.000    0.000
47761  4061  1649      NaN    0.000    0.000
47762  3466  1799      NaN    0.000    0.000
47765  3637  1748      NaN    0.000    0.000
47766  3647  1767      NaN    0.000    0.000
47767  3725  1743      NaN    0.000    0.000
47768  3800  1718      NaN    0.000    0.000
47769  3884  1700      NaN    0.000    0.000
47770  3945  1715      NaN    0.000    0.000
47772  3979  1716      NaN    0.000    0.000
47776  3910  1756      NaN    0.200    1.310
47777  3940  1767      NaN    0.000    0.000
47778  4007  1855      NaN    0.374    1.039
47780  4014  1715      NaN    0.000    0.000
47784  3523  1774      NaN    0.000    0.000
47800  3283  1771      NaN    0.000    0.000
47805  3311  1864      NaN    0.000    0.000
47807  3404  1840      NaN    0.000    0.000
47809  3439  1832      NaN    0.000    0.000
47812  3331  1886      NaN    0.000    0.000
47813  3395  1875      NaN    0.000    0.000
47814  3466  1870      NaN    0.000    0.000
47815  3542  1879      NaN    0.000    0.000
47817  3346  1935      NaN    0.000    0.000
47818  3391  1935    2.943    0.613    1.319
47819  3439  1926      NaN    0.000    0.000
47821  3480  1918    2.010    0.255    1.445
47822  3546  1952      NaN    0.000    0.000
47823  3383  2013      NaN    0.000    0.000
47824  3445  1993      NaN    0.000    0.000
47827  3423  2067      NaN    0.000    0.000
47829  3482  2047      NaN    0.000    0.000
47830  3520  2024      NaN    0.000    0.000
47831  3395  2099    3.119    0.506    1.584
47835  3518  2064    3.921    0.377    1.874
47836  3436  2198      NaN    0.677    1.626
47837  3471  2161      NaN    0.000    0.000
47838  3365  1995      NaN    0.000    0.000
47842  3176  2019      NaN    0.000    0.000
47843  3230  1939      NaN    0.000    0.000
47887  3673  1810      NaN    0.000    0.000
47890  3781  1761      NaN    0.000    0.000
47891  3815  1758      NaN    0.000    0.000
47892  3647  1879      NaN    0.000    0.000
47893  3759  1842      NaN    0.000    0.000
47895  3872  1786      NaN    0.000    0.000
47897  3663  1914    3.954    0.000    0.000
47898  3699  1937      NaN    0.000    0.000
47899  3830  1877      NaN    0.000    0.000
47909  3305  2422      NaN    0.290    1.426
47912  2579  2861      NaN    1.039    1.603
47917  2663  2864      NaN    0.000    0.000
47918  2708  2876      NaN    0.000    0.000
47927  2833  2823      NaN    0.000    0.000
47929  3003  2652      NaN    1.313    2.316
47936  3102  2667      NaN    0.000    0.000
47940  3133  2622      NaN    0.000    0.000
47942  3215  2528      NaN    0.735    1.919
47945  3499  2708      NaN    1.029    2.265
47971  4726  2566      NaN    0.000    0.000
48803   445  3081    3.167    1.265    3.158
48806   438  3212    1.176    1.129    2.316
48808   701  3062    1.462    1.065    1.742
48820   651  3245      NaN    0.000    0.000
48823   690  3312    0.655    0.000    0.000
48826   744  3271    0.722    1.577    3.155
48830   759  3156    1.218    1.165    2.303
48839   865  3346      NaN    0.000    0.000
48921   212  3178    4.640    1.729    2.084
48924   165  3243    5.081    2.565    2.881
48925   225  3284    2.838    1.387    3.210
48927   475  3314    4.021    1.303    2.729
50527  2213    89      NaN    0.000    0.000
50548  2657    91      NaN    0.229    0.310
50557  2827    94    0.302    0.239    0.268
50564  3064    64    0.161    0.200    0.232
50603  1884   150    0.088    0.274    0.323
50632  2456   139    0.061    0.190    0.281
50658  2900   219    0.184    0.000    0.000
50727  2234   318    0.485    0.181    0.197
50745  2680   294      NaN    0.000    0.000
50756  3021   288    0.274    0.284    0.326
50774  3238   257    1.026    0.132    0.265
50788  3583   311    0.290    0.255    0.284
50844  2624   404    0.643    0.432    0.700
50854  2836   406    0.589    0.406    0.661
50888  3606   414    0.414    0.271    0.348
50915  1901   503    0.422    0.394    0.526
50949  2786   552    0.650    0.429    0.806
50953  2999   477    0.732    0.442    0.713
50963  3219   453    0.343    0.413    0.606
50968  3133   537      NaN    0.000    0.000
50978  3466   527      NaN    0.000    0.000
50983  3693   475      NaN    0.000    0.000
52267   120   903      NaN    0.000    0.000
52378   266   968      NaN    0.000    0.000
52495   505  1037      NaN    0.000    0.000
52652    50  1240      NaN    0.000    0.000
52681   346  1274    1.005    0.565    1.503
52754    16  1420    1.507    0.829    1.606
52787   322  1435    1.457    0.629    1.332
52866   199  1500      NaN    0.000    0.000
52889   436  1563      NaN    0.000    0.000
52955    85  1616    1.735    0.800    1.710
52983   466  1584    1.442    0.529    0.887
52996   561  1638    1.261    0.681    0.961
53068  1345   712      NaN    0.545    0.903
53083  1586   604    0.043    0.345    0.419
53149  1136   837      NaN    0.519    1.116
53192  1675   671    0.017    0.387    0.490
53231   716   959      NaN    0.000    0.000
53276  1446   852      NaN    0.535    0.981
53336   955   946      NaN    0.542    1.252
53352  1170   931    0.697    0.535    1.129
53391  1569   908    1.079    0.555    0.942
53463  1310  1030      NaN    0.000    0.000
53480  1464  1005    1.410    0.603    1.245
53487  1494  1110      NaN    0.000    0.000
53502   645  1145      NaN    0.513    1.423
53513   830  1035      NaN    0.000    0.000
53529   895  1222      NaN    0.623    1.506
53543  1119  1140      NaN    0.000    0.000
53564  1250  1190      NaN    0.658    1.500
53588  1515  1239    0.493    0.658    1.487
53593  1632  1140      NaN    0.000    0.000
53614   695  1293    1.569    0.587    1.542
53646  1097  1315    1.512    0.697    1.590
53673  1423  1261      NaN    0.000    0.000
53698  1616  1341      NaN    0.000    0.000
53705   638  1403    1.373    0.626    1.555
53723   828  1367    1.197    0.694    1.581
53764  1244  1401      NaN    0.000    0.000
53772  1407  1369      NaN    0.000    0.000
53787  1455  1450    1.863    0.690    1.697
53798  1625  1450      NaN    0.000    0.000
53845  1065  1502    2.269    0.752    1.910
53863  1336  1453      NaN    0.000    0.000
53898  1614  1563    2.574    0.406    1.697
53915   748  1619      NaN    0.000    0.000
53923   856  1599      NaN    0.000    0.000
53959  1239  1675    2.346    0.603    1.748
53975  1390  1627      NaN    0.000    0.000
54012  1972   608    0.256    0.361    0.465
54026  2342   610      NaN    0.494    0.819
54027  2174   675    1.068    0.474    0.810
54049  2685   645    0.686    0.452    0.794
54094  3316   610      NaN    0.000    0.000
54096  3490   630      NaN    0.000    0.000
54102  1806   679    0.354    0.419    0.526
54115  2024   718    1.034    0.494    0.845
54135  2495   718      NaN    0.565    0.887
54157  2726   764    0.927    0.484    0.816
54161  2825   684      NaN    0.000    0.000
54186  3159   744      NaN    0.000    0.000
54208  1845   876    0.944    0.535    0.929
54218  2125   867      NaN    0.000    0.000
54226  2319   860    1.270    0.513    1.000
54236  2525   850    0.960    0.539    0.900
54259  2795   886    1.017    0.390    0.539
54273  2997   787    0.471    0.384    0.439
54292  3305   800    0.935    0.484    0.729
54308  1864   987    1.797    0.516    1.413
54311  1989   904      NaN    0.000    0.000
54324  2291   947    1.414    0.535    1.297
54337  2366   994      NaN    0.000    0.000
54342  2635   927    0.835    0.565    0.990
54346  2665   974      NaN    0.000    0.000
54374  3016   929    0.128    0.152    0.358
54377  2930   998    0.939    0.471    0.887
54386  3156   970    0.854    0.435    0.655
54401  1668  1033      NaN    0.000    0.000
54405  1737  1074      NaN    0.000    0.000
54423  2011  1011      NaN    0.000    0.000
54436  2123  1076    2.076    0.532    1.565
54471  2484  1046      NaN    0.000    0.000
54493  2777  1041    1.781    0.635    1.052
54497  2726  1115      NaN    0.000    0.000
54511  1825  1128      NaN    0.000    0.000
54527  1924  1222      NaN    0.000    0.000
54534  2028  1160      NaN    0.000    0.000
54539  2118  1184      NaN    0.000    0.000
54587  2601  1227      NaN    0.000    0.000
54602  1744  1250      NaN    0.000    0.000
54618  1855  1336      NaN    0.000    0.000
54662  2424  1244      NaN    0.000    0.000
54715  1856  1420      NaN    0.000    0.000
54725  1965  1401    2.401    0.413    1.635
54751  2321  1352      NaN    0.000    0.000
54753  2276  1388      NaN    0.000    0.000
54776  2542  1412      NaN    0.681    1.294
54808  1756  1543    2.584    0.448    1.706
54823  1911  1502    2.355    0.497    1.706
54826  1916  1541      NaN    0.000    0.000
54836  2034  1548      NaN    0.000    0.000
54843  2150  1483      NaN    0.000    0.000
54857  2278  1562      NaN    0.000    0.000
54863  2374  1483    2.403    0.606    1.526
54909  1744  1674    3.239    0.371    1.826
54916  1888  1618      NaN    0.000    0.000
54929  2011  1653    2.581    0.526    1.687
54945  2189  1632    2.522    0.000    0.000
56065   180  1711    0.461    0.661    0.945
56079   333  1840    2.039    0.981    1.468
56080   326  1681    1.623    0.597    0.926
56096   552  1860    2.424    0.000    0.000
56146     1  2060    2.359    0.968    2.152
56152    38  1985    1.788    1.097    2.132
56167   126  2131    2.338    1.077    3.119
56172   251  2028    0.892    1.052    2.903
56182   400  1944    2.861    1.274    2.226
56187   430  2163      NaN    0.000    0.000
56193   507  1970    0.056    0.535    0.619
56196   531  2079      NaN    0.000    0.000
56257    31  2241    2.684    1.332    3.045
56287   337  2243      NaN    1.094    1.774
56357    35  2347    2.876    1.635    3.097
56374   221  2235    1.175    0.468    3.268
56385   374  2295      NaN    0.626    1.039
56462   169  2353    1.725    0.448    2.574
56492   516  2375    3.050    0.729    2.435
56571   255  2476      NaN    0.000    0.000
56586   421  2540    2.509    1.377    3.306
56651    25  2596    4.333    0.381    3.397
56671   253  2616    4.292    0.681    6.929
56684   369  2642    4.232    1.190    4.616
56691   481  2592    2.785    1.471    3.987
56751    22  2723      NaN    0.952    3.771
56763   210  2719    0.369    0.581    5.506
56768   171  2799    2.305    0.984    2.845
56778   302  2799      NaN    0.000    0.000
56786   430  2736    3.619    0.906    3.739
56886   423  2853    4.003    1.455    3.929
56951    25  2919      NaN    2.119    2.890
56959    89  3137      NaN    0.000    0.000
56964   111  3051    4.856    1.403    4.358
56966   223  2958    0.347    1.035    4.281
56969   178  3193    3.117    1.555    3.213
56977   204  3068    2.654    3.177    3.781
56985   380  2982      NaN    0.000    0.000
57006   645  1728      NaN    0.000    0.000
57014   658  1730      NaN    0.000    0.000
57016   800  1754      NaN    0.000    0.000
57025   828  1735    2.445    0.574    1.094
57046  1130  1739    3.187    0.732    1.877
57067  1237  1787    2.494    0.700    1.577
57071  1394  1702    2.695    0.452    1.777
57083  1530  1713      NaN    0.000    0.000
57127   789  1898    2.425    0.000    0.000
57131  1005  1744      NaN    0.571    1.832
57178  1410  1901      NaN    0.000    0.000
57193  1627  1817    3.128    0.365    1.923
57237   901  2010    2.686    0.713    1.787
57245  1013  1937      NaN    0.000    0.000
57259  1207  2013    3.192    0.355    1.239
57265  1308  1974      NaN    0.000    0.000
57279  1420  2000    3.354    0.448    1.174
57290  1571  1905      NaN    0.000    0.000
57297  1575  2002      NaN    0.000    0.000
57306   669  2064      NaN    0.803    2.103
57328   841  2107      NaN    0.000    0.000
57348  1069  2127    2.382    0.703    1.874
57378  1408  2110      NaN    0.419    1.945
57399  1677  2108    3.040    0.506    1.852
57411   682  2151      NaN    0.000    0.000
57426   875  2164    3.193    0.935    2.126
57447  1061  2209    2.158    0.816    1.668
57461  1267  2163      NaN    0.000    0.000
57476  1362  2202      NaN    0.000    0.000
57494  1584  2172      NaN    0.000    0.000
57503   574  2284    1.906    0.635    2.619
57504   567  2288      NaN    0.000    0.000
57516   725  2288      NaN    0.000    0.000
57554  1140  2308    4.211    0.284    1.681
57584  1466  2310      NaN    0.000    0.000
57598  1634  2349    2.017    0.700    1.461
57602   610  2366      NaN    0.000    0.000
57604   604  2377    2.079    0.000    0.000
57633   983  2372    4.251    0.913    1.610
57655  1166  2413    3.015    0.758    1.861
57662  1310  2347      NaN    0.000    0.000
57687  1442  2439      NaN    0.000    0.000
57707   587  2543    1.140    1.684    2.219
57712   779  2495    0.367    1.055    1.677
57713   772  2499    0.040    1.284    1.794
57731   925  2471    1.458    0.855    1.561
57745  1086  2527    2.810    0.826    1.971
57766  1285  2551    3.381    0.684    1.590
57776  1423  2543    0.005    0.323    1.061
57793  1612  2487      NaN    0.000    0.000
57799  1677  2564      NaN    0.000    0.000
57816   755  2624      NaN    0.000    0.000
57832   972  2581    1.082    0.894    1.532
57845  1097  2670    1.010    0.403    1.287
57853  1192  2607    1.351    0.000    0.000
57866  1302  2663      NaN    0.000    0.000
57902   582  2752    1.647    1.481    2.152
57916   759  2752    0.508    1.058    1.568
57922   847  2708    0.498    0.426    0.868
57932   957  2693    0.726    0.981    1.445
57957  1155  2764    0.853    0.000    0.000
57972  1461  2711    0.126    0.968    1.565
57993  1681  2704    0.606    0.890    1.413
58027  1922  1761      NaN    0.000    0.000
58040  2144  1698      NaN    0.000    0.000
58102  1767  1806      NaN    0.000    0.000
58141  2133  1830    3.186    0.406    1.848
58144  2133  1838      NaN    0.000    0.000
58150  2269  1819    3.135    0.445    1.726
58203  1763  1920    3.295    0.419    1.087
58208  1750  1998    2.987    0.535    1.703
58221  1948  1914    3.360    0.529    1.797
58238  2118  2024    3.039    0.584    1.842
58251  2273  1922      NaN    0.000    0.000
58265  2420  2010    3.160    0.000    0.000
58314  1830  2084      NaN    0.000    0.000
58321  1939  2041    2.615    0.710    1.706
58338  2082  2112    3.308    0.681    1.674
58345  2183  2080      NaN    0.000    0.000
58362  2403  2082      NaN    0.000    0.000
58424  1911  2181      NaN    0.000    0.000
58437  2034  2226    4.307    0.239    1.371
58457  2260  2215      NaN    0.000    0.000
58472  2515  2159      NaN    0.000    0.000
58477  2478  2237    1.643    0.000    0.000
58506  1791  2288    1.942    0.342    1.168
58527  1927  2319      NaN    0.000    0.000
58543  2131  2284      NaN    0.000    0.000
58556  2332  2286      NaN    0.000    0.000
58569  2459  2331      NaN    0.000    0.000
58606  1784  2398    2.809    0.613    1.739
58633  2114  2357      NaN    0.000    0.000
58646  2232  2415    4.023    0.797    1.274
58660  2368  2370      NaN    0.000    0.000
58666  2452  2415      NaN    0.239    1.029
58715  1866  2512    2.270    0.629    1.361
58725  1957  2540    0.005    0.303    0.710
58730  2021  2491    3.555    0.255    0.710
58731  2077  2474    2.977    0.287    0.719
58752  2314  2489    3.759    0.000    0.000
58754  2263  2540      NaN    0.000    0.000
58813  1830  2594    1.941    0.639    1.090
58834  2034  2618      NaN    0.216    0.406
58847  2161  2680      NaN    0.000    0.000
58849  2234  2670      NaN    1.339    1.665
58853  2319  2577      NaN    0.000    0.000
58911  1834  2706    1.834    0.658    1.116
58921  1944  2693    1.520    0.000    0.000
58926  1950  2767      NaN    1.371    1.629
58931  2028  2721    1.046    0.552    0.913
58944  2217  2743    1.814    0.000    0.000
58968  2411  2797      NaN    0.000    0.000
58974  2472  2730      NaN    0.000    0.000
59007   568  2906    2.759    1.503    2.842
59023   901  2835    0.564    0.000    0.000
59046  1054  2874      NaN    0.000    0.000
59058  1179  2891    1.480    0.958    2.126
59072  1386  2823      NaN    0.000    0.000
59082  1524  2838    2.036    0.352    1.377
59087  1515  2926      NaN    0.000    0.000
59096  1623  2872    2.932    0.758    1.577
59102  1754  2807    3.260    0.539    1.329
59117  1806  2879      NaN    0.000    0.000
59134  2026  2859      NaN    0.000    0.000
59152  2349  2823      NaN    0.000    0.000
59158  2318  2896      NaN    0.000    0.000
59162  2437  2827      NaN    0.000    0.000
59209   667  2991    1.955    1.152    1.535
59211   740  2924    0.756    0.000    0.000
59254  1130  2980      NaN    0.000    0.000
59265  1267  2971    2.884    0.871    2.913
59278  1397  3019    3.732    0.000    0.000
59287  1494  3006      NaN    0.000    0.000
59293  1651  2935    2.766    0.984    2.303
59316  1870  2980      NaN    0.000    0.000
59348  2204  2995      NaN    0.826    2.710
59353  2331  2967      NaN    1.029    2.771
59358  2265  3025      NaN    0.000    0.000
59362  2422  2911      NaN    0.000    0.000
59368  2394  3014      NaN    0.000    0.000
59417   757  3096    1.041    0.929    2.023
59431   921  3066    0.317    0.994    2.594
59456  1226  3098    2.282    1.077    2.894
59493  1580  3075      NaN    0.000    0.000
59501  1722  3049      NaN    0.000    0.000
59554  2271  3068      NaN    0.000    0.000
59556  2342  3098      NaN    0.000    0.000
59559  2325  3137    1.296    1.545    3.729
59562  2370  3053      NaN    0.000    0.000
59567  2415  3133    0.880    0.000    0.000
59632   966  3143    1.684    0.000    0.000
59644  1020  3195      NaN    0.000    0.000
59658  1155  3232    0.167    1.048    2.739
59663  1341  3156    2.521    1.052    3.355
59673  1431  3167      NaN    0.000    0.000
59758  1149  3361      NaN    0.000    0.000
59792  1873  3286      NaN    0.000    0.000
