30949  1341    50    1.988    0.835    2.129
30967  1765    12    1.814    0.732    2.265
30978  2060    20    1.845    0.761    2.142
31583  3352    25    0.818    0.742    1.903
31587  3210    44    2.148    0.874    2.497
31594  3370    66    0.958    0.752    2.039
31618  3637   111    1.363    0.655    1.590
31624  3723    68    1.980    0.645    1.523
31632  3880     8    1.489    0.681    1.316
31636  3891    51    2.124    0.616    1.581
31655  4096    63      NaN    0.777    1.613
31702  3482   113    1.737    0.690    1.761
31703  3555   113    1.176    0.687    1.661
31707  3469   255    2.532    0.687    2.171
31710  3654   231    0.598    0.803    2.145
31713  3691   143    0.477    0.771    1.787
31725  3790   156    0.921    0.729    1.794
31733  4020   134      NaN    0.839    1.774
31735  3940   167    2.585    0.765    1.687
31754  4151   158    1.715    0.735    1.371
31770  4515   113      NaN    0.777    1.758
31786  3900   275    1.332    0.690    1.832
31788  3846   320    0.894    0.719    1.906
31792  3992   251    1.188    0.710    1.855
31801  4054   262    1.999    0.677    1.739
31823  4429   229      NaN    0.000    0.000
31825  4302   270    1.580    0.613    1.632
31829  4367   302      NaN    0.000    0.000
31832  3839   359    1.017    0.745    2.000
31845  3956   389    2.721    0.697    1.835
31866  4294   389    2.985    0.813    1.832
31873  3779   464    0.608    0.719    1.916
31878  3757   552    0.804    0.777    2.139
31884  3839   514    1.316    0.790    1.997
31909  4100   561      NaN    0.623    1.961
31913  3583   537      NaN    0.000    0.000
31915  3516   628    0.741    0.652    2.348
31917  3508   669    0.850    0.681    2.487
31921  3592   593      NaN    0.768    2.384
31924  3592   624    0.995    0.719    2.294
31931  3706   583    0.905    0.800    2.165
31935  3751   626    1.252    0.639    2.087
31939  3794   656    1.519    0.832    2.035
31958  3971   645    1.854    0.687    1.971
31959  4016   632      NaN    0.000    0.000
31960  3578   772      NaN    0.000    0.000
31961  3581   686    0.980    0.745    2.235
31969  3451   824      NaN    0.000    0.000
31977  3591   755      NaN    0.755    2.232
31981  3704   677    1.765    0.719    2.197
31987  3699   768    2.510    0.716    2.258
31989  3798   796      NaN    0.000    0.000
31994  3828   720    2.987    0.703    1.971
32088  4709   106      NaN    0.000    0.000
32098  4828    89      NaN    0.000    0.000
32099  5011   152      NaN    0.000    0.000
32121  4727   227      NaN    0.000    0.000
32128  4711   331      NaN    0.000    0.000
32133  4795   300    2.561    0.674    1.513
32150  4785   343    2.612    0.000    0.000
44230   225    50    1.739    0.835    2.306
44231    20    42    1.679    0.913    2.200
44232   303    70    2.106    0.732    2.174
44237   156   165    1.784    0.658    2.355
44239   399   135    2.022    0.706    2.123
44241   680   122    2.021    0.606    2.381
44256  1614    51    1.908    0.723    2.384
44259  1631   216    2.044    0.816    2.784
44282   165   287    2.186    0.555    2.997
44284    16   371    1.612    0.532    3.100
44285   311   348    2.005    0.590    3.048
44287    78   434    1.857    0.452    3.681
44288   313   419    1.763    0.465    3.542
44292   770   234      NaN    0.000    0.000
44294   839   303    1.964    0.665    2.987
44298   921   399    1.780    0.571    3.403
44302  1358   249    1.886    0.748    2.606
44304  1192   302    2.144    0.726    2.913
44305  1489   372    1.757    0.668    3.135
44313  2086   268    2.162    0.684    2.494
44314  1752   318    1.888    0.661    3.126
44317  1722   460    1.970    0.552    3.132
44336   438   511      NaN    0.313    4.119
44341   705   475    1.714    0.494    3.677
44347   596   626      NaN    0.287    4.329
44352  1386   479    1.981    0.513    3.539
44354  1134   572    1.843    0.426    3.700
44358  1334   703    1.887    0.416    3.900
44373   496   720      NaN    0.000    0.000
45004  1588  3102      NaN    0.000    0.000
45005  1588  3103      NaN    0.000    0.000
45007  1560  3102      NaN    0.000    0.000
45011  1520  3118      NaN    0.000    0.000
45013  1520  3118      NaN    0.000    0.000
45018  1520  3122      NaN    0.000    0.000
45020  1517  3116      NaN    0.000    0.000
45031  1618  3075      NaN    2.071    5.971
45032  1586  3077    0.034    1.852    5.642
45033  1603  3077      NaN    1.352    6.735
45034  1595  3083    2.365    4.277    5.594
45035  1567  3085      NaN    0.000    0.000
45036  1608  3085      NaN    0.000    0.000
45037  1590  3087      NaN    0.000    0.000
45038  1565  3092      NaN    0.000    0.000
45039  1591  3092      NaN    0.000    0.000
45040  1599  3094      NaN    0.000    0.000
45041  1597  3102      NaN    0.000    0.000
45042  1558  3103      NaN    0.000    0.000
45043  1588  3109      NaN    0.000    0.000
45044  1571  3115      NaN    0.000    0.000
45045  1603  3116      NaN    0.000    0.000
47003  3406   862      NaN    0.823    2.803
47005  3171   918    2.358    0.645    2.326
47008  3340   921      NaN    0.000    0.000
47014  3012   921    3.437    0.813    2.642
47016  3156   964      NaN    0.000    0.000
47020  2980  1013    3.383    0.774    2.487
47022  3154  1030    3.570    0.752    2.668
47025  3271  1046      NaN    0.768    3.284
47028  2794  1071      NaN    0.926    2.926
47031  3053  1080    3.336    0.897    2.442
47035  2732  1110      NaN    0.000    0.000
47037  2829  1123    3.465    0.845    3.210
47039  2941  1102    3.499    0.906    2.974
47041  3087  1128    3.182    0.894    3.190
47046  3158  1117      NaN    0.000    0.000
47050  2874  1164      NaN    0.794    3.361
47052  2986  1209    4.133    0.977    2.877
47055  3074  1212      NaN    0.768    3.574
47058  2889  1229      NaN    0.000    0.000
47060  2844  1265      NaN    0.000    0.000
47061  3158  1263    4.141    0.000    0.000
47065  2887  1287      NaN    0.000    0.000
47067  2973  1289    3.410    0.971    3.077
47068  2788  1328    3.532    0.835    3.555
47069  2879  1341    3.573    0.823    3.403
47070  2976  1349    3.318    0.732    3.619
47075  3057  1298    3.416    0.823    2.810
47090  3200  1317      NaN    0.000    0.000
47092  3212  1338    4.247    1.306    3.045
47095  3059  1328    3.438    1.045    3.077
47097  3079  1427    3.144    1.110    3.174
47098  3032  1356      NaN    0.000    0.000
47099  2997  1358      NaN    0.000    0.000
47100  3217  1380    3.524    1.110    2.935
47101  3107  1356      NaN    0.000    0.000
47102  2760  1349      NaN    1.777    2.871
47104  3232  1367    4.307    1.342    2.716
47105  3236  1373      NaN    0.000    0.000
47106  3262  1401      NaN    0.000    0.000
47108  3019  1394      NaN    0.000    0.000
47110  3001  1394      NaN    0.000    0.000
47112  2982  1403      NaN    0.000    0.000
47113  2962  1405      NaN    0.668    3.584
47114  3131  1420    3.786    0.000    0.000
47115  3464  1401      NaN    1.571    3.839
47119  3023  1427      NaN    0.000    0.000
47121  3187  1436    3.032    1.258    2.894
47127  3131  1461      NaN    0.000    0.000
47129  2969  1481    3.481    0.784    3.574
47130  3296  1459      NaN    0.000    0.000
47131  3074  1498      NaN    0.000    0.000
47133  3066  1528      NaN    0.000    0.000
47135  3135  1545    3.606    1.155    3.339
47136  3215  1506    3.698    1.126    3.306
47137  3154  1524    4.008    1.077    3.284
47138  3292  1565      NaN    0.000    0.000
47140  2997  1569      NaN    0.000    0.000
47143  3206  1582      NaN    0.000    0.000
47145  3038  1483    3.715    1.097    3.323
47146  3042  1590      NaN    0.000    0.000
47150  2975  1532    3.815    0.952    3.619
47151  3288  1614      NaN    0.000    0.000
47152  3284  1619      NaN    0.000    0.000
47154  3172  1556      NaN    0.000    0.000
47155  3200  1662      NaN    0.000    0.000
47156  3012  1662      NaN    0.000    0.000
47157  3126  1606    4.125    1.087    3.348
47159  3253  1670      NaN    0.000    0.000
47162  3186  1698      NaN    0.000    0.000
47163  2954  1683      NaN    0.000    0.000
47165  2956  1702      NaN    0.000    0.000
47167  3094  1700      NaN    0.000    0.000
47168  3107  1711      NaN    0.000    0.000
47169  2851  1716      NaN    1.865    3.245
47170  2991  1750      NaN    2.313    3.303
47171  3010  1619      NaN    0.000    0.000
47172  2991  1632      NaN    0.955    3.819
47173  3062  1636    3.663    1.152    3.445
47174  3051  1674      NaN    1.926    3.494
47175  2948  1741    2.742    2.045    3.265
47182  2969  1847      NaN    0.000    0.000
47184  2971  1849      NaN    0.000    0.000
47185  2930  1873      NaN    0.000    0.000
47188  3010  1862      NaN    1.948    3.319
47189  2975  1879      NaN    0.000    0.000
47192  3150  1659      NaN    0.000    0.000
47401  4670   514      NaN    0.000    0.000
47402  4770   568    2.970    0.994    1.952
47404  4671   632      NaN    0.000    0.000
47405  4813   608    4.594    0.994    2.290
47406  4664   679      NaN    0.000    0.000
47407  4746   701      NaN    0.000    0.000
47409  4961   671      NaN    1.252    2.619
47411  4595   764      NaN    0.000    0.000
47412  4630   778      NaN    0.000    0.000
47413  4681   761      NaN    1.242    2.100
47417  4841   794      NaN    0.000    0.000
47418  4972   787      NaN    0.000    0.000
47421  4505   807      NaN    1.229    1.858
47423  4591   862      NaN    0.000    0.000
47424  4655   828      NaN    0.000    0.000
47426  4793   878    3.742    0.000    0.000
47428  4494   912      NaN    0.000    0.000
47430  4565   918      NaN    0.000    0.000
47433  4565   796      NaN    0.000    0.000
47435  4856   634      NaN    0.000    0.000
47440  4852   863      NaN    0.000    0.000
47512  4673  1226    4.514    1.294    2.326
47520  4516  1261    2.681    1.271    2.171
47570  4472  1403      NaN    0.000    0.000
47574  4474  1048      NaN    1.452    1.990
47575  4567  1030      NaN    0.000    0.000
47576  4617   977    3.586    0.997    1.958
47581  4651  1061      NaN    0.000    0.000
47582  4492  1153      NaN    0.000    0.000
47584  4612  1155      NaN    0.000    0.000
47585  4701  1160    3.713    1.242    2.129
47587  4464  1242      NaN    0.000    0.000
47588  4520  1317      NaN    0.000    0.000
47590  4582  1315      NaN    0.000    0.000
47592  4627  1296      NaN    0.000    0.000
47595  4533  1371      NaN    0.000    0.000
47597  4505  1442      NaN    0.000    0.000
47598  4582  1463      NaN    0.000    0.000
47600  4134  1412      NaN    0.000    0.000
47602  4283  1341      NaN    0.000    0.000
47604  4375  1354      NaN    0.000    0.000
47605  4104  1504      NaN    0.000    0.000
47606  4151  1479      NaN    0.000    0.000
47607  4167  1489      NaN    0.000    0.000
47610  4279  1494      NaN    0.000    0.000
47612  4285  1446    3.193    1.261    2.606
47615  4466  1507      NaN    0.000    0.000
47616  4057  1563      NaN    0.000    0.000
47617  4173  1552      NaN    0.000    0.000
47618  4253  1541      NaN    0.000    0.000
47620  4270  1563      NaN    0.000    0.000
47622  4319  1530      NaN    0.000    0.000
47624  4376  1524      NaN    0.000    0.000
47626  4412  1552      NaN    0.000    0.000
47629  4533  1526      NaN    0.000    0.000
47631  4040  1608      NaN    0.000    0.000
47632  4119  1636      NaN    0.000    0.000
47636  4141  1662      NaN    0.000    0.000
47637  4236  1623      NaN    0.000    0.000
47638  4319  1606      NaN    0.000    0.000
47639  4339  1640    5.390    0.000    0.000
47640  4343  1625      NaN    0.000    0.000
47641  4376  1571      NaN    0.000    0.000
47648  4576  1599      NaN    0.000    0.000
47649  4050  1707      NaN    0.000    0.000
47651  4091  1711      NaN    0.000    0.000
47653  4156  1722      NaN    0.000    0.000
47654  4225  1713      NaN    0.000    0.000
47655  4281  1726      NaN    0.000    0.000
47656  4302  1683      NaN    0.000    0.000
47657  4362  1668      NaN    0.000    0.000
47662  4455  1604      NaN    0.000    0.000
47663  4055  1786      NaN    1.784    2.929
47666  4352  1726      NaN    0.000    0.000
47668  4380  1675      NaN    1.410    3.313
47670  4442  1632      NaN    0.000    0.000
47672  4466  1683      NaN    0.000    0.000
47674  4516  1664      NaN    1.658    3.594
47675  4410  1709    3.102    0.000    0.000
47677  4427  1780      NaN    2.377    3.532
47678  4457  1892    3.942    2.261    3.735
47682  4492  1614      NaN    0.000    0.000
47684  4098  1688      NaN    0.000    0.000
47690  4425  1487      NaN    1.465    2.477
47740  3734  1547      NaN    1.610    3.094
47741  3704  1631      NaN    0.000    0.000
47742  3723  1619      NaN    0.000    0.000
47744  3734  1632      NaN    0.000    0.000
47746  3835  1627      NaN    0.000    0.000
47747  3900  1621    3.482    1.677    3.297
47750  3956  1631      NaN    1.658    3.139
47754  3518  1746      NaN    0.000    0.000
47755  3592  1692      NaN    0.000    0.000
47756  3811  1674      NaN    0.000    0.000
47759  4003  1679      NaN    0.000    0.000
47761  4061  1649      NaN    0.000    0.000
47762  3466  1799      NaN    0.000    0.000
47765  3637  1748      NaN    0.000    0.000
47766  3647  1767      NaN    0.000    0.000
47767  3725  1743      NaN    0.000    0.000
47768  3800  1718      NaN    0.000    0.000
47769  3884  1700      NaN    0.000    0.000
47770  3945  1715      NaN    0.000    0.000
47772  3979  1716      NaN    0.000    0.000
47776  3910  1756      NaN    1.432    3.516
47777  3940  1767      NaN    0.000    0.000
47778  4007  1855      NaN    1.784    3.339
47780  4014  1715      NaN    0.000    0.000
47784  3523  1774      NaN    0.000    0.000
47800  3283  1771      NaN    0.000    0.000
47805  3311  1864      NaN    0.000    0.000
47807  3404  1840      NaN    0.000    0.000
47809  3439  1832      NaN    0.000    0.000
47812  3331  1886      NaN    0.000    0.000
47813  3395  1875      NaN    0.000    0.000
47814  3466  1870      NaN    0.000    0.000
47815  3542  1879      NaN    0.000    0.000
47817  3346  1935      NaN    0.000    0.000
47818  3391  1935    4.900    2.055    3.455
47819  3439  1926      NaN    0.000    0.000
47821  3480  1918    3.911    1.716    3.042
47822  3546  1952      NaN    0.000    0.000
47823  3383  2013      NaN    0.000    0.000
47824  3445  1993      NaN    0.000    0.000
47827  3423  2067      NaN    0.000    0.000
47829  3482  2047      NaN    0.000    0.000
47830  3520  2024      NaN    0.000    0.000
47831  3395  2099      NaN    1.481    3.987
47835  3518  2064    4.446    1.474    3.484
47836  3436  2198      NaN    1.610    4.058
47837  3471  2161      NaN    0.000    0.000
47838  3365  1995      NaN    0.000    0.000
47842  3176  2019      NaN    0.000    0.000
47843  3230  1939      NaN    0.000    0.000
47887  3673  1810      NaN    0.000    0.000
47890  3781  1761      NaN    0.000    0.000
47891  3815  1758      NaN    0.000    0.000
47892  3647  1879      NaN    0.000    0.000
47893  3759  1842      NaN    0.000    0.000
47895  3872  1786      NaN    0.000    0.000
47897  3663  1914    3.953    0.000    0.000
47898  3699  1937      NaN    0.000    0.000
47899  3830  1877      NaN    0.000    0.000
47909  3305  2422      NaN    1.881    4.281
47912  2579  2861      NaN    3.932    4.658
47917  2663  2864      NaN    0.000    0.000
47918  2708  2876      NaN    0.000    0.000
47927  2833  2823      NaN    0.000    0.000
47929  3003  2652      NaN    2.632    4.845
47936  3102  2667      NaN    0.000    0.000
47940  3133  2622      NaN    0.000    0.000
47942  3215  2528      NaN    2.435    4.590
47945  3499  2708      NaN    2.994    4.413
47971  4726  2566      NaN    0.000    0.000
48803   445  3081    3.955    1.648    4.203
48806   438  3212    0.655    3.055    4.777
48808   701  3062    4.119    2.065    4.903
48820   651  3245      NaN    0.000    0.000
48823   690  3312    3.743    0.868    1.645
48826   744  3271    3.558    1.932    5.677
48830   759  3156    4.333    2.055    5.129
48839   865  3346      NaN    0.000    0.000
48921   212  3178    3.346    3.410    4.426
48924   165  3243    4.785    3.381    4.429
48925   225  3284    2.773    2.877    4.406
48927   475  3314    2.383    3.052    4.706
50527  2213    89      NaN    0.000    0.000
50548  2657    91      NaN    0.781    2.129
50557  2827    94    2.215    0.881    2.348
50564  3064    64    2.036    0.806    2.077
50603  1884   150    1.776    0.774    2.658
50632  2456   139    0.661    0.710    1.829
50658  2900   219    2.241    0.000    0.000
50727  2234   318    2.748    0.832    2.216
50745  2680   294      NaN    0.000    0.000
50756  3021   288    2.378    0.755    2.555
50774  3238   257    2.882    0.587    2.045
50788  3583   311    2.264    0.748    2.403
50844  2624   404    2.244    0.571    3.029
50854  2836   406    2.297    0.694    2.806
50888  3606   414    2.428    0.668    2.358
50915  1901   503    2.094    0.594    3.232
50949  2786   552    2.391    0.674    2.774
50953  2999   477    2.430    0.758    2.761
50963  3219   453    2.667    0.832    2.939
50968  3133   537      NaN    0.000    0.000
50978  3466   527      NaN    0.000    0.000
50983  3693   475      NaN    0.000    0.000
52267   120   903      NaN    0.000    0.000
52378   266   968      NaN    0.000    0.000
52495   505  1037      NaN    0.000    0.000
52652    50  1240      NaN    0.000    0.000
52681   346  1274    2.512    0.148    5.671
52754    16  1420    3.074    0.777    3.474
52787   322  1435    2.651    0.790    3.406
52866   199  1500      NaN    0.000    0.000
52889   436  1563      NaN    0.000    0.000
52955    85  1616    3.024    0.687    4.003
52983   466  1584    2.953    0.642    3.548
52996   561  1638    2.921    1.094    3.152
53068  1345   712      NaN    0.413    4.171
53083  1586   604    2.178    0.506    3.448
53149  1136   837      NaN    0.297    4.300
53192  1675   671    2.127    0.510    3.674
53231   716   959      NaN    0.000    0.000
53276  1446   852      NaN    0.348    4.326
53336   955   946      NaN    0.323    4.452
53352  1170   931    2.690    0.384    4.165
53391  1569   908    2.346    0.494    3.932
53463  1310  1030      NaN    0.000    0.000
53480  1464  1005    2.880    0.487    3.910
53487  1494  1110      NaN    0.000    0.000
53502   645  1145      NaN    0.142    5.119
53513   830  1035      NaN    0.000    0.000
53529   895  1222      NaN    0.303    4.784
53543  1119  1140      NaN    0.000    0.000
53564  1250  1190      NaN    0.397    4.535
53588  1515  1239    1.918    0.574    4.152
53593  1632  1140      NaN    0.000    0.000
53614   695  1293    2.799    0.258    4.929
53646  1097  1315    2.836    0.432    4.497
53673  1423  1261      NaN    0.000    0.000
53698  1616  1341      NaN    0.000    0.000
53705   638  1403    3.124    0.419    4.539
53723   828  1367    2.763    0.468    4.284
53764  1244  1401      NaN    0.000    0.000
53772  1407  1369      NaN    0.000    0.000
53787  1455  1450    3.541    0.565    4.252
53798  1625  1450      NaN    0.000    0.000
53845  1065  1502    3.800    0.568    4.306
53863  1336  1453      NaN    0.000    0.000
53898  1614  1563    3.286    0.316    4.958
53915   748  1619      NaN    0.000    0.000
53923   856  1599      NaN    0.000    0.000
53959  1239  1675    2.960    0.332    5.048
53975  1390  1627      NaN    0.000    0.000
54012  1972   608    2.323    0.610    3.310
54026  2342   610      NaN    0.432    3.700
54027  2174   675    2.348    0.432    3.542
54049  2685   645    2.364    0.710    2.761
54094  3316   610      NaN    0.000    0.000
54096  3490   630      NaN    0.000    0.000
54102  1806   679    2.181    0.519    3.523
54115  2024   718    2.348    0.471    3.635
54135  2495   718      NaN    0.487    3.706
54157  2726   764    2.712    0.752    2.871
54161  2825   684      NaN    0.000    0.000
54186  3159   744      NaN    0.000    0.000
54208  1845   876    2.693    0.584    3.323
54218  2125   867      NaN    0.000    0.000
54226  2319   860    2.475    0.497    3.568
54236  2525   850    2.776    0.513    3.219
54259  2795   886    3.389    0.945    2.797
54273  2997   787    3.093    0.981    2.765
54292  3305   800    2.981    0.619    2.735
54308  1864   987    3.164    0.590    3.571
54311  1989   904      NaN    0.000    0.000
54324  2291   947    2.890    0.468    3.929
54337  2366   994      NaN    0.000    0.000
54342  2635   927    3.002    0.668    3.187
54346  2665   974      NaN    0.000    0.000
54374  3016   929    1.568    0.710    2.535
54377  2930   998    3.253    0.748    2.635
54386  3156   970    2.980    0.655    2.406
54401  1668  1033      NaN    0.000    0.000
54405  1737  1074      NaN    0.000    0.000
54423  2011  1011      NaN    0.000    0.000
54436  2123  1076    3.744    0.600    3.597
54471  2484  1046      NaN    0.000    0.000
54493  2777  1041    3.755    0.987    2.984
54497  2726  1115      NaN    0.000    0.000
54511  1825  1128      NaN    0.000    0.000
54527  1924  1222      NaN    0.000    0.000
54534  2028  1160      NaN    0.000    0.000
54539  2118  1184      NaN    0.000    0.000
54587  2601  1227      NaN    0.000    0.000
54602  1744  1250      NaN    0.000    0.000
54618  1855  1336      NaN    0.000    0.000
54662  2424  1244      NaN    0.000    0.000
54715  1856  1420      NaN    0.000    0.000
54725  1965  1401    3.248    0.535    4.365
54751  2321  1352      NaN    0.000    0.000
54753  2276  1388      NaN    0.000    0.000
54776  2542  1412      NaN    0.861    3.787
54808  1756  1543    3.589    0.313    4.968
54823  1911  1502    3.213    0.565    4.494
54826  1916  1541      NaN    0.000    0.000
54836  2034  1548      NaN    0.000    0.000
54843  2150  1483      NaN    0.000    0.000
54857  2278  1562      NaN    0.000    0.000
54863  2374  1483    3.061    0.590    3.868
54909  1744  1674    3.374    0.313    5.081
54916  1888  1618      NaN    0.000    0.000
54929  2011  1653    3.539    0.732    4.184
54945  2189  1632    3.464    0.000    0.000
56065   180  1711    3.749    1.094    3.252
56079   333  1840    3.725    1.181    3.003
56080   326  1681    3.740    1.081    3.103
56096   552  1860    3.212    0.000    0.000
56146     1  2060    3.630    1.523    2.887
56152    38  1985    3.681    1.394    2.913
56167   126  2131    3.841    1.561    2.919
56172   251  2028    3.361    1.261    2.919
56182   400  1944    3.963    1.403    2.971
56187   430  2163      NaN    0.690    2.732
56193   507  1970    2.961    1.626    2.877
56196   531  2079      NaN    0.000    0.000
56257    31  2241    3.638    1.626    3.103
56287   337  2243    3.618    1.600    3.655
56357    35  2347    3.672    1.719    3.255
56374   221  2235    1.307    1.377    2.787
56385   374  2295    4.921    1.648    3.719
56462   169  2353    2.148    1.213    3.274
56492   516  2375    3.421    0.810    4.961
56571   255  2476      NaN    0.000    0.000
56586   421  2540    3.925    1.487    3.297
56651    25  2596    4.266    1.332    3.677
56671   253  2616    4.051    1.332    4.274
56684   369  2642    4.308    1.474    3.752
56691   481  2592    4.544    1.529    3.452
56751    22  2723      NaN    1.587    3.674
56763   210  2719    0.134    1.445    4.032
56768   171  2799    0.081    2.300    3.906
56778   302  2799      NaN    0.000    0.000
56786   430  2736    4.372    1.326    3.655
56886   423  2853    4.245    1.594    3.868
56951    25  2919    3.946    2.897    4.126
56959    89  3137      NaN    0.000    0.000
56964   111  3051    4.344    1.700    3.884
56966   223  2958    0.461    1.619    3.871
56969   178  3193    1.632    2.839    4.345
56977   204  3068    4.789    3.042    4.190
56985   380  2982      NaN    0.000    0.000
57006   645  1728      NaN    0.000    0.000
57014   658  1730      NaN    0.000    0.000
57016   800  1754      NaN    0.000    0.000
57025   828  1735    3.271    0.613    4.084
57046  1130  1739    3.480    0.394    5.387
57067  1237  1787    3.442    0.439    4.442
57071  1394  1702    3.713    0.345    4.887
57083  1530  1713      NaN    0.000    0.000
57127   789  1898    3.323    0.000    0.000
57131  1005  1744      NaN    0.384    5.129
57178  1410  1901      NaN    0.000    0.000
57193  1627  1817    3.417    0.365    5.113
57237   901  2010    4.400    1.797    3.632
57245  1013  1937      NaN    0.000    0.000
57259  1207  2013    4.283    1.090    3.723
57265  1308  1974      NaN    0.000    0.000
57279  1420  2000    2.928    0.435    5.235
57290  1571  1905      NaN    0.000    0.000
57297  1575  2002      NaN    0.000    0.000
57306   669  2064      NaN    0.913    4.635
57328   841  2107      NaN    0.000    0.000
57348  1069  2127    4.330    1.655    3.884
57378  1408  2110      NaN    0.458    2.852
57399  1677  2108    3.298    1.029    4.503
57411   682  2151      NaN    0.000    0.000
57426   875  2164    3.624    0.965    4.229
57447  1061  2209    4.167    1.232    3.794
57461  1267  2163      NaN    0.000    0.000
57476  1362  2202      NaN    0.000    0.000
57494  1584  2172      NaN    0.000    0.000
57503   574  2284    3.754    1.039    4.284
57504   567  2288      NaN    0.000    0.000
57516   725  2288      NaN    0.000    0.000
57554  1140  2308    4.597    1.442    3.958
57584  1466  2310      NaN    0.000    0.000
57598  1634  2349    1.541    1.397    4.419
57602   610  2366      NaN    0.000    0.000
57604   604  2377    4.255    0.945    4.590
57633   983  2372    4.562    1.323    3.916
57655  1166  2413    4.798    0.935    4.868
57662  1310  2347      NaN    0.000    0.000
57687  1442  2439      NaN    0.000    0.000
57707   587  2543    4.436    1.665    3.516
57712   779  2495    3.898    1.281    3.587
57713   772  2499    4.518    1.416    3.616
57731   925  2471    4.321    1.235    3.945
57745  1086  2527    4.118    1.242    4.442
57766  1285  2551    3.939    1.113    5.145
57776  1423  2543    3.954    2.706    4.439
57793  1612  2487    4.071    0.000    0.000
57799  1677  2564      NaN    0.000    0.000
57816   755  2624      NaN    0.000    0.000
57832   972  2581    4.841    1.229    4.200
57845  1097  2670    4.471    1.506    4.152
57853  1192  2607    4.240    1.313    4.648
57866  1302  2663      NaN    0.000    0.000
57902   582  2752    4.048    1.665    4.013
57916   759  2752    3.620    1.339    4.106
57922   847  2708    4.518    2.142    3.800
57932   957  2693    4.249    1.539    4.184
57957  1155  2764    3.799    1.410    4.739
57972  1461  2711    4.450    1.548    4.987
57993  1681  2704    3.584    1.500    4.774
58027  1922  1761      NaN    0.000    0.000
58040  2144  1698      NaN    0.000    0.000
58102  1767  1806      NaN    0.000    0.000
58141  2133  1830    3.149    0.748    4.042
58144  2133  1838      NaN    0.000    0.000
58150  2269  1819    3.914    0.700    4.290
58203  1763  1920    2.976    0.648    4.594
58208  1750  1998    3.364    0.919    4.465
58221  1948  1914    3.584    0.697    4.439
58238  2118  2024    3.609    0.932    4.165
58251  2273  1922      NaN    0.000    0.000
58265  2420  2010    3.322    0.000    0.000
58314  1830  2084      NaN    0.000    0.000
58321  1939  2041    3.459    0.903    4.387
58338  2082  2112    4.020    0.968    4.335
58345  2183  2080      NaN    0.000    0.000
58362  2403  2082      NaN    0.000    0.000
58424  1911  2181      NaN    0.000    0.000
58437  2034  2226    5.697    1.471    4.261
58457  2260  2215      NaN    0.000    0.000
58472  2515  2159      NaN    0.000    0.000
58477  2478  2237    1.543    0.000    0.000
58506  1791  2288    4.109    1.435    4.465
58527  1927  2319      NaN    0.000    0.000
58543  2131  2284      NaN    0.000    0.000
58556  2332  2286      NaN    0.000    0.000
58569  2459  2331      NaN    0.000    0.000
58606  1784  2398    3.321    0.906    4.965
58633  2114  2357      NaN    0.000    0.000
58646  2232  2415    4.050    1.665    3.874
58660  2368  2370      NaN    0.000    0.000
58666  2452  2415      NaN    2.255    3.700
58715  1866  2512    4.212    1.416    4.545
58725  1957  2540    1.425    1.719    3.945
58730  2021  2491    1.791    1.226    4.039
58731  2077  2474    3.825    1.419    3.826
58752  2314  2489    3.665    0.000    0.000
58754  2263  2540      NaN    0.000    0.000
58813  1830  2594    3.961    1.174    4.445
58834  2034  2618      NaN    2.439    4.410
58847  2161  2680      NaN    0.000    0.000
58849  2234  2670      NaN    1.932    5.503
58853  2319  2577      NaN    0.000    0.000
58911  1834  2706    3.985    1.226    4.645
58921  1944  2693    4.597    0.000    0.000
58926  1950  2767      NaN    3.171    4.723
58931  2028  2721    3.814    2.474    4.758
58944  2217  2743      NaN    0.000    0.000
58968  2411  2797      NaN    0.000    0.000
58974  2472  2730      NaN    0.000    0.000
59007   568  2906    4.218    1.713    4.255
59023   901  2835    4.271    1.435    4.842
59046  1054  2874      NaN    0.000    0.000
59058  1179  2891    4.227    1.506    5.152
59072  1386  2823      NaN    0.000    0.000
59082  1524  2838    4.276    2.384    4.668
59087  1515  2926      NaN    0.000    0.000
59096  1623  2872    4.224    2.265    4.965
59102  1754  2807    3.653    1.765    4.739
59117  1806  2879      NaN    0.000    0.000
59134  2026  2859      NaN    0.000    0.000
59152  2349  2823      NaN    0.000    0.000
59158  2318  2896      NaN    0.000    0.000
59162  2437  2827      NaN    0.000    0.000
59209   667  2991    4.647    2.419    4.648
59211   740  2924    3.925    0.806    1.503
59254  1130  2980      NaN    0.000    0.000
59265  1267  2971    4.354    1.326    5.594
59278  1397  3019    4.864    0.000    0.000
59287  1494  3006      NaN    0.000    0.000
59293  1651  2935    3.805    1.503    5.394
59316  1870  2980      NaN    0.000    0.000
59348  2204  2995      NaN    1.429    6.077
59353  2331  2967    4.416    2.984    4.939
59358  2265  3025      NaN    0.000    0.000
59362  2422  2911      NaN    0.000    0.000
59368  2394  3014      NaN    0.000    0.000
59417   757  3096    3.597    3.058    5.216
59431   921  3066    4.130    1.761    5.361
59456  1226  3098    4.500    1.884    5.277
59493  1580  3075      NaN    0.000    0.000
59501  1722  3049      NaN    0.000    0.000
59554  2271  3068      NaN    0.000    0.000
59556  2342  3098      NaN    0.000    0.000
59559  2325  3137    2.469    2.571    5.623
59562  2370  3053      NaN    0.000    0.000
59567  2415  3133      NaN    0.000    0.000
59632   966  3143    4.136    1.629    6.013
59644  1020  3195      NaN    0.000    0.000
59658  1155  3232    0.627    2.906    5.281
59663  1341  3156    4.239    1.677    5.542
59673  1431  3167      NaN    0.000    0.000
59758  1149  3361      NaN    0.000    0.000
59792  1873  3286      NaN    0.000    0.000
