30949  1341    50    2.645    0.926    2.152
30967  1765    12    1.631    0.810    1.735
30978  2060    20    1.997    0.735    1.390
31583  3352    25    0.529    0.348    0.765
31587  3210    44    1.683    0.677    1.419
31594  3370    66    0.088    0.645    1.232
31618  3637   111    0.435    0.435    0.719
31624  3723    68    0.668    0.329    0.777
31632  3880     8    1.331    0.277    0.716
31636  3891    51    0.383    0.274    0.652
31655  4096    63      NaN    0.465    0.503
31702  3482   113    0.549    0.677    0.932
31703  3555   113    0.795    0.794    1.084
31707  3469   255    1.853    0.694    1.797
31710  3654   231    0.499    0.661    1.400
31713  3691   143    0.347    0.632    0.952
31725  3790   156    0.124    0.639    0.848
31733  4020   134      NaN    0.623    0.703
31735  3940   167    1.375    0.619    0.703
31754  4151   158    1.045    0.374    0.432
31770  4515   113      NaN    0.616    0.706
31786  3900   275    0.249    0.577    0.729
31788  3846   320    0.162    0.642    0.897
31792  3992   251    0.190    0.574    0.652
31801  4054   262    0.561    0.271    0.319
31823  4429   229      NaN    0.000    0.000
31825  4302   270    1.285    0.348    0.758
31829  4367   302      NaN    0.000    0.000
31832  3839   359    0.483    0.716    1.103
31845  3956   389    1.222    0.313    0.597
31866  4294   389    3.418    0.532    1.090
31873  3779   464    0.461    0.674    1.439
31878  3757   552    0.381    0.639    1.626
31884  3839   514    0.590    0.684    1.065
31909  4100   561    0.818    0.419    1.781
31913  3583   537      NaN    0.000    0.000
31915  3516   628    1.813    0.765    2.000
31917  3508   669    1.472    0.752    2.677
31921  3592   593      NaN    0.748    2.358
31924  3592   624    1.388    0.626    2.539
31931  3706   583    0.688    0.755    1.861
31935  3751   626    1.201    0.374    1.155
31939  3794   656    0.434    0.852    1.348
31958  3971   645    1.667    0.800    2.110
31959  4016   632      NaN    0.000    0.000
31960  3578   772      NaN    0.000    0.000
31961  3581   686    1.273    0.658    2.577
31969  3451   824      NaN    0.000    0.000
31977  3591   755      NaN    0.371    2.271
31981  3704   677    1.095    0.803    1.642
31987  3699   768    2.898    0.310    2.500
31989  3798   796      NaN    0.000    0.000
31994  3828   720    3.662    0.403    2.084
32088  4709   106      NaN    0.000    0.000
32098  4828    89      NaN    0.000    0.000
32099  5011   152      NaN    0.000    0.000
32121  4727   227      NaN    0.000    0.000
32128  4711   331      NaN    0.000    0.000
32133  4795   300    0.192    0.213    0.258
32150  4785   343    0.901    0.000    0.000
44230   225    50    2.176    0.845    2.516
44231    20    42    2.275    0.910    2.142
44232   303    70    2.074    0.806    2.597
44237   156   165    2.785    0.800    2.429
44239   399   135    1.539    0.765    2.419
44241   680   122    3.034    0.729    2.252
44256  1614    51    1.651    0.748    1.797
44259  1631   216    0.732    0.681    2.390
44282   165   287    3.009    0.716    2.832
44284    16   371    1.173    0.629    2.219
44285   311   348    2.657    0.606    2.606
44287    78   434    1.771    0.597    3.284
44288   313   419    2.491    0.600    2.919
44292   770   234      NaN    0.000    0.000
44294   839   303    2.217    0.735    2.342
44298   921   399    2.793    0.684    3.242
44302  1358   249    1.826    0.768    2.387
44304  1192   302    2.446    0.787    2.574
44305  1489   372    1.785    0.687    2.623
44313  2086   268    0.962    0.655    1.710
44314  1752   318    1.026    0.642    2.545
44317  1722   460    1.853    0.629    2.223
44336   438   511      NaN    0.477    5.200
44341   705   475    2.316    0.539    3.819
44347   596   626      NaN    0.381    5.090
44352  1386   479    2.590    0.610    3.026
44354  1134   572    2.533    0.455    3.281
44358  1334   703    2.148    0.487    3.100
44373   496   720      NaN    0.000    0.000
45004  1588  3102      NaN    0.000    0.000
45005  1588  3103      NaN    0.000    0.000
45007  1560  3102      NaN    0.000    0.000
45011  1520  3118      NaN    0.000    0.000
45013  1520  3118      NaN    0.000    0.000
45018  1520  3122      NaN    0.000    0.000
45020  1517  3116      NaN    0.000    0.000
45031  1618  3075      NaN    1.513    3.784
45032  1586  3077    0.332    1.655    5.145
45033  1603  3077      NaN    2.810    6.200
45034  1595  3083    2.490    2.868    3.884
45035  1567  3085      NaN    0.000    0.000
45036  1608  3085      NaN    0.000    0.000
45037  1590  3087      NaN    0.000    0.000
45038  1565  3092      NaN    0.000    0.000
45039  1591  3092      NaN    0.000    0.000
45040  1599  3094      NaN    0.000    0.000
45041  1597  3102      NaN    0.000    0.000
45042  1558  3103      NaN    0.000    0.000
45043  1588  3109      NaN    0.000    0.000
45044  1571  3115      NaN    0.000    0.000
45045  1603  3116      NaN    0.000    0.000
47003  3406   862      NaN    0.848    2.984
47005  3171   918    1.617    0.452    0.794
47008  3340   921      NaN    0.000    0.000
47014  3012   921    3.799    0.929    1.694
47016  3156   964      NaN    0.000    0.000
47020  2980  1013    3.112    0.690    1.503
47022  3154  1030    3.768    1.148    1.932
47025  3271  1046      NaN    0.490    2.355
47028  2794  1071      NaN    0.987    2.897
47031  3053  1080    3.737    1.045    1.571
47035  2732  1110      NaN    0.000    0.000
47037  2829  1123    4.487    0.945    2.961
47039  2941  1102    4.855    1.006    2.545
47041  3087  1128    5.316    1.013    2.555
47046  3158  1117    4.736    0.000    0.000
47050  2874  1164      NaN    0.868    3.058
47052  2986  1209    4.832    0.948    2.442
47055  3074  1212      NaN    0.532    2.445
47058  2889  1229      NaN    0.000    0.000
47060  2844  1265      NaN    0.000    0.000
47061  3158  1263    5.542    0.000    0.000
47065  2887  1287      NaN    0.000    0.000
47067  2973  1289    4.640    0.884    2.945
47068  2788  1328    5.060    1.265    2.755
47069  2879  1341      NaN    0.794    3.235
47070  2976  1349    4.956    0.781    3.400
47075  3057  1298    5.213    1.023    2.442
47090  3200  1317      NaN    0.000    0.000
47092  3212  1338    4.413    0.768    3.190
47095  3059  1328    5.063    0.977    2.987
47097  3079  1427    4.837    0.887    3.094
47098  3032  1356      NaN    0.000    0.000
47099  2997  1358      NaN    0.000    0.000
47100  3217  1380      NaN    1.123    2.510
47101  3107  1356      NaN    0.000    0.000
47102  2760  1349      NaN    0.629    1.961
47104  3232  1367    5.757    0.390    2.319
47105  3236  1373      NaN    0.000    0.000
47106  3262  1401      NaN    0.000    0.000
47108  3019  1394      NaN    0.000    0.000
47110  3001  1394      NaN    0.000    0.000
47112  2982  1403      NaN    0.000    0.000
47113  2962  1405      NaN    1.000    3.003
47114  3131  1420    5.396    0.000    0.000
47115  3464  1401      NaN    1.419    3.042
47119  3023  1427      NaN    0.000    0.000
47121  3187  1436    2.676    1.129    2.484
47127  3131  1461      NaN    0.000    0.000
47129  2969  1481    5.109    0.916    3.119
47130  3296  1459      NaN    0.000    0.000
47131  3074  1498      NaN    0.000    0.000
47133  3066  1528      NaN    0.000    0.000
47135  3135  1545    3.231    0.874    2.768
47136  3215  1506    5.561    0.887    2.874
47137  3154  1524    5.489    0.897    2.816
47138  3292  1565      NaN    0.000    0.000
47140  2997  1569      NaN    0.000    0.000
47143  3206  1582      NaN    0.000    0.000
47145  3038  1483    5.349    0.884    3.126
47146  3042  1590      NaN    0.000    0.000
47150  2975  1532      NaN    0.823    3.129
47151  3288  1614      NaN    0.000    0.000
47152  3284  1619      NaN    0.000    0.000
47154  3172  1556      NaN    0.000    0.000
47155  3200  1662      NaN    0.000    0.000
47156  3012  1662      NaN    0.000    0.000
47157  3126  1606    5.438    0.758    2.848
47159  3253  1670      NaN    0.000    0.000
47162  3186  1698      NaN    0.000    0.000
47163  2954  1683      NaN    0.000    0.000
47165  2956  1702      NaN    0.000    0.000
47167  3094  1700      NaN    0.000    0.000
47168  3107  1711      NaN    0.000    0.000
47169  2851  1716      NaN    0.777    2.042
47170  2991  1750      NaN    1.826    3.032
47171  3010  1619      NaN    0.000    0.000
47172  2991  1632      NaN    0.655    3.439
47173  3062  1636    5.843    0.752    2.871
47174  3051  1674      NaN    0.394    2.006
47175  2948  1741    4.604    0.471    2.171
47182  2969  1847      NaN    0.000    0.000
47184  2971  1849      NaN    0.000    0.000
47185  2930  1873      NaN    0.000    0.000
47188  3010  1862      NaN    0.548    2.213
47189  2975  1879      NaN    0.000    0.000
47192  3150  1659      NaN    0.000    0.000
47401  4670   514      NaN    0.000    0.000
47402  4770   568    2.426    0.490    0.558
47404  4671   632      NaN    0.000    0.000
47405  4813   608      NaN    0.568    0.665
47406  4664   679      NaN    0.000    0.000
47407  4746   701      NaN    0.000    0.000
47409  4961   671      NaN    0.810    1.110
47411  4595   764      NaN    0.000    0.000
47412  4630   778      NaN    0.000    0.000
47413  4681   761      NaN    0.590    0.719
47417  4841   794      NaN    0.000    0.000
47418  4972   787      NaN    0.000    0.000
47421  4505   807      NaN    0.642    0.981
47423  4591   862      NaN    0.000    0.000
47424  4655   828      NaN    0.000    0.000
47426  4793   878    3.482    0.000    0.000
47428  4494   912      NaN    0.000    0.000
47430  4565   918      NaN    0.000    0.000
47433  4565   796      NaN    0.000    0.000
47435  4856   634      NaN    0.000    0.000
47440  4852   863      NaN    0.000    0.000
47512  4673  1226    4.502    0.477    1.974
47520  4516  1261    1.218    0.652    1.190
47570  4472  1403      NaN    0.000    0.000
47574  4474  1048      NaN    0.523    1.652
47575  4567  1030      NaN    0.000    0.000
47576  4617   977    2.625    0.465    0.848
47581  4651  1061      NaN    0.000    0.000
47582  4492  1153      NaN    0.000    0.000
47584  4612  1155      NaN    0.000    0.000
47585  4701  1160    3.840    0.410    1.939
47587  4464  1242      NaN    0.000    0.000
47588  4520  1317      NaN    0.000    0.000
47590  4582  1315      NaN    0.000    0.000
47592  4627  1296      NaN    0.000    0.000
47595  4533  1371      NaN    0.000    0.000
47597  4505  1442      NaN    0.000    0.000
47598  4582  1463      NaN    0.000    0.000
47600  4134  1412      NaN    0.000    0.000
47602  4283  1341      NaN    0.000    0.000
47604  4375  1354      NaN    0.000    0.000
47605  4104  1504      NaN    0.000    0.000
47606  4151  1479      NaN    0.000    0.000
47607  4167  1489      NaN    0.000    0.000
47610  4279  1494      NaN    0.000    0.000
47612  4285  1446    2.975    0.726    1.490
47615  4466  1507      NaN    0.000    0.000
47616  4057  1563      NaN    0.000    0.000
47617  4173  1552      NaN    0.000    0.000
47618  4253  1541      NaN    0.000    0.000
47620  4270  1563      NaN    0.000    0.000
47622  4319  1530      NaN    0.000    0.000
47624  4376  1524      NaN    0.000    0.000
47626  4412  1552      NaN    0.000    0.000
47629  4533  1526      NaN    0.000    0.000
47631  4040  1608      NaN    0.000    0.000
47632  4119  1636      NaN    0.000    0.000
47636  4141  1662      NaN    0.000    0.000
47637  4236  1623      NaN    0.000    0.000
47638  4319  1606      NaN    0.000    0.000
47639  4339  1640      NaN    0.000    0.000
47640  4343  1625      NaN    0.000    0.000
47641  4376  1571      NaN    0.000    0.000
47648  4576  1599      NaN    0.000    0.000
47649  4050  1707      NaN    0.000    0.000
47651  4091  1711      NaN    0.000    0.000
47653  4156  1722      NaN    0.000    0.000
47654  4225  1713      NaN    0.000    0.000
47655  4281  1726      NaN    0.000    0.000
47656  4302  1683      NaN    0.000    0.000
47657  4362  1668      NaN    0.000    0.000
47662  4455  1604      NaN    0.000    0.000
47663  4055  1786      NaN    0.694    2.158
47666  4352  1726      NaN    0.000    0.000
47668  4380  1675      NaN    0.694    2.894
47670  4442  1632      NaN    0.000    0.000
47672  4466  1683      NaN    0.000    0.000
47674  4516  1664      NaN    0.826    2.535
47675  4410  1709      NaN    0.000    0.000
47677  4427  1780      NaN    1.442    2.748
47678  4457  1892    0.005    1.142    3.674
47682  4492  1614      NaN    0.000    0.000
47684  4098  1688      NaN    0.000    0.000
47690  4425  1487      NaN    0.603    1.345
47740  3734  1547      NaN    0.668    2.019
47741  3704  1631      NaN    0.000    0.000
47742  3723  1619      NaN    0.000    0.000
47744  3734  1632      NaN    0.000    0.000
47746  3835  1627      NaN    0.000    0.000
47747  3900  1621    7.489    1.039    2.635
47750  3956  1631      NaN    0.639    1.952
47754  3518  1746      NaN    0.000    0.000
47755  3592  1692      NaN    0.000    0.000
47756  3811  1674      NaN    0.000    0.000
47759  4003  1679      NaN    0.000    0.000
47761  4061  1649      NaN    0.000    0.000
47762  3466  1799      NaN    0.000    0.000
47765  3637  1748      NaN    0.000    0.000
47766  3647  1767      NaN    0.000    0.000
47767  3725  1743      NaN    0.000    0.000
47768  3800  1718      NaN    0.000    0.000
47769  3884  1700      NaN    0.000    0.000
47770  3945  1715      NaN    0.000    0.000
47772  3979  1716      NaN    0.000    0.000
47776  3910  1756      NaN    0.606    2.619
47777  3940  1767      NaN    0.000    0.000
47778  4007  1855      NaN    0.868    2.539
47780  4014  1715      NaN    0.000    0.000
47784  3523  1774      NaN    0.000    0.000
47800  3283  1771      NaN    0.000    0.000
47805  3311  1864      NaN    0.000    0.000
47807  3404  1840      NaN    0.000    0.000
47809  3439  1832      NaN    0.000    0.000
47812  3331  1886      NaN    0.000    0.000
47813  3395  1875      NaN    0.000    0.000
47814  3466  1870      NaN    0.000    0.000
47815  3542  1879      NaN    0.000    0.000
47817  3346  1935      NaN    0.000    0.000
47818  3391  1935    5.189    1.758    3.368
47819  3439  1926      NaN    0.000    0.000
47821  3480  1918    5.066    0.500    2.800
47822  3546  1952      NaN    0.000    0.000
47823  3383  2013      NaN    0.000    0.000
47824  3445  1993      NaN    0.000    0.000
47827  3423  2067      NaN    0.000    0.000
47829  3482  2047      NaN    0.000    0.000
47830  3520  2024      NaN    0.000    0.000
47831  3395  2099    5.474    0.687    3.642
47835  3518  2064    7.030    0.632    3.390
47836  3436  2198      NaN    0.994    3.329
47837  3471  2161      NaN    0.000    0.000
47838  3365  1995      NaN    0.000    0.000
47842  3176  2019      NaN    0.000    0.000
47843  3230  1939      NaN    0.000    0.000
47887  3673  1810      NaN    0.000    0.000
47890  3781  1761      NaN    0.000    0.000
47891  3815  1758      NaN    0.000    0.000
47892  3647  1879      NaN    0.000    0.000
47893  3759  1842      NaN    0.000    0.000
47895  3872  1786      NaN    0.000    0.000
47897  3663  1914    8.001    0.000    0.000
47898  3699  1937      NaN    0.000    0.000
47899  3830  1877      NaN    0.000    0.000
47909  3305  2422      NaN    0.752    3.735
47912  2579  2861      NaN    3.255    4.306
47917  2663  2864      NaN    0.000    0.000
47918  2708  2876      NaN    0.000    0.000
47927  2833  2823      NaN    0.000    0.000
47929  3003  2652      NaN    1.981    4.881
47936  3102  2667      NaN    0.000    0.000
47940  3133  2622      NaN    0.000    0.000
47942  3215  2528      NaN    1.184    4.510
47945  3499  2708      NaN    1.539    5.029
47971  4726  2566      NaN    0.000    0.000
48803   445  3081    5.375    1.187    7.413
48806   438  3212    1.437    1.935    6.519
48808   701  3062    3.641    1.742    4.813
48820   651  3245      NaN    0.000    0.000
48823   690  3312    3.283    0.000    0.000
48826   744  3271    2.739    1.874    5.287
48830   759  3156    3.161    1.877    5.400
48839   865  3346      NaN    0.000    0.000
48921   212  3178    3.933    2.148    4.313
48924   165  3243    6.384    3.803    4.894
48925   225  3284    1.553    1.677    6.703
48927   475  3314    3.301    2.010    6.474
50527  2213    89      NaN    0.000    0.000
50548  2657    91      NaN    0.777    2.174
50557  2827    94    2.830    0.874    2.090
50564  3064    64    1.690    0.755    1.732
50603  1884   150    1.643    0.768    2.219
50632  2456   139    0.293    0.842    1.490
50658  2900   219    2.809    0.000    0.000
50727  2234   318    1.980    0.710    1.103
50745  2680   294      NaN    0.000    0.000
50756  3021   288    2.998    0.697    2.484
50774  3238   257    3.644    0.248    1.752
50788  3583   311    2.406    0.713    1.906
50844  2624   404    3.404    0.510    3.465
50854  2836   406    3.605    0.526    2.761
50888  3606   414    3.295    0.697    1.877
50915  1901   503    2.578    0.716    2.268
50949  2786   552    3.638    0.584    2.881
50953  2999   477    3.549    0.697    2.787
50963  3219   453    2.590    0.723    2.158
50968  3133   537      NaN    0.000    0.000
50978  3466   527      NaN    0.000    0.000
50983  3693   475      NaN    0.000    0.000
52267   120   903      NaN    0.000    0.000
52378   266   968      NaN    0.000    0.000
52495   505  1037      NaN    0.000    0.000
52652    50  1240      NaN    0.000    0.000
52681   346  1274    3.682    0.248    7.123
52754    16  1420    3.406    1.255    3.290
52787   322  1435    3.904    0.913    3.561
52866   199  1500      NaN    0.000    0.000
52889   436  1563      NaN    0.000    0.000
52955    85  1616    3.447    0.729    3.884
52983   466  1584    4.452    0.790    4.487
52996   561  1638    4.036    1.052    3.561
53068  1345   712      NaN    0.529    3.332
53083  1586   604    0.966    0.603    2.516
53149  1136   837      NaN    0.406    3.948
53192  1675   671    1.393    0.658    2.781
53231   716   959      NaN    0.000    0.000
53276  1446   852      NaN    0.510    3.390
53336   955   946      NaN    0.429    4.916
53352  1170   931    3.673    0.539    4.084
53391  1569   908    3.944    0.703    3.410
53463  1310  1030      NaN    0.000    0.000
53480  1464  1005    4.105    0.661    3.994
53487  1494  1110      NaN    0.000    0.000
53502   645  1145      NaN    0.223    5.823
53513   830  1035      NaN    0.000    0.000
53529   895  1222      NaN    0.455    4.842
53543  1119  1140      NaN    0.000    0.000
53564  1250  1190      NaN    0.558    5.081
53588  1515  1239    2.571    0.694    4.765
53593  1632  1140      NaN    0.000    0.000
53614   695  1293    4.101    0.332    5.874
53646  1097  1315    4.010    0.594    5.445
53673  1423  1261      NaN    0.000    0.000
53698  1616  1341      NaN    0.000    0.000
53705   638  1403    4.605    0.368    6.094
53723   828  1367    3.661    0.432    4.845
53764  1244  1401      NaN    0.000    0.000
53772  1407  1369      NaN    0.000    0.000
53787  1455  1450    4.694    0.642    5.677
53798  1625  1450      NaN    0.000    0.000
53845  1065  1502    5.027    0.581    5.542
53863  1336  1453      NaN    0.000    0.000
53898  1614  1563    5.105    0.397    6.458
53915   748  1619      NaN    0.000    0.000
53923   856  1599      NaN    0.000    0.000
53959  1239  1675    4.930    0.626    6.184
53975  1390  1627      NaN    0.000    0.000
54012  1972   608    1.661    0.784    2.152
54026  2342   610      NaN    0.481    3.548
54027  2174   675    3.447    0.639    2.877
54049  2685   645    2.937    0.565    2.871
54094  3316   610      NaN    0.000    0.000
54096  3490   630      NaN    0.000    0.000
54102  1806   679    2.872    0.687    2.484
54115  2024   718    3.254    0.726    2.732
54135  2495   718      NaN    0.523    3.487
54157  2726   764    3.857    0.661    2.900
54161  2825   684      NaN    0.000    0.000
54186  3159   744      NaN    0.000    0.000
54208  1845   876    3.787    0.732    3.023
54218  2125   867      NaN    0.000    0.000
54226  2319   860    3.741    0.490    3.681
54236  2525   850    3.440    0.458    3.184
54259  2795   886    4.604    0.806    2.516
54273  2997   787    2.211    0.852    2.048
54292  3305   800    4.317    0.823    2.568
54308  1864   987    4.772    0.539    3.852
54311  1989   904      NaN    0.000    0.000
54324  2291   947    4.428    0.361    4.439
54337  2366   994      NaN    0.000    0.000
54342  2635   927    3.849    0.632    3.374
54346  2665   974      NaN    0.000    0.000
54374  3016   929    0.935    0.465    1.606
54377  2930   998    4.533    0.974    2.287
54386  3156   970    3.146    1.016    1.571
54401  1668  1033      NaN    0.000    0.000
54405  1737  1074      NaN    0.000    0.000
54423  2011  1011      NaN    0.000    0.000
54436  2123  1076    5.237    0.261    4.965
54471  2484  1046      NaN    0.000    0.000
54493  2777  1041    4.833    0.971    2.890
54497  2726  1115      NaN    0.000    0.000
54511  1825  1128      NaN    0.000    0.000
54527  1924  1222      NaN    0.000    0.000
54534  2028  1160      NaN    0.000    0.000
54539  2118  1184      NaN    0.000    0.000
54587  2601  1227      NaN    0.000    0.000
54602  1744  1250      NaN    0.000    0.000
54618  1855  1336      NaN    0.000    0.000
54662  2424  1244      NaN    0.000    0.000
54715  1856  1420      NaN    0.000    0.000
54725  1965  1401    5.242    0.287    6.684
54751  2321  1352      NaN    0.000    0.000
54753  2276  1388      NaN    0.000    0.000
54776  2542  1412      NaN    1.006    2.826
54808  1756  1543    5.886    0.506    6.235
54823  1911  1502    5.566    0.500    5.748
54826  1916  1541      NaN    0.000    0.000
54836  2034  1548      NaN    0.000    0.000
54843  2150  1483      NaN    0.000    0.000
54857  2278  1562      NaN    0.000    0.000
54863  2374  1483    4.857    0.629    3.745
54909  1744  1674    6.456    0.358    5.429
54916  1888  1618      NaN    0.000    0.000
54929  2011  1653    5.322    0.558    5.123
54945  2189  1632    4.793    0.000    0.000
56065   180  1711    3.515    1.281    2.990
56079   333  1840    4.044    1.442    3.313
56080   326  1681    4.333    1.345    3.174
56096   552  1860    4.552    0.000    0.000
56146     1  2060    3.680    1.074    4.139
56152    38  1985    3.382    1.271    3.929
56167   126  2131    3.956    0.852    5.081
56172   251  2028    2.709    0.939    4.684
56182   400  1944    5.299    1.513    3.455
56187   430  2163      NaN    0.000    0.000
56193   507  1970    3.229    1.113    2.558
56196   531  2079      NaN    0.000    0.000
56257    31  2241    4.357    1.368    4.874
56287   337  2243    5.870    1.194    5.084
56357    35  2347    4.504    1.774    4.819
56374   221  2235    2.995    0.552    4.700
56385   374  2295    7.585    0.842    3.619
56462   169  2353    2.041    0.416    4.110
56492   516  2375    5.164    0.503    8.071
56571   255  2476      NaN    0.000    0.000
56586   421  2540    4.828    1.081    8.281
56651    25  2596    6.139    0.300    5.423
56671   253  2616    5.894    0.445   10.568
56684   369  2642    6.234    0.690    9.042
56691   481  2592    5.358    1.016    9.558
56751    22  2723      NaN    1.252    7.865
56763   210  2719    0.005    0.548    9.587
56768   171  2799    0.987    0.890    5.045
56778   302  2799      NaN    0.000    0.000
56786   430  2736    5.675    0.797    8.845
56886   423  2853    5.572    1.171    8.303
56951    25  2919      NaN    3.729    5.152
56959    89  3137      NaN    0.000    0.000
56964   111  3051    6.492    0.832    8.200
56966   223  2958    0.118    0.739    9.090
56969   178  3193    4.946    2.152    6.194
56977   204  3068    5.554    4.148    5.977
56985   380  2982      NaN    0.000    0.000
57006   645  1728      NaN    0.000    0.000
57014   658  1730      NaN    0.000    0.000
57016   800  1754      NaN    0.000    0.000
57025   828  1735    6.237    0.652    5.116
57046  1130  1739    5.736    0.729    6.326
57067  1237  1787    5.347    0.752    4.784
57071  1394  1702    5.491    0.448    5.961
57083  1530  1713      NaN    0.000    0.000
57127   789  1898    5.552    0.000    0.000
57131  1005  1744      NaN    0.565    6.632
57178  1410  1901      NaN    0.000    0.000
57193  1627  1817    6.045    0.429    6.687
57237   901  2010    6.187    0.955    4.739
57245  1013  1937      NaN    0.000    0.000
57259  1207  2013    6.176    0.381    3.145
57265  1308  1974      NaN    0.000    0.000
57279  1420  2000    5.793    1.506    3.919
57290  1571  1905      NaN    0.000    0.000
57297  1575  2002      NaN    0.000    0.000
57306   669  2064      NaN    0.748    6.419
57328   841  2107      NaN    0.000    0.000
57348  1069  2127    6.260    1.010    4.487
57378  1408  2110      NaN    0.603    5.487
57399  1677  2108    4.908    0.777    4.629
57411   682  2151      NaN    0.000    0.000
57426   875  2164    6.253    0.987    5.952
57447  1061  2209    6.179    1.129    4.023
57461  1267  2163      NaN    0.000    0.000
57476  1362  2202      NaN    0.000    0.000
57494  1584  2172      NaN    0.000    0.000
57503   574  2284    4.935    0.497    8.326
57504   567  2288      NaN    0.000    0.000
57516   725  2288      NaN    0.000    0.000
57554  1140  2308    5.455    0.410    2.665
57584  1466  2310      NaN    0.000    0.000
57598  1634  2349    3.788    0.868    3.619
57602   610  2366      NaN    0.000    0.000
57604   604  2377    6.031    0.000    0.000
57633   983  2372    6.699    1.290    3.758
57655  1166  2413    5.070    1.103    3.965
57662  1310  2347      NaN    0.000    0.000
57687  1442  2439      NaN    0.000    0.000
57707   587  2543    5.730    1.548    6.581
57712   779  2495    2.577    1.726    5.048
57713   772  2499    2.290    1.974    5.571
57731   925  2471    3.974    1.406    3.713
57745  1086  2527    3.096    1.171    3.890
57766  1285  2551    4.713    1.200    4.190
57776  1423  2543    4.199    0.690    2.365
57793  1612  2487    5.415    0.000    0.000
57799  1677  2564      NaN    0.000    0.000
57816   755  2624      NaN    0.000    0.000
57832   972  2581    2.964    1.494    3.765
57845  1097  2670    2.935    0.694    2.326
57853  1192  2607    3.396    0.000    0.000
57866  1302  2663      NaN    0.000    0.000
57902   582  2752    5.730    1.481    7.065
57916   759  2752    4.149    1.842    4.935
57922   847  2708    4.477    0.932    2.468
57932   957  2693    3.607    1.674    3.797
57957  1155  2764    2.697    0.000    0.000
57972  1461  2711    3.555    1.594    4.045
57993  1681  2704    4.575    1.561    4.852
58027  1922  1761      NaN    0.000    0.000
58040  2144  1698      NaN    0.000    0.000
58102  1767  1806      NaN    0.000    0.000
58141  2133  1830    5.325    0.668    4.348
58144  2133  1838      NaN    0.000    0.000
58150  2269  1819    5.727    0.755    3.697
58203  1763  1920    6.537    1.265    3.813
58208  1750  1998    5.844    0.726    5.177
58221  1948  1914    6.487    0.771    5.326
58238  2118  2024    4.601    0.968    4.158
58251  2273  1922      NaN    0.000    0.000
58265  2420  2010    5.932    0.000    0.000
58314  1830  2084      NaN    0.000    0.000
58321  1939  2041    5.513    0.994    4.613
58338  2082  2112    6.123    1.000    4.365
58345  2183  2080      NaN    0.000    0.000
58362  2403  2082      NaN    0.000    0.000
58424  1911  2181      NaN    0.000    0.000
58437  2034  2226    7.597    0.594    2.600
58457  2260  2215      NaN    0.000    0.000
58472  2515  2159      NaN    0.000    0.000
58477  2478  2237    3.253    0.000    0.000
58506  1791  2288    3.349    0.439    3.116
58527  1927  2319      NaN    0.000    0.000
58543  2131  2284      NaN    0.000    0.000
58556  2332  2286      NaN    0.000    0.000
58569  2459  2331      NaN    0.000    0.000
58606  1784  2398    5.260    1.116    4.681
58633  2114  2357      NaN    0.000    0.000
58646  2232  2415    5.947    1.374    4.194
58660  2368  2370      NaN    0.000    0.000
58666  2452  2415      NaN    0.826    2.258
58715  1866  2512    5.271    1.197    4.474
58725  1957  2540    3.592    0.658    2.213
58730  2021  2491    3.862    0.526    2.748
58731  2077  2474    5.565    0.632    2.258
58752  2314  2489    5.068    0.000    0.000
58754  2263  2540      NaN    0.000    0.000
58813  1830  2594    5.077    1.252    4.297
58834  2034  2618      NaN    0.900    2.806
58847  2161  2680      NaN    0.000    0.000
58849  2234  2670      NaN    2.490    4.887
58853  2319  2577      NaN    0.000    0.000
58911  1834  2706    4.331    1.281    4.684
58921  1944  2693    5.226    0.000    0.000
58926  1950  2767      NaN    1.948    3.513
58931  2028  2721    4.357    1.813    3.545
58944  2217  2743    4.619    0.000    0.000
58968  2411  2797      NaN    0.000    0.000
58974  2472  2730      NaN    0.000    0.000
59007   568  2906    5.005    1.597    8.029
59023   901  2835    3.242    0.000    0.000
59046  1054  2874      NaN    0.000    0.000
59058  1179  2891    2.304    1.648    4.748
59072  1386  2823      NaN    0.000    0.000
59082  1524  2838    3.288    0.752    2.500
59087  1515  2926      NaN    0.000    0.000
59096  1623  2872    4.311    1.429    4.271
59102  1754  2807    4.149    1.519    4.329
59117  1806  2879      NaN    0.000    0.000
59134  2026  2859      NaN    0.000    0.000
59152  2349  2823      NaN    0.000    0.000
59158  2318  2896      NaN    0.000    0.000
59162  2437  2827      NaN    0.000    0.000
59209   667  2991    6.060    1.590    5.239
59211   740  2924    4.184    0.000    0.000
59254  1130  2980      NaN    0.000    0.000
59265  1267  2971    3.269    2.042    6.065
59278  1397  3019    3.588    0.000    0.000
59287  1494  3006      NaN    0.000    0.000
59293  1651  2935    3.337    2.203    5.426
59316  1870  2980      NaN    0.000    0.000
59348  2204  2995      NaN    0.894    5.494
59353  2331  2967    5.699    2.100    5.000
59358  2265  3025      NaN    0.000    0.000
59362  2422  2911      NaN    0.000    0.000
59368  2394  3014      NaN    0.000    0.000
59417   757  3096    3.083    1.487    4.894
59431   921  3066    2.965    1.890    5.671
59456  1226  3098    4.062    2.023    5.145
59493  1580  3075      NaN    0.000    0.000
59501  1722  3049      NaN    0.000    0.000
59554  2271  3068      NaN    0.000    0.000
59556  2342  3098      NaN    0.000    0.000
59559  2325  3137    1.111    2.016    6.784
59562  2370  3053      NaN    0.000    0.000
59567  2415  3133    3.763    0.000    0.000
59632   966  3143    3.088    0.000    0.000
59644  1020  3195      NaN    0.000    0.000
59658  1155  3232    0.703    2.174    5.368
59663  1341  3156    3.598    1.887    4.923
59673  1431  3167      NaN    0.000    0.000
59758  1149  3361      NaN    0.000    0.000
59792  1873  3286      NaN    0.000    0.000
