30949  1341    50    4.021    1.767    9.177
30967  1765    12    4.523    0.853   11.197
30978  2060    20    4.342    1.180   10.597
31583  3352    25    5.096    1.133    4.893
31587  3210    44    5.239    5.720    7.063
31594  3370    66    3.459    2.493    7.217
31618  3637   111    6.141    4.207    5.153
31624  3723    68    5.023    4.513    5.467
31632  3880     8    6.102    2.223    4.433
31636  3891    51    5.137    5.500    5.993
31655  4096    63      NaN    2.877    7.190
31702  3482   113    5.459    4.957    5.280
31703  3555   113    5.773    3.447    4.990
31707  3469   255    5.384    3.410    5.850
31710  3654   231    4.539    4.307    5.470
31713  3691   143    4.294    3.313    5.067
31725  3790   156    5.963    6.070    6.517
31733  4020   134      NaN    6.727    7.020
31735  3940   167    5.830    2.997    5.733
31754  4151   158    6.186    3.953    5.230
31770  4515   113      NaN    2.147    4.187
31786  3900   275    5.892    4.213    5.100
31788  3846   320    5.790    2.693    5.647
31792  3992   251    6.162    2.503    5.440
31801  4054   262    6.508    3.363    4.853
31823  4429   229      NaN    0.000    0.000
31825  4302   270    5.801    3.860    5.203
31829  4367   302      NaN    0.000    0.000
31832  3839   359    4.818    2.907    6.060
31845  3956   389    6.213    4.483    5.427
31866  4294   389    7.285    2.460    3.987
31873  3779   464    4.834    3.383    5.740
31878  3757   552    5.033    3.180    5.987
31884  3839   514    6.336    2.640    5.077
31909  4100   561      NaN    2.483    4.060
31913  3583   537      NaN    0.000    0.000
31915  3516   628    6.697    2.347    6.753
31917  3508   669    4.766    2.160    7.210
31921  3592   593      NaN    2.447    7.467
31924  3592   624    4.164    2.533    6.763
31931  3706   583    5.123    3.047    6.503
31935  3751   626    5.769    4.077    5.283
31939  3794   656    5.421    2.573    5.953
31958  3971   645    6.435    3.143    4.663
31959  4016   632      NaN    0.000    0.000
31960  3578   772      NaN    0.000    0.000
31961  3581   686    5.651    2.470    6.363
31969  3451   824      NaN    0.000    0.000
31977  3591   755      NaN    3.100    4.620
31981  3704   677    7.085    2.243    7.183
31987  3699   768    7.764    1.037    4.253
31989  3798   796      NaN    0.000    0.000
31994  3828   720    7.597    3.007    4.893
32088  4709   106      NaN    0.000    0.000
32098  4828    89      NaN    0.000    0.000
32099  5011   152      NaN    0.000    0.000
32121  4727   227      NaN    0.000    0.000
32128  4711   331      NaN    0.000    0.000
32133  4795   300    5.937    2.383    4.577
32150  4785   343    6.416    0.000    0.000
44230   225    50    3.914    0.703   12.490
44231    20    42    4.242    0.863   11.530
44232   303    70    5.631    0.570   11.770
44237   156   165    3.726    0.633   10.800
44239   399   135    4.423    1.467    9.927
44241   680   122    4.669    0.703   10.890
44256  1614    51    3.993    0.847   11.133
44259  1631   216    4.204    0.763   11.520
44282   165   287    4.950    0.757   10.737
44284    16   371    4.402    0.523   11.933
44285   311   348    3.874    0.653   10.763
44287    78   434    3.888    0.593   14.213
44288   313   419    4.110    0.667   12.787
44292   770   234      NaN    0.000    0.000
44294   839   303    4.005    0.740   13.263
44298   921   399    3.758    0.547   13.967
44302  1358   249    4.524    1.027   10.270
44304  1192   302    4.052    0.657   12.373
44305  1489   372    3.197    0.900   12.657
44313  2086   268    4.943    0.993    9.417
44314  1752   318    4.004    0.760   10.720
44317  1722   460    3.823    0.780   10.687
44336   438   511      NaN    0.573   14.710
44341   705   475    3.876    0.567   14.623
44347   596   626      NaN    0.633   14.863
44352  1386   479    3.322    0.807   13.530
44354  1134   572    3.166    0.677   14.477
44358  1334   703    2.948    0.713   13.000
44373   496   720      NaN    0.000    0.000
45004  1588  3102      NaN    0.000    0.000
45005  1588  3103      NaN    0.000    0.000
45007  1560  3102      NaN    0.000    0.000
45011  1520  3118      NaN    0.000    0.000
45013  1520  3118      NaN    0.000    0.000
45018  1520  3122      NaN    0.000    0.000
45020  1517  3116      NaN    0.000    0.000
45031  1618  3075      NaN    2.753    4.743
45032  1586  3077    2.387    2.383    4.637
45033  1603  3077      NaN    4.307    6.380
45034  1595  3083    2.795    4.017    5.040
45035  1567  3085      NaN    0.000    0.000
45036  1608  3085      NaN    0.000    0.000
45037  1590  3087      NaN    0.000    0.000
45038  1565  3092      NaN    0.000    0.000
45039  1591  3092      NaN    0.000    0.000
45040  1599  3094      NaN    0.000    0.000
45041  1597  3102      NaN    0.000    0.000
45042  1558  3103      NaN    0.000    0.000
45043  1588  3109      NaN    0.000    0.000
45044  1571  3115      NaN    0.000    0.000
45045  1603  3116      NaN    0.000    0.000
47003  3406   862      NaN    2.153    4.397
47005  3171   918    6.481    1.460    3.263
47008  3340   921      NaN    0.000    0.000
47014  3012   921    6.224    2.080    5.590
47016  3156   964      NaN    0.000    0.000
47020  2980  1013    6.544    1.207    3.857
47022  3154  1030    9.095    1.823    4.363
47025  3271  1046      NaN    1.403    4.093
47028  2794  1071      NaN    1.507    8.200
47031  3053  1080    6.189    1.830    3.990
47035  2732  1110      NaN    0.000    0.000
47037  2829  1123    5.948    1.233    9.417
47039  2941  1102    5.501    1.597    7.570
47041  3087  1128    4.715    2.203    7.437
47046  3158  1117      NaN    0.000    0.000
47050  2874  1164      NaN    0.930   10.483
47052  2986  1209    7.029    1.300    7.577
47055  3074  1212      NaN    0.790    5.950
47058  2889  1229      NaN    0.000    0.000
47060  2844  1265      NaN    0.000    0.000
47061  3158  1263    7.753    0.000    0.000
47065  2887  1287      NaN    0.000    0.000
47067  2973  1289    4.733    1.443    9.163
47068  2788  1328    5.887    2.353    8.660
47069  2879  1341    6.283    0.697   10.790
47070  2976  1349    5.378    0.717   10.617
47075  3057  1298    5.185    1.470    7.903
47090  3200  1317      NaN    0.000    0.000
47092  3212  1338    6.533    3.030    7.263
47095  3059  1328    5.951    2.360    7.597
47097  3079  1427    4.928    2.093    8.323
47098  3032  1356      NaN    0.000    0.000
47099  2997  1358      NaN    0.000    0.000
47100  3217  1380    5.312    1.987    6.697
47101  3107  1356      NaN    0.000    0.000
47102  2760  1349      NaN    5.953    7.803
47104  3232  1367    6.853    2.063    5.150
47105  3236  1373      NaN    0.000    0.000
47106  3262  1401      NaN    0.000    0.000
47108  3019  1394      NaN    0.000    0.000
47110  3001  1394      NaN    0.000    0.000
47112  2982  1403      NaN    0.000    0.000
47113  2962  1405      NaN    1.020   10.477
47114  3131  1420    5.969    0.000    0.000
47115  3464  1401      NaN    3.757    4.657
47119  3023  1427      NaN    0.000    0.000
47121  3187  1436    4.928    2.273    6.090
47127  3131  1461      NaN    0.000    0.000
47129  2969  1481    5.629    0.523   10.380
47130  3296  1459      NaN    0.000    0.000
47131  3074  1498      NaN    0.000    0.000
47133  3066  1528      NaN    0.000    0.000
47135  3135  1545    5.707    3.047    6.267
47136  3215  1506    5.749    2.863    6.730
47137  3154  1524    6.976    2.823    7.143
47138  3292  1565      NaN    0.000    0.000
47140  2997  1569      NaN    0.000    0.000
47143  3206  1582      NaN    0.000    0.000
47145  3038  1483    5.513    2.293    7.890
47146  3042  1590      NaN    0.000    0.000
47150  2975  1532    6.871    1.603    9.447
47151  3288  1614      NaN    0.000    0.000
47152  3284  1619      NaN    0.000    0.000
47154  3172  1556      NaN    0.000    0.000
47155  3200  1662      NaN    0.000    0.000
47156  3012  1662      NaN    0.000    0.000
47157  3126  1606    6.519    2.233    6.220
47159  3253  1670      NaN    0.000    0.000
47162  3186  1698      NaN    0.000    0.000
47163  2954  1683      NaN    0.000    0.000
47165  2956  1702      NaN    0.000    0.000
47167  3094  1700      NaN    0.000    0.000
47168  3107  1711      NaN    0.000    0.000
47169  2851  1716      NaN    3.387    5.480
47170  2991  1750      NaN    5.183    6.567
47171  3010  1619      NaN    0.000    0.000
47172  2991  1632      NaN    1.227    8.810
47173  3062  1636    5.363    2.740    5.590
47174  3051  1674      NaN    3.553    5.407
47175  2948  1741    4.822    5.590    6.950
47182  2969  1847      NaN    0.000    0.000
47184  2971  1849      NaN    0.000    0.000
47185  2930  1873      NaN    0.000    0.000
47188  3010  1862      NaN    1.933    3.870
47189  2975  1879      NaN    0.000    0.000
47192  3150  1659      NaN    0.000    0.000
47401  4670   514      NaN    0.000    0.000
47402  4770   568    8.949    2.333    4.860
47404  4671   632      NaN    0.000    0.000
47405  4813   608    9.162    2.147    7.120
47406  4664   679      NaN    0.000    0.000
47407  4746   701      NaN    0.000    0.000
47409  4961   671      NaN    2.220    7.193
47411  4595   764      NaN    0.000    0.000
47412  4630   778      NaN    0.000    0.000
47413  4681   761      NaN    2.473    4.920
47417  4841   794      NaN    0.000    0.000
47418  4972   787      NaN    0.000    0.000
47421  4505   807      NaN    4.130    5.767
47423  4591   862      NaN    0.000    0.000
47424  4655   828      NaN    0.000    0.000
47426  4793   878    7.130    0.000    0.000
47428  4494   912      NaN    0.000    0.000
47430  4565   918      NaN    0.000    0.000
47433  4565   796      NaN    0.000    0.000
47435  4856   634      NaN    0.000    0.000
47440  4852   863      NaN    0.000    0.000
47512  4673  1226    7.602    2.717    4.353
47520  4516  1261    6.345    2.343    6.667
47570  4472  1403      NaN    0.000    0.000
47574  4474  1048      NaN    4.143    6.093
47575  4567  1030      NaN    0.000    0.000
47576  4617   977    6.572    1.410    3.423
47581  4651  1061      NaN    0.000    0.000
47582  4492  1153      NaN    0.000    0.000
47584  4612  1155      NaN    0.000    0.000
47585  4701  1160    7.030    1.717    3.943
47587  4464  1242      NaN    0.000    0.000
47588  4520  1317      NaN    0.000    0.000
47590  4582  1315      NaN    0.000    0.000
47592  4627  1296      NaN    0.000    0.000
47595  4533  1371      NaN    0.000    0.000
47597  4505  1442      NaN    0.000    0.000
47598  4582  1463      NaN    0.000    0.000
47600  4134  1412      NaN    0.000    0.000
47602  4283  1341      NaN    0.000    0.000
47604  4375  1354      NaN    0.000    0.000
47605  4104  1504      NaN    0.000    0.000
47606  4151  1479      NaN    0.000    0.000
47607  4167  1489      NaN    0.000    0.000
47610  4279  1494      NaN    0.000    0.000
47612  4285  1446    5.913    2.337    6.997
47615  4466  1507      NaN    0.000    0.000
47616  4057  1563      NaN    0.000    0.000
47617  4173  1552      NaN    0.000    0.000
47618  4253  1541      NaN    0.000    0.000
47620  4270  1563      NaN    0.000    0.000
47622  4319  1530      NaN    0.000    0.000
47624  4376  1524      NaN    0.000    0.000
47626  4412  1552      NaN    0.000    0.000
47629  4533  1526      NaN    0.000    0.000
47631  4040  1608      NaN    0.000    0.000
47632  4119  1636      NaN    0.000    0.000
47636  4141  1662      NaN    0.000    0.000
47637  4236  1623      NaN    0.000    0.000
47638  4319  1606      NaN    0.000    0.000
47639  4339  1640      NaN    0.000    0.000
47640  4343  1625      NaN    0.000    0.000
47641  4376  1571      NaN    0.000    0.000
47648  4576  1599      NaN    0.000    0.000
47649  4050  1707      NaN    0.000    0.000
47651  4091  1711      NaN    0.000    0.000
47653  4156  1722      NaN    0.000    0.000
47654  4225  1713      NaN    0.000    0.000
47655  4281  1726      NaN    0.000    0.000
47656  4302  1683      NaN    0.000    0.000
47657  4362  1668      NaN    0.000    0.000
47662  4455  1604      NaN    0.000    0.000
47663  4055  1786      NaN    2.173    3.807
47666  4352  1726      NaN    0.000    0.000
47668  4380  1675      NaN    1.540    4.020
47670  4442  1632      NaN    0.000    0.000
47672  4466  1683      NaN    0.000    0.000
47674  4516  1664      NaN    2.100    3.837
47675  4410  1709    2.437    0.000    0.000
47677  4427  1780      NaN    2.743    4.137
47678  4457  1892    4.292    1.830    2.863
47682  4492  1614      NaN    0.000    0.000
47684  4098  1688      NaN    0.000    0.000
47690  4425  1487      NaN    1.633    4.267
47740  3734  1547      NaN    2.830    4.667
47741  3704  1631      NaN    0.000    0.000
47742  3723  1619      NaN    0.000    0.000
47744  3734  1632      NaN    0.000    0.000
47746  3835  1627      NaN    0.000    0.000
47747  3900  1621    6.796    2.290    5.197
47750  3956  1631      NaN    1.857    4.153
47754  3518  1746      NaN    0.000    0.000
47755  3592  1692      NaN    0.000    0.000
47756  3811  1674      NaN    0.000    0.000
47759  4003  1679      NaN    0.000    0.000
47761  4061  1649      NaN    0.000    0.000
47762  3466  1799      NaN    0.000    0.000
47765  3637  1748      NaN    0.000    0.000
47766  3647  1767      NaN    0.000    0.000
47767  3725  1743      NaN    0.000    0.000
47768  3800  1718      NaN    0.000    0.000
47769  3884  1700      NaN    0.000    0.000
47770  3945  1715      NaN    0.000    0.000
47772  3979  1716      NaN    0.000    0.000
47776  3910  1756      NaN    1.553    4.117
47777  3940  1767      NaN    0.000    0.000
47778  4007  1855      NaN    2.387    3.710
47780  4014  1715      NaN    0.000    0.000
47784  3523  1774      NaN    0.000    0.000
47800  3283  1771      NaN    0.000    0.000
47805  3311  1864      NaN    0.000    0.000
47807  3404  1840      NaN    0.000    0.000
47809  3439  1832      NaN    0.000    0.000
47812  3331  1886      NaN    0.000    0.000
47813  3395  1875      NaN    0.000    0.000
47814  3466  1870      NaN    0.000    0.000
47815  3542  1879      NaN    0.000    0.000
47817  3346  1935      NaN    0.000    0.000
47818  3391  1935    5.069    2.070    4.623
47819  3439  1926      NaN    0.000    0.000
47821  3480  1918    4.692    2.200    3.357
47822  3546  1952      NaN    0.000    0.000
47823  3383  2013      NaN    0.000    0.000
47824  3445  1993      NaN    0.000    0.000
47827  3423  2067      NaN    0.000    0.000
47829  3482  2047      NaN    0.000    0.000
47830  3520  2024      NaN    0.000    0.000
47831  3395  2099      NaN    1.260    2.817
47835  3518  2064    7.102    1.153    2.973
47836  3436  2198      NaN    1.647    2.970
47837  3471  2161      NaN    0.000    0.000
47838  3365  1995      NaN    0.000    0.000
47842  3176  2019      NaN    0.000    0.000
47843  3230  1939      NaN    0.000    0.000
47887  3673  1810      NaN    0.000    0.000
47890  3781  1761      NaN    0.000    0.000
47891  3815  1758      NaN    0.000    0.000
47892  3647  1879      NaN    0.000    0.000
47893  3759  1842      NaN    0.000    0.000
47895  3872  1786      NaN    0.000    0.000
47897  3663  1914    6.788    0.000    0.000
47898  3699  1937      NaN    0.000    0.000
47899  3830  1877      NaN    0.000    0.000
47909  3305  2422      NaN    1.483    2.860
47912  2579  2861      NaN    3.927    4.793
47917  2663  2864      NaN    0.000    0.000
47918  2708  2876      NaN    0.000    0.000
47927  2833  2823      NaN    0.000    0.000
47929  3003  2652      NaN    3.300    4.020
47936  3102  2667      NaN    0.000    0.000
47940  3133  2622      NaN    0.000    0.000
47942  3215  2528      NaN    3.083    3.943
47945  3499  2708      NaN    2.280    3.027
47971  4726  2566      NaN    0.000    0.000
48803   445  3081    4.637    2.163    3.913
48806   438  3212    2.288    2.033    3.393
48808   701  3062    5.399    1.877    3.127
48820   651  3245      NaN    0.000    0.000
48823   690  3312    5.159    0.000    0.000
48826   744  3271    4.946    2.307    4.727
48830   759  3156    5.782    2.233    3.713
48839   865  3346      NaN    0.000    0.000
48921   212  3178    0.874    2.207    2.600
48924   165  3243    3.792    3.103    3.603
48925   225  3284    1.776    3.903    4.200
48927   475  3314    2.382    2.460    3.700
50527  2213    89      NaN    0.000    0.000
50548  2657    91      NaN    1.163    9.447
50557  2827    94    5.250    1.413   10.050
50564  3064    64    5.295    1.163    8.660
50603  1884   150    3.729    0.917   12.013
50632  2456   139    5.696    1.850    7.960
50658  2900   219    4.954    0.000    0.000
50727  2234   318    7.377    1.647    6.440
50745  2680   294      NaN    0.000    0.000
50756  3021   288    5.101    1.487    9.190
50774  3238   257    7.806    2.260    5.080
50788  3583   311    5.215    1.687    9.773
50844  2624   404    4.639    1.070   11.597
50854  2836   406    4.596    1.010   10.753
50888  3606   414    4.468    1.337   10.493
50915  1901   503    3.677    0.927   11.057
50949  2786   552    5.291    1.597   10.113
50953  2999   477    5.185    2.590    7.887
50963  3219   453    6.089    1.233    9.457
50968  3133   537      NaN    0.000    0.000
50978  3466   527      NaN    0.000    0.000
50983  3693   475      NaN    0.000    0.000
52267   120   903      NaN    0.000    0.000
52378   266   968      NaN    0.000    0.000
52495   505  1037      NaN    0.000    0.000
52652    50  1240      NaN    0.000    0.000
52681   346  1274    3.860    0.847   13.203
52754    16  1420    4.545    1.857    5.230
52787   322  1435    3.972    1.747    7.467
52866   199  1500      NaN    0.000    0.000
52889   436  1563      NaN    0.000    0.000
52955    85  1616    4.444    1.030    8.827
52983   466  1584    4.294    1.620    9.000
52996   561  1638    4.536    1.273    8.810
53068  1345   712      NaN    0.720   13.440
53083  1586   604    4.084    0.820   12.337
53149  1136   837      NaN    0.663   12.787
53192  1675   671    4.445    0.870   11.797
53231   716   959      NaN    0.000    0.000
53276  1446   852      NaN    0.767   12.757
53336   955   946      NaN    0.727   13.233
53352  1170   931    4.470    0.553   12.623
53391  1569   908    4.158    0.803   11.443
53463  1310  1030      NaN    0.000    0.000
53480  1464  1005    4.485    0.813   11.743
53487  1494  1110      NaN    0.000    0.000
53502   645  1145      NaN    0.723   12.783
53513   830  1035      NaN    0.000    0.000
53529   895  1222      NaN    0.690   12.477
53543  1119  1140      NaN    0.000    0.000
53564  1250  1190      NaN    0.840   13.077
53588  1515  1239    5.267    2.390    7.860
53593  1632  1140      NaN    0.000    0.000
53614   695  1293    5.050    0.657   12.397
53646  1097  1315    4.723    0.800   12.427
53673  1423  1261      NaN    0.000    0.000
53698  1616  1341      NaN    0.000    0.000
53705   638  1403      NaN    0.703   12.727
53723   828  1367    4.092    0.660   11.307
53764  1244  1401      NaN    0.000    0.000
53772  1407  1369      NaN    0.000    0.000
53787  1455  1450    5.193    0.777   10.667
53798  1625  1450      NaN    0.000    0.000
53845  1065  1502    5.287    2.040    9.850
53863  1336  1453      NaN    0.000    0.000
53898  1614  1563    4.955    0.867   13.350
53915   748  1619      NaN    0.000    0.000
53923   856  1599      NaN    0.000    0.000
53959  1239  1675    4.406    1.223   12.683
53975  1390  1627      NaN    0.000    0.000
54012  1972   608    4.893    1.127   10.280
54026  2342   610      NaN    1.170   10.170
54027  2174   675    4.295    1.247    9.893
54049  2685   645    3.908    1.090    9.263
54094  3316   610      NaN    0.000    0.000
54096  3490   630      NaN    0.000    0.000
54102  1806   679    4.121    0.790   10.577
54115  2024   718    4.794    1.347    9.527
54135  2495   718      NaN    1.017   10.963
54157  2726   764    4.930    1.470    8.117
54161  2825   684      NaN    0.000    0.000
54186  3159   744      NaN    0.000    0.000
54208  1845   876    4.618    1.207    8.850
54218  2125   867      NaN    0.000    0.000
54226  2319   860    3.906    0.987   10.350
54236  2525   850    4.448    1.150    8.467
54259  2795   886    6.376    2.000    5.143
54273  2997   787    5.076    1.853    6.840
54292  3305   800    5.194    1.883    6.830
54308  1864   987    5.024    1.083    9.007
54311  1989   904      NaN    0.000    0.000
54324  2291   947    5.473    0.957   10.310
54337  2366   994      NaN    0.000    0.000
54342  2635   927    5.897    1.897    8.137
54346  2665   974      NaN    0.000    0.000
54374  3016   929    5.314    2.067    3.850
54377  2930   998    6.524    2.280    5.567
54386  3156   970    6.227    1.883    4.577
54401  1668  1033      NaN    0.000    0.000
54405  1737  1074      NaN    0.000    0.000
54423  2011  1011      NaN    0.000    0.000
54436  2123  1076    6.516    1.963    7.407
54471  2484  1046      NaN    0.000    0.000
54493  2777  1041    6.090    1.727    8.233
54497  2726  1115      NaN    0.000    0.000
54511  1825  1128      NaN    0.000    0.000
54527  1924  1222      NaN    0.000    0.000
54534  2028  1160      NaN    0.000    0.000
54539  2118  1184      NaN    0.000    0.000
54587  2601  1227      NaN    0.000    0.000
54602  1744  1250      NaN    0.000    0.000
54618  1855  1336      NaN    0.000    0.000
54662  2424  1244      NaN    0.000    0.000
54715  1856  1420      NaN    0.000    0.000
54725  1965  1401    5.207    0.793   11.493
54751  2321  1352      NaN    0.000    0.000
54753  2276  1388      NaN    0.000    0.000
54776  2542  1412      NaN    2.330    7.680
54808  1756  1543    5.627    0.943   12.727
54823  1911  1502    4.694    2.347   10.477
54826  1916  1541      NaN    0.000    0.000
54836  2034  1548      NaN    0.000    0.000
54843  2150  1483      NaN    0.000    0.000
54857  2278  1562      NaN    0.000    0.000
54863  2374  1483    4.661    1.653    8.297
54909  1744  1674    5.378    1.133   13.060
54916  1888  1618      NaN    0.000    0.000
54929  2011  1653    5.268    1.210   10.950
54945  2189  1632    5.747    0.000    0.000
56065   180  1711    5.020    1.743    4.907
56079   333  1840    6.116    1.780    4.647
56080   326  1681    5.042    1.873    5.213
56096   552  1860    5.138    0.000    0.000
56146     1  2060    4.636    1.947    5.053
56152    38  1985    3.481    1.883    4.333
56167   126  2131    4.923    2.143    4.603
56172   251  2028      NaN    1.797    3.517
56182   400  1944    6.008    2.177    3.863
56187   430  2163      NaN    0.000    0.000
56193   507  1970    4.714    2.217    3.930
56196   531  2079      NaN    0.000    0.000
56257    31  2241    3.616    2.147    6.373
56287   337  2243    5.715    2.250    5.380
56357    35  2347    3.643    2.643    6.063
56374   221  2235    3.070    1.163    2.540
56385   374  2295      NaN    1.410    3.867
56462   169  2353    2.171    1.323    3.393
56492   516  2375    4.938    1.670    7.773
56571   255  2476      NaN    0.000    0.000
56586   421  2540    5.318    2.297    3.817
56651    25  2596    4.693    0.697    6.220
56671   253  2616    5.175    1.320   10.150
56684   369  2642    5.473    2.443    6.953
56691   481  2592    5.031    2.487    4.333
56751    22  2723      NaN    2.470    6.687
56763   210  2719    0.005    1.187    9.440
56768   171  2799    0.463    1.567    4.850
56778   302  2799      NaN    0.000    0.000
56786   430  2736    4.844    2.397    5.647
56886   423  2853    4.452    2.790    4.743
56951    25  2919      NaN    3.527    4.390
56959    89  3137      NaN    0.000    0.000
56964   111  3051    4.798    2.467    4.353
56966   223  2958    0.005    2.030    3.747
56969   178  3193    1.734    4.083    4.580
56977   204  3068    0.326    3.017    3.847
56985   380  2982      NaN    0.000    0.000
57006   645  1728      NaN    0.000    0.000
57014   658  1730      NaN    0.000    0.000
57016   800  1754      NaN    0.000    0.000
57025   828  1735    4.794    0.927   11.353
57046  1130  1739      NaN    2.247   10.640
57067  1237  1787    4.572    1.010   10.907
57071  1394  1702    4.957    1.213   12.167
57083  1530  1713      NaN    0.000    0.000
57127   789  1898    5.216    0.000    0.000
57131  1005  1744      NaN    0.977   12.627
57178  1410  1901      NaN    0.000    0.000
57193  1627  1817    4.858    1.213   12.867
57237   901  2010    6.516    4.240    7.030
57245  1013  1937      NaN    0.000    0.000
57259  1207  2013    5.150    3.203    4.980
57265  1308  1974      NaN    0.000    0.000
57279  1420  2000    3.970    1.177   10.817
57290  1571  1905      NaN    0.000    0.000
57297  1575  2002      NaN    0.000    0.000
57306   669  2064      NaN    1.327    9.630
57328   841  2107      NaN    0.000    0.000
57348  1069  2127    6.559    4.000    6.837
57378  1408  2110      NaN    1.403    9.897
57399  1677  2108    5.234    2.260    7.110
57411   682  2151      NaN    0.000    0.000
57426   875  2164    5.242    1.993    7.997
57447  1061  2209    5.864    2.460    5.693
57461  1267  2163      NaN    0.000    0.000
57476  1362  2202      NaN    0.000    0.000
57494  1584  2172      NaN    0.000    0.000
57503   574  2284    5.443    1.407    8.550
57504   567  2288      NaN    0.000    0.000
57516   725  2288      NaN    0.000    0.000
57554  1140  2308    4.872    2.957    5.040
57584  1466  2310      NaN    0.000    0.000
57598  1634  2349    2.816    2.667    4.933
57602   610  2366      NaN    0.000    0.000
57604   604  2377    5.562    0.000    0.000
57633   983  2372    5.704    2.217    5.633
57655  1166  2413    5.650    1.607    6.860
57662  1310  2347      NaN    0.000    0.000
57687  1442  2439      NaN    0.000    0.000
57707   587  2543    3.380    1.740    3.243
57712   779  2495    2.990    2.967    5.437
57713   772  2499    5.004    2.067    4.603
57731   925  2471    5.276    2.177    5.387
57745  1086  2527    4.635    2.003    5.257
57766  1285  2551    5.675    2.370    6.307
57776  1423  2543    4.940    1.290    3.880
57793  1612  2487    4.981    0.000    0.000
57799  1677  2564      NaN    0.000    0.000
57816   755  2624      NaN    0.000    0.000
57832   972  2581    5.007    1.910    4.713
57845  1097  2670    4.997    1.587    3.650
57853  1192  2607    5.789    0.000    0.000
57866  1302  2663      NaN    0.000    0.000
57902   582  2752    3.957    2.660    3.850
57916   759  2752    4.755    2.087    4.407
57922   847  2708    4.669    1.173    3.000
57932   957  2693    5.049    2.167    4.300
57957  1155  2764    5.085    0.000    0.000
57972  1461  2711    6.318    2.867    4.687
57993  1681  2704    5.349    3.210    5.277
58027  1922  1761      NaN    0.000    0.000
58040  2144  1698      NaN    0.000    0.000
58102  1767  1806      NaN    0.000    0.000
58141  2133  1830    4.991    1.333   10.440
58144  2133  1838      NaN    0.000    0.000
58150  2269  1819    5.632    1.463    9.600
58203  1763  1920    4.700    1.160   11.090
58208  1750  1998    5.370    3.200    7.720
58221  1948  1914    5.326    1.247   10.517
58238  2118  2024    4.775    1.903    8.283
58251  2273  1922      NaN    0.000    0.000
58265  2420  2010    5.142    0.000    0.000
58314  1830  2084      NaN    0.000    0.000
58321  1939  2041    5.039    1.377    9.140
58338  2082  2112    5.406    2.777    7.387
58345  2183  2080      NaN    0.000    0.000
58362  2403  2082      NaN    0.000    0.000
58424  1911  2181      NaN    0.000    0.000
58437  2034  2226    6.976    3.260    5.010
58457  2260  2215      NaN    0.000    0.000
58472  2515  2159      NaN    0.000    0.000
58477  2478  2237    4.152    0.000    0.000
58506  1791  2288    3.626    1.627    4.260
58527  1927  2319      NaN    0.000    0.000
58543  2131  2284      NaN    0.000    0.000
58556  2332  2286      NaN    0.000    0.000
58569  2459  2331      NaN    0.000    0.000
58606  1784  2398    4.744    2.430    5.647
58633  2114  2357      NaN    0.000    0.000
58646  2232  2415    6.519    2.257    4.157
58660  2368  2370      NaN    0.000    0.000
58666  2452  2415      NaN    2.050    2.717
58715  1866  2512    5.993    2.123    4.710
58725  1957  2540    1.186    2.783    4.110
58730  2021  2491    0.018    1.710    3.280
58731  2077  2474    5.496    1.357    3.130
58752  2314  2489    5.082    0.000    0.000
58754  2263  2540      NaN    0.000    0.000
58813  1830  2594    5.514    2.247    5.147
58834  2034  2618      NaN    3.163    4.577
58847  2161  2680      NaN    0.000    0.000
58849  2234  2670      NaN    3.880    4.827
58853  2319  2577      NaN    0.000    0.000
58911  1834  2706    5.490    2.737    5.280
58921  1944  2693    6.336    0.000    0.000
58926  1950  2767      NaN    6.150    7.060
58931  2028  2721    5.241    4.627    5.893
58944  2217  2743      NaN    0.000    0.000
58968  2411  2797      NaN    0.000    0.000
58974  2472  2730      NaN    0.000    0.000
59007   568  2906    4.609    2.687    4.230
59023   901  2835    5.097    0.000    0.000
59046  1054  2874      NaN    0.000    0.000
59058  1179  2891    4.613    3.120    4.837
59072  1386  2823      NaN    0.000    0.000
59082  1524  2838    4.688    4.063    5.337
59087  1515  2926      NaN    0.000    0.000
59096  1623  2872    5.215    2.353    4.143
59102  1754  2807    5.569    2.133    4.063
59117  1806  2879      NaN    0.000    0.000
59134  2026  2859      NaN    0.000    0.000
59152  2349  2823      NaN    0.000    0.000
59158  2318  2896      NaN    0.000    0.000
59162  2437  2827      NaN    0.000    0.000
59209   667  2991    6.504    1.327    2.760
59211   740  2924    4.787    0.000    0.000
59254  1130  2980      NaN    0.000    0.000
59265  1267  2971    5.992    3.577    4.917
59278  1397  3019    5.389    0.000    0.000
59287  1494  3006      NaN    0.000    0.000
59293  1651  2935    4.671    3.353    5.120
59316  1870  2980      NaN    0.000    0.000
59348  2204  2995      NaN    1.710    3.953
59353  2331  2967      NaN    1.447    2.930
59358  2265  3025      NaN    0.000    0.000
59362  2422  2911      NaN    0.000    0.000
59368  2394  3014      NaN    0.000    0.000
59417   757  3096    4.818    3.117    4.440
59431   921  3066    5.500    2.393    4.123
59456  1226  3098    5.025    2.730    3.623
59493  1580  3075      NaN    0.000    0.000
59501  1722  3049      NaN    0.000    0.000
59554  2271  3068      NaN    0.000    0.000
59556  2342  3098      NaN    0.000    0.000
59559  2325  3137    3.729    2.520    4.480
59562  2370  3053      NaN    0.000    0.000
59567  2415  3133      NaN    0.000    0.000
59632   966  3143    4.725    0.000    0.000
59644  1020  3195      NaN    0.000    0.000
59658  1155  3232    2.857    2.423    3.903
59663  1341  3156    4.807    1.873    3.257
59673  1431  3167      NaN    0.000    0.000
59758  1149  3361      NaN    0.000    0.000
59792  1873  3286      NaN    0.000    0.000
